1  188.333
2  55.0216
3  30.6793
4  18.3891
5  11.6034
6  7.6505
7  5.2026
8  3.6086
9  2.5433
10  1.8237
11  1.3467
12  0.9745
13  0.7358
14  0.546
15  0.4063
16  0.306
17  0.2348
18  0.187
19  0.1304
20  0.1049
21  0.081
22  0.0622
23  0.0454
24  0.0348
25  0.0283
26  0.0226
27  0.0159
28  0.0146
29  0.0108
30  0.0095
31  0.0063
32  0.0055
33  0.0046
34  0.003
35  0.0029
36  0.0025
37  0.0016
38  0.0018
39  0.0012
40  0.0007
41  0.0006
42  0.0002
44  0.0003
45  0.0004
46  0.0004
47  0.0005
49  0.0002
50  0.0003
53  0.0001
55  0.0001
57  0.0001
