1  46.1951
2  10.0022
3  5.7684
4  3.7162
5  2.6081
6  1.9174
7  1.4678
8  1.1694
9  0.9547
10  0.7971
11  0.683
12  0.5869
13  0.5093
14  0.4548
15  0.4025
16  0.3698
17  0.3173
18  0.2826
19  0.266
20  0.253
21  0.2127
22  0.2051
23  0.1874
24  0.1687
25  0.1622
26  0.1575
27  0.1424
28  0.1334
29  0.1282
30  0.1216
31  0.114
32  0.1027
33  0.0992
34  0.0939
35  0.0934
36  0.0869
37  0.0838
38  0.0829
39  0.0774
40  0.0779
41  0.0694
42  0.0631
43  0.0646
44  0.0574
45  0.0567
46  0.0542
47  0.0543
48  0.0513
49  0.0465
50  0.0499
51  0.048
52  0.043
53  0.05
54  0.0417
55  0.0406
56  0.0394
57  0.0401
58  0.038
59  0.0338
60  0.0319
61  0.0371
62  0.0358
63  0.0341
64  0.0305
65  0.0309
66  0.0293
67  0.0318
68  0.0266
69  0.0315
70  0.0295
71  0.0282
72  0.0244
73  0.0245
74  0.0245
75  0.025
76  0.0218
77  0.0214
78  0.0223
79  0.0219
80  0.0193
81  0.0203
82  0.0202
83  0.0195
84  0.0188
85  0.0198
86  0.0191
87  0.0202
88  0.0201
89  0.02
90  0.0193
91  0.0159
92  0.0184
93  0.0193
94  0.0166
95  0.0172
96  0.0181
97  0.0166
98  0.0162
99  0.0157
100  0.0152
101  0.0159
102  0.0155
103  0.0162
104  0.0137
105  0.0139
106  0.0127
107  0.0137
108  0.0132
109  0.0122
110  0.0122
111  0.0121
112  0.0142
113  0.013
114  0.0126
115  0.012
116  0.0109
117  0.0115
118  0.0119
119  0.0094
120  0.0094
121  0.0115
122  0.0116
123  0.0081
124  0.0114
125  0.0087
126  0.0099
127  0.011
128  0.0098
129  0.0087
130  0.0095
131  0.0099
132  0.0099
133  0.0093
134  0.0096
135  0.0102
136  0.0096
137  0.0072
138  0.0091
139  0.0096
140  0.011
141  0.0083
142  0.0072
143  0.0089
144  0.0085
145  0.0069
146  0.0076
147  0.0084
148  0.0093
149  0.0068
150  0.0077
151  0.0072
152  0.0072
153  0.0065
154  0.0069
155  0.0075
156  0.0086
157  0.0072
158  0.0066
159  0.007
160  0.0068
161  0.0061
162  0.0054
163  0.0062
164  0.0052
165  0.0066
166  0.007
167  0.0067
168  0.0059
169  0.0069
170  0.0059
171  0.0068
172  0.0049
173  0.0061
174  0.0046
175  0.0051
176  0.0053
177  0.0065
178  0.0048
179  0.0061
180  0.0051
181  0.0049
182  0.006
183  0.0048
184  0.0053
185  0.0059
186  0.0061
187  0.0044
188  0.0043
189  0.0048
190  0.0044
191  0.0065
192  0.0045
193  0.0045
194  0.0064
195  0.0042
196  0.0053
197  0.0056
198  0.0041
199  0.006
200  0.0055
201  0.0038
202  0.0056
203  0.0047
204  0.0039
205  0.0063
206  0.0051
207  0.0043
208  0.0048
209  0.0036
210  0.0037
211  0.0038
212  0.0047
213  0.0043
214  0.0041
215  0.0043
216  0.0053
217  0.0035
218  0.0046
219  0.0045
220  0.0032
221  0.0037
222  0.004
223  0.0038
224  0.0039
225  0.0046
226  0.0039
227  0.0039
228  0.0046
229  0.0041
230  0.003
231  0.0025
232  0.0041
233  0.0031
234  0.0034
235  0.004
236  0.0042
237  0.0028
238  0.003
239  0.004
240  0.0045
241  0.0039
242  0.0035
243  0.0047
244  0.0026
245  0.0022
246  0.0021
247  0.0035
248  0.0031
249  0.0039
250  0.0026
251  0.0021
252  0.0037
253  0.003
254  0.0023
255  0.0041
256  0.0026
257  0.005
258  0.0038
259  0.0033
260  0.0023
261  0.003
262  0.0032
263  0.0036
264  0.004
265  0.0034
266  0.0022
267  0.0031
268  0.0022
269  0.0022
270  0.0033
271  0.0018
272  0.0041
273  0.0032
274  0.0031
275  0.0023
276  0.0023
277  0.0026
278  0.0023
279  0.0026
280  0.0026
281  0.0027
282  0.0032
283  0.0024
284  0.0026
285  0.0025
286  0.0023
287  0.0029
288  0.0027
289  0.0031
290  0.0023
291  0.0036
292  0.0022
293  0.0034
294  0.0023
295  0.0021
296  0.0025
297  0.0023
298  0.0022
299  0.0021
300  0.0035
301  0.0042
302  0.0023
303  0.0022
304  0.0028
305  0.0023
306  0.003
307  0.0025
308  0.0018
309  0.0024
310  0.0021
311  0.0023
312  0.0023
313  0.0015
314  0.0022
315  0.0014
316  0.0015
317  0.0024
318  0.0021
319  0.0025
320  0.003
321  0.0027
322  0.003
323  0.0023
324  0.0018
325  0.0027
326  0.0019
327  0.0032
328  0.0021
329  0.0021
330  0.0019
331  0.0031
332  0.0027
333  0.002
334  0.0021
335  0.0029
336  0.002
337  0.0022
338  0.0016
339  0.0016
340  0.0022
341  0.002
342  0.0023
343  0.0019
344  0.0025
345  0.0022
346  0.0024
347  0.002
348  0.002
349  0.0014
350  0.0019
351  0.0024
352  0.002
353  0.0021
354  0.0014
355  0.0024
356  0.0011
357  0.0018
358  0.0023
359  0.0017
360  0.0012
361  0.0023
362  0.0016
363  0.0022
364  0.0024
365  0.0012
366  0.0016
367  0.0013
368  0.0017
369  0.0015
370  0.0022
371  0.0023
372  0.002
373  0.002
374  0.0023
375  0.0017
376  0.0017
377  0.0017
378  0.0011
379  0.002
380  0.0017
381  0.0013
382  0.0018
383  0.0017
384  0.0019
385  0.0026
386  0.0019
387  0.0014
388  0.0018
389  0.0015
390  0.0024
391  0.0017
392  0.0013
393  0.0016
394  0.0012
395  0.0011
396  0.0015
397  0.0012
398  0.0019
399  0.0016
400  0.0017
401  0.0017
402  0.0013
403  0.0019
404  0.0019
405  0.0015
406  0.0015
407  0.0018
408  0.0016
409  0.0019
410  0.0013
411  0.0013
412  0.0005
413  0.0015
414  0.0011
415  0.0019
416  0.0021
417  0.0011
418  0.0017
419  0.0011
420  0.0017
421  0.0014
422  0.0015
423  0.0015
424  0.0019
425  0.002
426  0.0013
427  0.0023
428  0.0013
429  0.0016
430  0.0016
431  0.0011
432  0.0015
433  0.0017
434  0.0019
435  0.0013
436  0.0016
437  0.0014
438  0.0017
439  0.0007
440  0.0012
441  0.0018
442  0.001
443  0.0014
444  0.0017
445  0.0022
446  0.0014
447  0.0018
448  0.0008
449  0.0014
450  0.0011
451  0.0017
452  0.0015
453  0.0019
454  0.0016
455  0.0014
456  0.0008
457  0.0013
458  0.0019
459  0.0011
460  0.0013
461  0.0014
462  0.0011
463  0.0013
464  0.0017
465  0.0011
466  0.0016
467  0.0014
468  0.0014
469  0.0016
470  0.0012
471  0.0014
472  0.0016
473  0.0013
474  0.0014
475  0.0016
476  0.0019
477  0.0016
478  0.0023
479  0.0013
480  0.0012
481  0.0019
482  0.0021
483  0.0014
484  0.0019
485  0.0009
486  0.0012
487  0.0022
488  0.0012
489  0.002
490  0.0016
491  0.0014
492  0.0013
493  0.0011
494  0.0016
495  0.0012
496  0.0018
497  0.0015
498  0.0008
499  0.002
500  0.0013
501  0.0014
502  0.0022
503  0.0015
504  0.0008
505  0.0017
506  0.0014
507  0.0009
508  0.0008
509  0.0014
510  0.0014
511  0.0008
512  0.0013
513  0.0014
514  0.001
515  0.001
516  0.001
517  0.0014
518  0.001
519  0.0006
520  0.0013
521  0.0007
522  0.0009
523  0.0014
524  0.0015
525  0.0015
526  0.0015
527  0.0011
528  0.0012
529  0.0009
530  0.0013
531  0.0016
532  0.0014
533  0.0015
534  0.0014
535  0.002
536  0.0017
537  0.0011
538  0.001
539  0.0013
540  0.0008
541  0.0011
542  0.0015
543  0.0012
544  0.0013
545  0.0015
546  0.0009
547  0.0011
548  0.001
549  0.0011
550  0.0012
551  0.0012
552  0.0014
553  0.0012
554  0.0014
555  0.0015
556  0.001
557  0.0011
558  0.0012
559  0.0012
560  0.001
561  0.0012
562  0.0008
563  0.0016
564  0.0012
565  0.0011
566  0.0016
567  0.002
568  0.0018
569  0.001
570  0.0013
571  0.0008
572  0.0016
573  0.0016
574  0.0014
575  0.0009
576  0.0017
577  0.0013
578  0.0013
579  0.0014
580  0.0011
581  0.0012
582  0.0011
583  0.0011
584  0.0014
585  0.0009
586  0.0016
587  0.0013
588  0.0017
589  0.0016
590  0.0017
591  0.0019
592  0.0013
593  0.0014
594  0.0007
595  0.0013
596  0.0015
597  0.0016
598  0.0012
599  0.0017
600  0.0017
601  0.0008
602  0.0019
603  0.0011
604  0.0012
605  0.0017
606  0.0014
607  0.0012
608  0.0014
609  0.0013
610  0.0008
611  0.0011
612  0.0015
613  0.0006
614  0.0011
615  0.0011
616  0.0016
617  0.0014
618  0.0006
619  0.0014
620  0.0013
621  0.0017
622  0.0008
623  0.0012
624  0.0012
625  0.0011
626  0.0011
627  0.0006
628  0.0008
629  0.0013
630  0.0006
631  0.0013
632  0.0015
633  0.0009
634  0.0015
635  0.0013
636  0.0015
637  0.001
638  0.0017
639  0.0006
640  0.0012
641  0.0019
642  0.001
643  0.0006
644  0.0018
645  0.0013
646  0.0007
647  0.0012
648  0.0013
649  0.0011
650  0.0012
651  0.0013
652  0.0013
653  0.0009
654  0.0009
655  0.0015
656  0.0015
657  0.0013
658  0.0006
659  0.0013
660  0.0012
661  0.0015
662  0.0009
663  0.0011
664  0.0016
665  0.0009
666  0.0011
667  0.0011
668  0.0012
669  0.0015
670  0.0011
671  0.001
672  0.0011
673  0.001
674  0.0013
675  0.0008
676  0.0007
677  0.0009
678  0.0009
679  0.0016
680  0.0008
681  0.0013
682  0.002
683  0.0011
684  0.0017
685  0.0009
686  0.0017
687  0.0008
688  0.0012
689  0.0013
690  0.001
691  0.0011
692  0.0011
693  0.0013
694  0.0009
695  0.0011
696  0.0015
697  0.0009
698  0.0001
699  0.0014
700  0.0009
701  0.0014
702  0.0011
703  0.0013
704  0.0015
705  0.0008
706  0.0015
707  0.0013
708  0.0015
709  0.0009
710  0.001
711  0.0009
712  0.0015
713  0.0014
714  0.0009
715  0.0004
716  0.0014
717  0.0008
718  0.0016
719  0.0005
720  0.0014
721  0.0006
722  0.0014
723  0.0014
724  0.0011
725  0.0008
726  0.0009
727  0.0004
728  0.0013
729  0.0008
730  0.0011
731  0.0014
732  0.001
733  0.0009
734  0.0008
735  0.0007
736  0.0011
737  0.0017
738  0.001
739  0.0013
740  0.0014
741  0.0009
742  0.0006
743  0.0017
744  0.0011
745  0.0016
746  0.0015
747  0.001
748  0.0008
749  0.0012
750  0.0012
751  0.0013
752  0.0018
753  0.0007
754  0.0016
755  0.0012
756  0.0008
757  0.0013
758  0.0007
759  0.0013
760  0.0012
761  0.0013
762  0.0011
763  0.0009
764  0.0007
765  0.0011
766  0.0013
767  0.0013
768  0.0007
769  0.0013
770  0.001
771  0.0009
772  0.0008
773  0.0009
774  0.0007
775  0.0011
776  0.0006
777  0.0008
778  0.0016
779  0.0007
780  0.0008
781  0.0012
782  0.0011
783  0.0008
784  0.0012
785  0.0012
786  0.0005
787  0.0016
788  0.0008
789  0.0017
790  0.0011
791  0.0017
792  0.0006
793  0.0009
794  0.0007
795  0.001
796  0.0011
797  0.0009
798  0.0009
799  0.0014
800  0.0008
801  0.0007
802  0.0014
803  0.001
804  0.0012
805  0.0009
806  0.0011
807  0.0018
808  0.0008
809  0.001
810  0.0008
811  0.0013
812  0.0019
813  0.0017
814  0.0013
815  0.0011
816  0.0011
817  0.001
818  0.0013
819  0.0012
820  0.0006
821  0.0012
822  0.0012
823  0.0015
824  0.0006
825  0.0012
826  0.0011
827  0.0014
828  0.001
829  0.0007
830  0.0009
831  0.0009
832  0.001
833  0.0011
834  0.0017
835  0.0008
836  0.0011
837  0.0017
838  0.0012
839  0.0008
840  0.0016
841  0.0011
842  0.0013
843  0.0011
844  0.0008
845  0.001
846  0.0007
847  0.0007
848  0.0008
849  0.0014
850  0.0016
851  0.0008
852  0.0013
853  0.0007
854  0.0013
855  0.0011
856  0.0012
857  0.001
858  0.0012
859  0.0011
860  0.0006
861  0.0009
862  0.0014
863  0.0012
864  0.0011
865  0.0013
866  0.0014
867  0.0013
868  0.0006
869  0.0006
870  0.0013
871  0.001
872  0.0013
873  0.0014
874  0.0011
875  0.0019
876  0.0016
877  0.001
878  0.0018
879  0.0008
880  0.0008
881  0.0008
882  0.0008
883  0.0014
884  0.0014
885  0.0006
886  0.0013
887  0.0014
888  0.0011
889  0.0007
890  0.0008
891  0.0009
892  0.0011
893  0.0014
894  0.0014
895  0.0017
896  0.001
897  0.0008
898  0.0016
899  0.0008
900  0.0004
901  0.0012
902  0.0011
903  0.0011
904  0.0012
905  0.0007
906  0.0012
907  0.0015
908  0.0009
909  0.0011
910  0.0009
911  0.0009
912  0.0016
913  0.0012
914  0.0006
915  0.0014
916  0.0015
917  0.0012
918  0.001
919  0.0015
920  0.0016
921  0.0012
922  0.0015
923  0.0008
924  0.0014
925  0.0016
926  0.0012
927  0.0019
928  0.0013
929  0.0009
930  0.0013
931  0.0007
932  0.0009
933  0.0012
934  0.0018
935  0.0012
936  0.001
937  0.0011
938  0.001
939  0.0011
940  0.0014
941  0.0016
942  0.001
943  0.0008
944  0.001
945  0.0007
946  0.0014
947  0.0013
948  0.0016
949  0.0013
950  0.0017
951  0.0013
952  0.0016
953  0.0007
954  0.0007
955  0.0007
956  0.0017
957  0.0014
958  0.001
959  0.0012
960  0.0009
961  0.0012
962  0.0014
963  0.0012
964  0.001
965  0.0008
966  0.0011
967  0.0012
968  0.0015
969  0.0014
970  0.0007
971  0.0016
972  0.0012
973  0.001
974  0.0008
975  0.0008
976  0.0011
977  0.0018
978  0.0008
979  0.0013
980  0.0021
981  0.0013
982  0.0006
983  0.0007
984  0.0009
985  0.0017
986  0.0014
987  0.0009
988  0.0015
989  0.0013
990  0.0013
991  0.0008
992  0.0013
993  0.0007
994  0.0011
995  0.0007
996  0.0009
997  0.0013
998  0.0008
999  0.001
1000  0.0013
1001  0.0008
1002  0.0016
1003  0.001
1004  0.0007
1005  0.0012
1006  0.0008
1007  0.0012
1008  0.001
1009  0.001
1010  0.0008
1011  0.0012
1012  0.001
1013  0.0014
1014  0.0007
1015  0.0017
1016  0.0015
1017  0.0011
1018  0.0018
1019  0.0008
1020  0.0012
1021  0.0011
1022  0.0007
1023  0.001
1024  0.0014
1025  0.0014
1026  0.0007
1027  0.0014
1028  0.0013
1029  0.0012
1030  0.001
1031  0.0007
1032  0.0007
1033  0.0015
1034  0.0013
1035  0.0013
1036  0.0011
1037  0.001
1038  0.001
1039  0.0015
1040  0.001
1041  0.0011
1042  0.0007
1043  0.0005
1044  0.0012
1045  0.0009
1046  0.0017
1047  0.0008
1048  0.0012
1049  0.001
1050  0.0007
1051  0.0008
1052  0.0014
1053  0.0013
1054  0.0011
1055  0.0008
1056  0.0013
1057  0.0012
1058  0.0004
1059  0.0009
1060  0.0011
1061  0.0006
1062  0.001
1063  0.0007
1064  0.0011
1065  0.0007
1066  0.001
1067  0.0015
1068  0.001
1069  0.0013
1070  0.0017
1071  0.0015
1072  0.0012
1073  0.0014
1074  0.0013
1075  0.0011
1076  0.001
1077  0.0012
1078  0.0005
1079  0.001
1080  0.0009
1081  0.0011
1082  0.0008
1083  0.0008
1084  0.0011
1085  0.0012
1086  0.0006
1087  0.0007
1088  0.0014
1089  0.0009
1090  0.0012
1091  0.0015
1092  0.0008
1093  0.0011
1094  0.0009
1095  0.001
1096  0.001
1097  0.001
1098  0.0006
1099  0.0013
1100  0.0007
1101  0.0008
1102  0.0011
1103  0.0007
1104  0.0012
1105  0.0012
1106  0.0005
1107  0.0011
1108  0.001
1109  0.0012
1110  0.0008
1111  0.0007
1112  0.0014
1113  0.0012
1114  0.001
1115  0.0006
1116  0.0012
1117  0.0007
1118  0.0011
1119  0.0016
1120  0.0009
1121  0.0011
1122  0.0012
1123  0.0005
1124  0.001
1125  0.0013
1126  0.0008
1127  0.0013
1128  0.0009
1129  0.0009
1130  0.0012
1131  0.0009
1132  0.0007
1133  0.0004
1134  0.0008
1135  0.0012
1136  0.0006
1137  0.0012
1138  0.0012
1139  0.0015
1140  0.0009
1141  0.0014
1142  0.0011
1143  0.0013
1144  0.0008
1145  0.0005
1146  0.0008
1147  0.0008
1148  0.001
1149  0.0006
1150  0.0008
1151  0.0007
1152  0.001
1153  0.0009
1154  0.0004
1155  0.0011
1156  0.0008
1157  0.0014
1158  0.0011
1159  0.0012
1160  0.0012
1161  0.0015
1162  0.0009
1163  0.0008
1164  0.0007
1165  0.0013
1166  0.0007
1167  0.0007
1168  0.0012
1169  0.0003
1170  0.0018
1171  0.0015
1172  0.0013
1173  0.0006
1174  0.0004
1175  0.0009
1176  0.0007
1177  0.0012
1178  0.0009
1179  0.0007
1180  0.0011
1181  0.0009
1182  0.0008
1183  0.0013
1184  0.0007
1185  0.0007
1186  0.0014
1187  0.0008
1188  0.0007
1189  0.0008
1190  0.0011
1191  0.0005
1192  0.0009
1193  0.0005
1194  0.0003
1195  0.0007
1196  0.0013
1197  0.0005
1198  0.0007
1199  0.0007
1200  0.0008
1201  0.001
1202  0.0007
1203  0.0008
1204  0.0007
1205  0.001
1206  0.0015
1207  0.0007
1208  0.0008
1209  0.001
1210  0.0009
1211  0.0005
1212  0.0005
1213  0.001
1214  0.0007
1215  0.0006
1216  0.001
1217  0.0009
1218  0.0007
1219  0.0009
1220  0.001
1221  0.0007
1222  0.0003
1223  0.0007
1224  0.0007
1225  0.0001
1226  0.0003
1227  0.0005
1228  0.001
1229  0.0006
1230  0.0008
1231  0.0006
1232  0.0012
1233  0.0008
1234  0.0007
1235  0.0004
1236  0.0008
1237  0.0009
1238  0.0005
1239  0.0005
1240  0.0007
1241  0.0004
1242  0.0008
1243  0.0004
1244  0.0005
1245  0.0005
1246  0.0006
1247  0.0009
1248  0.0012
1249  0.0007
1250  0.0008
1251  0.0004
1252  0.0004
1253  0.0003
1254  0.0005
1255  0.0006
1256  0.0003
1257  0.0008
1258  0.0003
1259  0.0005
1260  0.0004
1261  0.0004
1262  0.0003
1263  0.0002
1264  0.0001
1265  0.0007
1266  0.0004
1267  0.0005
1268  0.0005
1269  0.0008
1270  0.0003
1271  0.0002
1272  0.0004
1273  0.0006
1274  0.0003
1275  0.0009
1276  0.0012
1277  0.0001
1278  0.0005
1279  0.0002
1280  0.0005
1281  0.0006
1282  0.0002
1283  0.0004
1284  0.0006
1285  0.0004
1286  0.0003
1287  0.0003
1288  0.0006
1289  0.0005
1290  0.0003
1291  0.0001
1292  0.0002
1293  0.0007
1294  0.0005
1295  0.0005
1296  0.0003
1297  0.0006
1298  0.0004
1299  0.0002
1300  0.0005
1301  0.0001
1302  0.0001
1303  0.0003
1304  0.0003
1305  0.001
1306  0.0003
1307  0.0004
1309  0.0003
1311  0.0002
1312  0.0004
1313  0.0002
1314  0.0002
1315  0.0002
1316  0.0003
1317  0.0003
1318  0.0001
1319  0.0002
1320  0.0001
1321  0.0001
1322  0.0001
1323  0.0002
1325  0.0004
1326  0.0003
1327  0.0002
1328  0.0004
1329  0.0003
1331  0.0002
1332  0.0004
1334  0.0005
1335  0.0001
1336  0.0002
1337  0.0004
1338  0.0004
1339  0.0001
1340  0.0001
1341  0.0001
1342  0.0005
1343  0.0003
1344  0.0001
1345  0.0002
1346  0.0002
1347  0.0002
1348  0.0002
1349  0.0001
1350  0.0002
1351  0.0001
1352  0.0002
1354  0.0001
1355  0.0003
1356  0.0003
1357  0.0002
1358  0.0001
1359  0.0002
1360  0.0001
1361  0.0001
1362  0.0001
1363  0.0002
1364  0.0004
1365  0.0004
1367  0.0001
1368  0.0002
1369  0.0001
1370  0.0004
1371  0.0002
1372  0.0001
1373  0.0002
1377  0.0002
1378  0.0002
1382  0.0001
1383  0.0001
1386  0.0001
1387  0.0003
1389  0.0002
1391  0.0001
1393  0.0001
1394  0.0003
1395  0.0001
1396  0.0002
1399  0.0003
1401  0.0001
1402  0.0001
1405  0.0001
1410  0.0001
1411  0.0002
1413  0.0002
1419  0.0001
1421  0.0001
1425  0.0001
1429  0.0001
1430  0.0001
1436  0.0001
1439  0.0001
1446  0.0001
1454  0.0001
1464  0.0001
1471  0.0001
