1  19.3544
2  3.1634
3  1.5663
4  0.9306
5  0.6017
6  0.4033
7  0.2927
8  0.2178
9  0.1683
10  0.1309
11  0.1077
12  0.0946
13  0.0722
14  0.0613
15  0.0525
16  0.046
17  0.0422
18  0.0319
19  0.0312
20  0.0265
21  0.0259
22  0.0214
23  0.0197
24  0.0188
25  0.0155
26  0.0155
27  0.0144
28  0.0118
29  0.0118
30  0.0096
31  0.01
32  0.0086
33  0.0084
34  0.0071
35  0.0057
36  0.0062
37  0.0069
38  0.0053
39  0.0061
40  0.006
41  0.0056
42  0.0036
43  0.0031
44  0.0041
45  0.004
46  0.0036
47  0.0032
48  0.0036
49  0.0025
50  0.0025
51  0.0043
52  0.0019
53  0.0028
54  0.0021
55  0.0025
56  0.0024
57  0.0015
58  0.0019
59  0.0018
60  0.0021
61  0.002
62  0.0027
63  0.0011
64  0.0015
65  0.0016
66  0.0016
67  0.0016
68  0.0011
69  0.0015
70  0.001
71  0.0012
72  0.0009
73  0.0016
74  0.0017
75  0.001
76  0.001
77  0.0008
78  0.0018
79  0.0012
80  0.0012
81  0.0013
82  0.0012
83  0.0006
84  0.0005
85  0.0011
86  0.0001
87  0.0003
88  0.0002
89  0.0007
90  0.0006
91  0.0004
92  0.0005
93  0.001
94  0.0006
95  0.0011
96  0.0004
97  0.0002
98  0.0003
99  0.0004
100  0.0005
101  0.0002
102  0.0003
103  0.0004
104  0.0004
105  0.0002
106  0.0004
107  0.0002
108  0.0007
109  0.0003
110  0.0004
111  0.0002
112  0.0004
113  0.0004
114  0.0004
115  0.0006
116  0.0002
117  0.0008
118  0.0002
119  0.0006
120  0.0004
121  0.0004
122  0.0004
123  0.0003
124  0.0005
125  0.0003
126  0.0004
128  0.0003
129  0.0002
130  0.0004
131  0.0002
133  0.0001
134  0.0002
135  0.0002
136  0.0001
137  0.0004
138  0.0002
139  0.0003
140  0.0004
141  0.0001
143  0.0001
144  0.0004
146  0.0003
147  0.0003
149  0.0001
150  0.0002
151  0.0003
152  0.0002
153  0.0001
154  0.0003
155  0.0003
156  0.0001
157  0.0003
158  0.0002
159  0.0004
161  0.0001
163  0.0002
164  0.0001
166  0.0001
174  0.0002
179  0.0001
181  0.0001
185  0.0002
189  0.0002
190  0.0001
191  0.0001
192  0.0001
193  0.0001
194  0.0001
195  0.0001
198  0.0001
199  0.0002
200  0.0001
201  0.0001
202  0.0001
204  0.0001
207  0.0001
208  0.0001
210  0.0001
217  0.0001
218  0.0001
223  0.0001
224  0.0001
228  0.0001
229  0.0001
235  0.0001
238  0.0001
244  0.0001
246  0.0001
247  0.0001
249  0.0001
252  0.0001
257  0.0001
264  0.0001
266  0.0001
280  0.0001
283  0.0001
284  0.0001
291  0.0001
296  0.0001
308  0.0001
322  0.0001
330  0.0002
341  0.0001
361  0.0001
382  0.0001
415  0.0001
420  0.0001
438  0.0001
441  0.0001
463  0.0001
1085  0.0001
1150  0.0001
1200  0.0001
1228  0.0001
1237  0.0001
1267  0.0001
1268  0.0001
1292  0.0001
1300  0.0001
1318  0.0001
1329  0.0001
1340  0.0001
1360  0.0001
1361  0.0002
1368  0.0001
1374  0.0001
1376  0.0002
1389  0.0001
1393  0.0001
1396  0.0001
1402  0.0001
1403  0.0001
1406  0.0001
1408  0.0001
1416  0.0001
1424  0.0001
1426  0.0002
1428  0.0001
1430  0.0002
1431  0.0001
1433  0.0002
1438  0.0001
1439  0.0001
1442  0.0002
1446  0.0002
1447  0.0001
1453  0.0002
1454  0.0002
1456  0.0001
1457  0.0002
1458  0.0002
1460  0.0002
1461  0.0001
1463  0.0001
1464  0.0001
1466  0.0001
1467  0.0001
1468  0.0001
1470  0.0001
1471  0.0001
1472  0.0001
1475  0.0001
1476  0.0002
1478  0.0002
1481  0.0001
1483  0.0001
1484  0.0004
1486  0.0001
1488  0.0001
1489  0.0001
1490  0.0001
1492  0.0003
1493  0.0001
1494  0.0001
1496  0.0002
1497  0.0001
1498  0.0001
1499  0.0001
1500  0.0002
1502  0.0002
1503  0.0003
1505  0.0002
1506  0.0003
1507  0.0001
1509  0.0001
1510  0.0005
1511  0.0002
1512  0.0003
1513  0.0003
1514  0.0003
1515  0.0001
1516  0.0002
1517  0.0001
1518  0.0001
1519  0.0004
1520  0.0002
1521  0.0003
1522  0.0001
1523  0.0003
1524  0.0002
1525  0.0003
1526  0.0003
1527  0.0004
1528  0.0003
1529  0.0002
1530  0.0004
1531  0.0001
1532  0.0003
1533  0.0004
1534  0.0002
1535  0.0003
1536  0.0003
1537  0.0005
1538  0.0003
1539  0.0004
1540  0.0001
1541  0.0003
1542  0.0005
1543  0.0006
1544  0.0001
1545  0.0004
1546  0.0004
1547  0.0006
1548  0.0008
1549  0.0002
1550  0.0006
1551  0.0006
1552  0.0001
1553  0.0007
1554  0.0006
1555  0.0004
1556  0.0003
1557  0.0001
1558  0.0005
1559  0.0005
1560  0.0008
1561  0.0002
1562  0.0007
1563  0.0007
1564  0.0008
1565  0.0007
1566  0.0004
1567  0.0005
1568  0.0005
1569  0.0007
1570  0.0003
1571  0.0004
1572  0.0009
1573  0.001
1574  0.0007
1575  0.0009
1576  0.0004
1577  0.0009
1578  0.0009
1579  0.0019
1580  0.0008
1581  0.001
1582  0.0006
1583  0.0008
1584  0.0007
1585  0.0006
1586  0.0012
1587  0.0011
1588  0.0015
1589  0.0016
1590  0.0016
1591  0.0012
1592  0.0011
1593  0.0008
1594  0.0015
1595  0.0014
1596  0.001
1597  0.0017
1598  0.0016
1599  0.0015
1600  0.0021
1601  0.0018
1602  0.002
1603  0.0023
1604  0.0018
1605  0.0023
1606  0.0016
1607  0.0019
1608  0.0022
1609  0.0022
1610  0.0016
1611  0.0021
1612  0.0024
1613  0.0021
1614  0.0027
1615  0.0026
1616  0.0026
1617  0.0024
1618  0.0021
1619  0.0031
1620  0.003
1621  0.003
1622  0.0028
1623  0.0017
1624  0.0036
1625  0.0026
1626  0.0034
1627  0.0026
1628  0.0034
1629  0.0031
1630  0.0029
1631  0.0028
1632  0.0029
1633  0.0032
1634  0.0033
1635  0.0036
1636  0.004
1637  0.0048
1638  0.0043
1639  0.0037
1640  0.0048
1641  0.0041
1642  0.0037
1643  0.0054
1644  0.0049
1645  0.0047
1646  0.0055
1647  0.0052
1648  0.0041
1649  0.0055
1650  0.005
1651  0.0049
1652  0.0042
1653  0.0052
1654  0.0044
1655  0.0062
1656  0.006
1657  0.0057
1658  0.005
1659  0.0062
1660  0.0073
1661  0.0077
1662  0.0066
1663  0.0082
1664  0.0065
1665  0.0081
1666  0.0078
1667  0.0073
1668  0.0086
1669  0.0062
1670  0.0083
1671  0.0073
1672  0.0073
1673  0.0085
1674  0.0086
1675  0.0086
1676  0.0086
1677  0.0087
1678  0.0084
1679  0.0084
1680  0.0078
1681  0.0096
1682  0.0103
1683  0.0102
1684  0.0088
1685  0.0093
1686  0.0093
1687  0.0083
1688  0.0085
1689  0.0099
1690  0.0106
1691  0.0092
1692  0.0111
1693  0.009
1694  0.0105
1695  0.011
1696  0.0081
1697  0.009
1698  0.0096
1699  0.0104
1700  0.0086
1701  0.0072
1702  0.0087
1703  0.0089
1704  0.0098
1705  0.0092
1706  0.0112
1707  0.0092
1708  0.0096
1709  0.0097
1710  0.0077
1711  0.008
1712  0.0081
1713  0.0088
1714  0.0091
1715  0.0071
1716  0.0075
1717  0.0072
1718  0.007
1719  0.008
1720  0.0072
1721  0.007
1722  0.0092
1723  0.0081
1724  0.0062
1725  0.0067
1726  0.0069
1727  0.0062
1728  0.0059
1729  0.0071
1730  0.0063
1731  0.0077
1732  0.0067
1733  0.006
1734  0.0052
1735  0.007
1736  0.0045
1737  0.0044
1738  0.0047
1739  0.0035
1740  0.0032
1741  0.0045
1742  0.0037
1743  0.0038
1744  0.0041
1745  0.0044
1746  0.003
1747  0.0034
1748  0.0034
1749  0.0026
1750  0.003
1751  0.0026
1752  0.0021
1753  0.0025
1754  0.0019
1755  0.0014
1756  0.0024
1757  0.0012
1758  0.002
1759  0.002
1760  0.0017
1761  0.0011
1762  0.0019
1763  0.0015
1764  0.0014
1765  0.0009
1766  0.0013
1767  0.0014
1768  0.0005
1769  0.0013
1770  0.0008
1771  0.0005
1772  0.0012
1773  0.0007
1774  0.0008
1775  0.0004
1776  0.0004
1777  0.0009
1778  0.0006
1779  0.0003
1780  0.0006
1781  0.0002
1782  0.0006
1783  0.0003
1784  0.0003
1785  0.0002
1786  0.0004
1787  0.0002
1789  0.0005
1790  0.0004
1792  0.0002
1793  0.0001
1795  0.0001
1796  0.0001
1797  0.0001
1804  0.0001
1811  0.0002
1813  0.0001
1816  0.0001
