1  139.38
2  40.7389
3  24.957
4  16.6946
5  11.7681
6  8.6753
7  6.6697
8  5.1883
9  4.1869
10  3.4036
11  2.7873
12  2.3212
13  1.9348
14  1.6494
15  1.4074
16  1.196
17  1.0232
18  0.8872
19  0.7786
20  0.6893
21  0.5923
22  0.5134
23  0.462
24  0.3857
25  0.3384
26  0.3179
27  0.2814
28  0.2447
29  0.2205
30  0.1973
31  0.1725
32  0.1561
33  0.1412
34  0.1306
35  0.1084
36  0.0981
37  0.0885
38  0.0809
39  0.0717
40  0.0614
41  0.055
42  0.0535
43  0.0467
44  0.0486
45  0.0374
46  0.0405
47  0.0314
48  0.0326
49  0.0263
50  0.0246
51  0.0233
52  0.02
53  0.0154
54  0.0161
55  0.0141
56  0.0128
57  0.0119
58  0.0116
59  0.0098
60  0.0081
61  0.0082
62  0.009
63  0.0064
64  0.0056
65  0.0057
66  0.0054
67  0.0046
68  0.0036
69  0.0049
70  0.0032
71  0.0027
72  0.0036
73  0.0028
74  0.0027
75  0.002
76  0.0031
77  0.003
78  0.0013
79  0.002
80  0.0016
81  0.0018
82  0.0012
83  0.0008
84  0.0014
85  0.0008
86  0.0012
87  0.0007
88  0.0009
89  0.0004
90  0.0002
91  0.0003
92  0.0005
93  0.0006
94  0.0004
95  0.0003
96  0.0005
97  0.0006
98  0.0001
99  0.0002
100  0.0002
101  0.0002
102  0.0002
103  0.0003
104  0.0001
105  0.0003
106  0.0001
107  0.0001
109  0.0004
110  0.0004
111  0.0001
112  0.0002
114  0.0001
117  0.0002
120  0.0002
122  0.0001
126  0.0001
128  0.0001
137  0.0001
