1  87.7029
2  23.0294
3  14.2644
4  9.6673
5  7.0528
6  5.3333
7  4.2069
8  3.4586
9  2.8653
10  2.4335
11  2.0784
12  1.8075
13  1.5856
14  1.4215
15  1.2708
16  1.1325
17  1.036
18  0.9241
19  0.8407
20  0.7599
21  0.7131
22  0.67
23  0.5987
24  0.5608
25  0.5252
26  0.4905
27  0.4617
28  0.4227
29  0.3976
30  0.3713
31  0.3547
32  0.3347
33  0.3163
34  0.2966
35  0.2879
36  0.2687
37  0.253
38  0.2372
39  0.2284
40  0.2183
41  0.2136
42  0.2065
43  0.1882
44  0.1771
45  0.167
46  0.1626
47  0.1564
48  0.1444
49  0.1408
50  0.1301
51  0.1327
52  0.1288
53  0.1198
54  0.1198
55  0.1195
56  0.1024
57  0.1078
58  0.1011
59  0.0955
60  0.0924
61  0.0878
62  0.0907
63  0.0812
64  0.0779
65  0.0744
66  0.0753
67  0.0731
68  0.0695
69  0.0662
70  0.0655
71  0.0594
72  0.0595
73  0.0587
74  0.06
75  0.0568
76  0.0519
77  0.0512
78  0.0467
79  0.0492
80  0.0469
81  0.0425
82  0.0443
83  0.0419
84  0.0448
85  0.0403
86  0.0395
87  0.0373
88  0.0401
89  0.0356
90  0.0319
91  0.0351
92  0.0277
93  0.033
94  0.0286
95  0.03
96  0.0291
97  0.0271
98  0.0247
99  0.0265
100  0.0258
101  0.026
102  0.0274
103  0.0244
104  0.0253
105  0.0254
106  0.0207
107  0.0216
108  0.021
109  0.0187
110  0.0201
111  0.0182
112  0.0182
113  0.0202
114  0.0156
115  0.0168
116  0.0172
117  0.0164
118  0.0172
119  0.0141
120  0.0128
121  0.0173
122  0.0148
123  0.0132
124  0.0125
125  0.0129
126  0.0133
127  0.0116
128  0.0127
129  0.0127
130  0.0096
131  0.0125
132  0.0123
133  0.0105
134  0.0104
135  0.0111
136  0.0116
137  0.0101
138  0.0089
139  0.0096
140  0.0089
141  0.0099
142  0.0068
143  0.0076
144  0.0084
145  0.0085
146  0.0097
147  0.0067
148  0.0073
149  0.0063
150  0.0085
151  0.0074
152  0.0079
153  0.0069
154  0.006
155  0.0065
156  0.0069
157  0.0063
158  0.0058
159  0.0063
160  0.0057
161  0.0061
162  0.0059
163  0.0051
164  0.0041
165  0.0052
166  0.0045
167  0.0046
168  0.0063
169  0.0049
170  0.005
171  0.0054
172  0.0045
173  0.0047
174  0.0038
175  0.0046
176  0.0037
177  0.0042
178  0.0039
179  0.0053
180  0.0036
181  0.0033
182  0.005
183  0.0028
184  0.0041
185  0.0036
186  0.0039
187  0.0031
188  0.0038
189  0.0028
190  0.0023
191  0.0032
192  0.0023
193  0.003
194  0.0023
195  0.0028
196  0.0025
197  0.0026
198  0.0024
199  0.0023
200  0.0029
201  0.0015
202  0.0027
203  0.002
204  0.002
205  0.0016
206  0.0028
207  0.0025
208  0.0018
209  0.0016
210  0.0017
211  0.0011
212  0.0018
213  0.0014
214  0.0018
215  0.0019
216  0.0014
217  0.0023
218  0.0017
219  0.0013
220  0.0018
221  0.0019
222  0.0017
223  0.0018
224  0.0021
225  0.0009
226  0.0016
227  0.0016
228  0.0009
229  0.0016
230  0.0007
231  0.0015
232  0.0015
233  0.0017
234  0.0007
235  0.001
236  0.0012
237  0.0011
238  0.0026
239  0.0013
240  0.0007
241  0.001
242  0.0013
243  0.0008
244  0.0016
245  0.0006
246  0.0014
247  0.0009
248  0.0003
249  0.001
250  0.0011
251  0.0009
252  0.0005
253  0.0006
254  0.0004
255  0.0005
256  0.0011
257  0.0009
258  0.0013
259  0.0008
260  0.0007
261  0.0006
262  0.0003
263  0.0007
264  0.0005
265  0.0007
266  0.0007
267  0.0006
268  0.0007
269  0.0004
270  0.0003
271  0.001
272  0.0003
273  0.0003
274  0.0005
275  0.0004
276  0.001
277  0.0004
278  0.0008
279  0.0011
280  0.0007
281  0.0005
283  0.0005
284  0.0007
285  0.0002
286  0.0005
287  0.0005
288  0.0002
289  0.0002
290  0.0002
291  0.0002
292  0.0007
293  0.0004
294  0.0006
295  0.0002
297  0.0003
298  0.0003
299  0.0003
300  0.0002
301  0.0003
302  0.0007
303  0.0002
304  0.0004
305  0.0005
306  0.0007
307  0.0003
308  0.0004
309  0.0003
310  0.0007
311  0.0002
312  0.0006
313  0.0003
314  0.0002
315  0.0002
316  0.0001
317  0.0001
318  0.0005
319  0.0005
321  0.0006
322  0.0004
323  0.0003
324  0.0002
325  0.0003
327  0.0003
328  0.0002
329  0.0001
331  0.0003
333  0.0006
334  0.0001
337  0.0001
338  0.0004
339  0.0003
340  0.0001
341  0.0004
342  0.0001
343  0.0003
344  0.0001
345  0.0002
346  0.0002
347  0.0002
349  0.0001
350  0.0002
351  0.0004
352  0.0002
353  0.0001
354  0.0002
355  0.0003
357  0.0001
358  0.0003
359  0.0002
361  0.0002
363  0.0002
364  0.0001
365  0.0002
366  0.0002
367  0.0001
368  0.0001
372  0.0002
373  0.0001
374  0.0002
375  0.0002
378  0.0001
379  0.0002
380  0.0002
381  0.0001
383  0.0001
385  0.0001
387  0.0001
388  0.0001
389  0.0001
391  0.0001
392  0.0001
394  0.0001
396  0.0002
397  0.0001
398  0.0001
399  0.0001
400  0.0002
401  0.0001
403  0.0001
404  0.0001
408  0.0002
413  0.0001
417  0.0001
422  0.0001
423  0.0001
424  0.0001
434  0.0001
441  0.0001
446  0.0001
450  0.0001
452  0.0001
455  0.0001
459  0.0001
471  0.0001
475  0.0001
485  0.0001
488  0.0001
504  0.0001
508  0.0001
522  0.0001
543  0.0001
