1  5.8383
2  0.6897
3  0.2517
4  0.1239
5  0.076
6  0.0468
7  0.0335
8  0.0215
9  0.0154
10  0.0099
11  0.0068
12  0.0058
13  0.0049
14  0.004
15  0.0028
16  0.0027
17  0.0027
18  0.0015
19  0.0018
20  0.0015
21  0.0006
22  0.0011
23  0.0008
24  0.0004
25  0.0006
26  0.0008
27  0.0006
28  0.0005
29  0.0002
30  0.0003
31  0.0002
32  0.0004
33  0.0004
34  0.0003
35  0.0003
36  0.0003
37  0.0002
38  0.0003
40  0.0002
42  0.0002
43  0.0001
45  0.0001
47  0.0002
48  0.0001
51  0.0001
56  0.0001
62  0.0001
64  0.0002
67  0.0001
85  0.0002
93  0.0001
100  0.0001
105  0.0001
1839  0.0001
1852  0.0001
1862  0.0001
1869  0.0001
1880  0.0001
1885  0.0001
1898  0.0002
1904  0.0001
1906  0.0001
1909  0.0001
1910  0.0001
1912  0.0002
1913  0.0001
1914  0.0003
1915  0.0002
1916  0.0002
1917  0.0002
1918  0.0003
1919  0.0002
1920  0.0001
1921  0.0002
1922  0.0003
1923  0.0003
1924  0.0002
1925  0.0001
1926  0.0005
1927  0.0005
1928  0.0008
1929  0.0009
1930  0.0011
1931  0.0004
1932  0.0002
1933  0.0011
1934  0.001
1935  0.0014
1936  0.0005
1937  0.0017
1938  0.001
1939  0.002
1940  0.0019
1941  0.0021
1942  0.0017
1943  0.0027
1944  0.0025
1945  0.0025
1946  0.0023
1947  0.0021
1948  0.0039
1949  0.0043
1950  0.0037
1951  0.0038
1952  0.0047
1953  0.004
1954  0.0043
1955  0.0039
1956  0.0066
1957  0.0062
1958  0.0058
1959  0.0057
1960  0.0084
1961  0.0079
1962  0.0072
1963  0.008
1964  0.0104
1965  0.0083
1966  0.0086
1967  0.0107
1968  0.0098
1969  0.0108
1970  0.0109
1971  0.012
1972  0.0109
1973  0.0131
1974  0.0122
1975  0.0158
1976  0.0133
1977  0.0184
1978  0.0173
1979  0.0137
1980  0.0186
1981  0.0151
1982  0.0176
1983  0.0182
1984  0.0191
1985  0.0204
1986  0.0186
1987  0.0156
1988  0.016
1989  0.0168
1990  0.0173
1991  0.0164
1992  0.0167
1993  0.0175
1994  0.0182
1995  0.0171
1996  0.0151
1997  0.018
1998  0.0157
1999  0.0183
2000  0.016
2001  0.0171
2002  0.0147
2003  0.0135
2004  0.0128
2005  0.0143
2006  0.0141
2007  0.0135
2008  0.0131
2009  0.0126
2010  0.0144
2011  0.0115
2012  0.0104
2013  0.0113
2014  0.0091
2015  0.009
2016  0.0105
2017  0.0076
2018  0.0078
2019  0.0086
2020  0.0081
2021  0.0065
2022  0.007
2023  0.007
2024  0.0059
2025  0.0045
2026  0.0055
2027  0.0048
2028  0.0043
2029  0.004
2030  0.0026
2031  0.0043
2032  0.0024
2033  0.0027
2034  0.0023
2035  0.0022
2036  0.0018
2037  0.0021
2038  0.0013
2039  0.0025
2040  0.0007
2041  0.0011
2042  0.0007
2043  0.0005
2044  0.0008
2045  0.0009
2046  0.0008
2048  0.0007
2049  0.0003
2050  0.0004
2051  0.0005
2052  0.0001
2053  0.0004
2054  0.0002
2055  0.0002
2056  0.0003
2057  0.0002
2058  0.0003
2059  0.0002
2061  0.0002
2062  0.0001
2063  0.0001
2064  0.0002
2065  0.0001
2067  0.0001
2068  0.0001
2071  0.0001
2073  0.0001
