2  2  0  0  0  3  3  3  3  0  4  0  0  0  3  0  0  0  0  3  3  3  0  7  0  8  8  8  8  0  9  9  9  9  0  9  9  0  0  0  11  0  0  12  12  0  13  0  0  14  14  0  15  0  9  9  9  9  9  9  9  0  9  9  9  9  0  18  0  0  0  19  0  0  0  20  20  20  20  0  0  21  0  0  22  0  0  23  0  0  9  0  9  0  0  26  26  26  26  0  
0  2  0  3  0  0  0  3  0  0  0  0  3  0  3  3  3  3  3  3  3  0  29  0  30  0  0  8  8  0  9  9  9  9  0  9  0  0  0  11  11  0  13  0  12  0  13  13  13  0  14  0  15  15  0  9  9  9  0  0  0  9  9  0  0  9  0  0  0  34  0  19  19  19  0  0  0  20  20  0  0  0  9  9  0  9  9  0  0  0  9  9  9  9  9  0  0  26  26  26  
2  2  0  3  0  3  0  3  3  3  3  3  3  3  3  0  0  3  3  0  3  0  0  0  30  0  0  0  8  0  0  0  0  9  0  9  9  9  9  0  0  0  13  13  0  13  13  13  0  0  14  0  15  0  9  9  9  9  9  0  9  9  0  9  9  0  0  9  9  0  0  0  0  0  20  0  20  20  0  0  0  0  9  0  0  0  9  9  9  9  9  0  9  9  9  9  0  0  26  0  
0  0  0  3  3  3  0  3  3  0  3  0  3  3  0  3  3  0  3  0  3  0  0  0  0  47  0  0  8  0  48  0  9  9  0  9  9  9  0  0  9  0  0  13  13  13  13  0  0  0  0  51  0  0  0  0  0  0  9  9  9  0  9  9  0  0  53  0  9  9  9  0  0  20  20  20  20  0  55  0  0  9  9  9  9  9  9  0  9  9  9  9  9  0  9  9  0  57  0  9  
3  0  0  3  0  3  3  3  3  3  3  0  3  3  3  3  3  0  0  0  3  3  3  3  0  0  3  3  0  48  48  0  9  9  0  0  9  9  0  0  9  9  9  0  13  0  0  62  0  0  51  51  0  64  0  65  0  65  0  9  9  0  0  9  9  0  0  9  9  0  9  0  9  0  0  0  20  0  0  9  9  9  9  9  0  9  0  0  9  9  9  0  9  9  0  0  70  0  9  9  
3  0  72  0  3  3  0  0  0  0  0  0  0  0  0  3  3  3  0  0  3  0  3  3  3  3  3  0  48  48  0  9  9  9  9  9  9  0  9  9  0  9  9  0  13  13  0  0  0  0  0  0  0  0  65  65  65  65  0  9  9  9  9  9  0  0  0  9  9  9  0  9  9  0  79  0  20  20  0  9  9  9  0  9  0  9  9  0  9  0  9  0  0  9  0  80  0  0  9  0  
3  0  0  3  0  3  3  0  0  0  82  0  0  3  3  0  3  3  3  0  0  3  0  3  3  0  0  48  48  48  48  0  9  0  9  9  9  9  0  9  9  9  9  9  0  0  0  86  0  86  86  86  0  0  0  0  65  0  88  0  9  9  0  9  9  9  0  0  0  9  9  9  0  0  0  9  0  0  0  9  0  9  9  0  9  9  0  9  9  9  0  9  9  9  9  0  0  0  9  0  
3  3  3  3  3  3  0  93  93  0  0  94  0  3  3  3  3  3  3  0  3  3  0  0  0  0  0  0  0  0  48  0  9  0  9  0  0  9  0  9  0  0  9  0  9  9  0  86  0  86  86  0  0  97  97  0  0  98  0  9  9  0  0  9  9  9  0  0  9  9  9  9  9  9  0  9  9  0  101  0  0  9  0  9  9  9  9  9  9  0  9  9  0  9  9  9  9  9  9  9  
0  3  0  0  0  3  0  0  0  104  104  0  0  3  3  3  3  3  3  0  0  3  0  105  105  0  9  9  9  0  0  0  9  9  0  9  9  0  0  9  9  9  9  9  9  9  0  86  86  86  86  86  0  0  0  0  9  0  9  9  9  0  0  9  9  9  0  0  9  9  0  0  0  9  0  9  9  0  0  0  9  9  9  0  9  0  9  9  0  0  9  0  0  9  0  9  0  9  0  9  
111  0  112  0  113  0  0  114  0  0  0  115  0  3  3  0  3  0  3  3  3  3  3  0  0  9  0  9  9  9  0  0  9  0  9  9  9  9  0  9  0  9  0  9  9  0  0  0  86  86  86  86  0  0  9  9  9  9  0  9  0  0  0  9  9  9  9  9  9  0  0  9  9  0  0  9  9  9  0  9  9  9  0  9  0  9  9  9  9  9  9  9  9  9  0  9  9  9  9  9  
111  111  0  9  0  124  0  114  114  0  125  0  3  3  0  3  3  3  0  3  0  0  0  0  0  9  9  9  0  9  9  9  9  0  0  9  0  9  9  0  0  9  9  9  9  0  9  9  0  0  0  0  0  9  0  9  9  9  9  0  0  9  9  0  9  9  0  9  0  9  9  9  9  9  9  9  9  0  0  0  9  0  9  9  0  9  0  0  9  0  9  0  9  0  0  9  9  9  0  0  
0  0  9  9  0  0  114  114  114  114  0  0  0  3  3  0  0  0  135  0  0  9  9  9  0  9  9  0  0  9  9  9  9  0  137  0  9  9  9  0  9  9  0  9  9  9  9  9  9  9  9  9  9  9  9  9  9  9  0  9  9  9  0  9  9  0  0  9  9  9  9  9  9  9  9  0  0  0  9  9  9  0  9  0  9  9  0  9  9  9  0  9  0  9  0  0  9  0  0  147  
9  0  9  9  9  9  0  0  114  0  149  149  0  3  3  0  150  0  0  151  0  0  9  9  9  9  0  9  9  9  9  9  9  0  137  0  0  9  9  0  9  9  9  9  9  0  0  9  9  9  9  9  9  9  9  9  9  9  9  0  9  9  9  9  0  153  153  0  9  9  9  9  0  0  9  9  0  0  0  9  0  0  9  0  9  0  154  0  9  9  9  9  9  9  9  9  9  9  0  147  
9  0  9  9  9  9  9  9  0  0  149  149  0  3  3  3  0  0  0  151  0  9  9  0  9  9  0  9  0  9  9  9  0  0  137  0  0  9  9  9  9  0  9  9  0  9  9  0  9  0  9  9  9  9  0  9  0  9  9  9  9  9  0  0  157  0  0  9  9  0  9  0  0  9  9  0  160  0  9  0  9  9  9  9  9  9  0  0  0  9  9  0  9  0  9  0  0  9  9  0  
9  9  9  9  0  0  9  9  9  9  0  149  0  3  3  0  0  9  0  151  0  9  9  0  0  9  0  9  9  0  9  9  9  0  0  9  9  9  9  0  9  0  0  9  0  0  9  9  9  9  9  9  9  9  9  0  0  9  9  9  9  0  0  0  0  9  9  0  9  9  9  9  0  9  0  0  0  0  9  9  0  9  9  0  9  9  9  9  0  0  9  9  0  9  9  9  9  9  0  0  
9  0  9  0  9  9  9  9  0  0  3  0  3  3  0  9  9  9  0  0  0  9  9  9  9  9  0  9  9  0  0  0  9  0  0  0  0  9  9  0  0  0  0  9  9  9  0  0  9  0  0  9  0  9  9  0  171  0  9  0  9  9  9  9  9  9  9  0  0  9  0  9  0  0  9  9  9  0  0  9  9  9  9  0  0  0  9  9  9  9  9  9  0  9  9  9  9  0  0  0  
9  9  9  9  0  9  9  0  0  0  3  0  3  3  0  0  9  9  9  9  9  9  9  0  0  0  9  9  9  9  0  0  9  9  9  0  0  9  9  0  0  0  174  0  0  9  9  9  9  0  175  0  176  0  9  9  0  0  0  9  9  9  0  9  9  9  0  178  0  9  9  9  0  9  9  0  9  9  0  0  9  0  0  9  0  181  0  9  0  0  9  0  0  0  0  0  9  0  0  182  
9  0  9  9  9  9  0  3  0  0  3  3  3  3  0  184  0  9  0  9  9  9  9  0  9  9  9  9  0  9  9  9  0  0  0  9  0  0  9  0  174  174  174  174  0  9  9  9  9  0  175  0  0  9  9  0  9  0  0  9  9  9  9  9  9  9  0  178  0  0  9  9  0  9  9  9  0  0  0  9  9  9  0  9  0  0  0  9  0  0  0  0  0  0  191  0  0  0  0  182  
9  0  9  9  0  9  0  3  3  3  3  0  3  3  0  184  0  9  9  9  9  0  9  9  0  0  9  9  0  0  9  9  9  9  0  9  0  9  0  0  174  174  0  174  0  0  9  0  9  0  0  9  9  0  0  9  9  0  195  0  0  0  9  0  0  0  196  0  0  0  9  9  9  0  9  9  0  197  197  0  9  9  9  9  9  0  9  0  9  9  0  200  0  191  191  191  191  0  9  0  
9  0  0  9  0  9  9  0  3  0  0  0  3  0  0  184  0  9  9  9  9  9  9  9  9  0  9  0  9  0  9  0  9  9  0  9  9  9  9  0  0  0  9  0  9  9  9  0  0  9  9  9  9  9  0  9  0  9  0  9  9  9  9  9  0  209  0  210  0  0  9  0  0  9  9  9  9  0  0  0  9  9  9  9  9  9  9  9  9  0  0  0  0  191  191  191  0  9  9  0  
0  0  9  9  9  0  9  9  0  9  0  0  3  0  215  0  0  9  9  9  9  9  9  9  9  9  9  9  9  9  9  9  9  9  9  0  9  9  9  9  9  0  9  0  0  9  9  0  0  0  9  9  0  9  0  9  9  9  9  9  9  9  9  9  9  0  0  210  210  0  9  9  9  9  0  0  9  9  9  0  0  0  9  0  0  9  9  9  0  9  9  9  9  0  0  191  0  9  9  9  
217  0  9  0  9  9  0  0  9  9  9  9  0  0  0  0  9  9  9  9  0  0  9  0  9  0  9  0  0  0  9  9  9  0  9  9  9  9  9  9  9  9  9  9  9  9  9  9  9  9  0  9  0  9  9  9  0  9  9  9  9  0  0  0  0  9  9  0  210  0  9  0  0  9  0  0  0  0  0  9  0  222  0  9  0  9  9  9  9  9  0  0  9  0  9  0  9  9  0  9  
0  9  9  0  9  0  0  0  0  9  0  0  0  0  9  9  9  9  9  0  9  9  9  9  9  0  9  0  229  229  0  9  0  230  0  9  9  0  0  0  9  0  9  0  0  0  9  9  9  9  9  9  0  0  0  0  9  9  9  9  0  0  232  0  0  0  9  9  0  233  0  0  234  0  0  0  0  235  0  9  9  0  9  9  9  9  9  9  9  0  237  0  0  9  9  9  9  9  9  9  
9  0  9  0  9  9  9  9  9  9  0  0  0  240  0  9  0  0  0  241  0  0  9  9  9  9  9  0  0  0  0  0  230  230  230  0  9  0  9  9  9  9  9  9  0  9  9  9  9  9  0  0  0  0  0  0  0  9  9  9  9  9  0  9  9  9  9  9  0  0  9  9  0  9  0  0  248  0  9  9  9  9  9  9  0  9  0  0  0  250  0  9  9  9  0  0  0  0  0  9  
9  0  9  9  9  0  9  9  9  0  0  240  240  240  0  9  9  0  253  0  254  254  0  0  9  0  9  0  0  0  255  0  0  230  0  9  9  0  0  0  0  9  0  9  9  0  0  0  9  9  0  0  9  9  9  9  9  9  0  9  0  0  0  0  9  9  9  9  9  9  9  0  9  9  0  259  0  260  0  0  9  0  9  0  9  0  9  9  9  0  9  9  9  9  9  9  9  9  9  9  
9  0  9  9  9  9  9  9  0  9  0  240  240  0  0  0  9  0  0  0  254  0  0  9  9  9  9  0  0  9  0  0  9  0  0  9  0  0  9  9  9  0  9  9  0  9  9  0  9  9  9  0  9  9  0  9  0  0  0  9  9  0  0  9  9  0  9  0  9  9  9  9  9  9  9  0  9  0  9  9  9  0  9  9  9  9  9  9  0  9  9  0  9  0  0  0  9  9  0  0  
9  9  9  0  0  9  9  0  9  9  9  0  240  240  0  9  9  9  0  0  0  0  0  9  9  9  0  9  9  9  0  9  9  0  279  0  279  0  9  0  9  9  0  0  0  0  9  9  9  9  0  9  0  0  0  9  9  9  0  9  0  282  282  0  0  9  9  9  9  0  0  9  0  9  0  9  9  9  9  9  0  0  9  0  9  9  0  9  9  9  9  9  0  9  9  9  9  9  9  9  
9  9  9  9  0  9  9  9  9  0  0  286  0  240  240  0  0  0  287  0  288  288  0  0  9  9  9  0  9  9  9  9  0  279  279  279  279  0  9  9  9  9  0  290  290  0  9  9  9  0  9  9  0  292  292  0  0  9  9  0  293  0  0  9  9  0  9  0  9  9  0  0  295  0  9  9  9  0  9  9  9  0  0  297  0  0  9  0  9  0  9  9  9  9  0  9  9  0  9  0  
9  0  9  9  0  9  0  9  9  9  9  0  9  0  0  0  300  0  0  0  0  0  9  9  9  9  0  9  0  9  9  0  9  0  0  279  279  0  9  0  0  9  0  0  290  0  9  9  9  9  9  0  0  0  0  9  0  0  9  0  0  9  9  9  0  9  9  0  9  9  9  9  0  9  9  9  0  9  9  0  0  309  0  0  9  0  9  0  9  9  0  9  9  0  9  9  0  0  9  9  
0  9  9  9  9  9  9  9  0  9  0  9  9  9  9  9  0  0  0  9  9  0  9  0  9  9  9  9  9  9  9  9  9  9  9  0  0  0  9  0  9  0  9  9  0  0  9  0  0  9  9  9  9  9  9  9  9  0  9  0  0  9  9  9  9  9  9  9  0  9  9  0  9  9  9  9  0  9  9  9  0  0  9  9  9  9  9  9  9  9  9  0  9  0  9  0  9  9  9  9  
9  9  9  0  0  0  9  9  0  9  9  9  9  0  9  0  9  9  9  9  9  9  0  0  9  9  9  0  9  0  0  9  9  9  9  9  0  9  9  9  9  0  0  9  0  9  9  9  9  9  0  0  0  9  9  0  9  9  9  0  0  9  0  0  0  0  0  9  9  9  9  9  9  0  0  0  0  9  9  0  324  0  0  9  0  9  0  9  9  9  9  9  9  9  9  0  0  9  9  0  
9  9  0  325  0  0  9  0  9  9  9  9  0  0  9  9  9  9  0  9  9  0  9  0  0  9  9  9  9  0  9  0  9  9  9  9  0  9  9  9  9  0  0  9  9  9  9  9  0  9  9  0  329  0  9  0  9  9  9  0  0  0  330  0  9  0  9  0  9  0  9  9  9  0  9  9  9  9  9  0  0  9  9  0  9  9  9  0  9  9  9  9  9  9  9  9  9  9  9  0  
0  9  0  325  0  9  9  0  9  0  9  9  9  9  0  9  9  0  9  0  9  9  9  9  9  0  9  0  9  9  9  0  0  9  0  9  0  9  9  9  9  9  0  0  9  0  9  9  9  9  9  9  0  9  0  0  9  0  9  9  0  0  330  0  9  0  9  9  0  9  9  9  9  9  9  0  0  9  0  9  9  9  9  9  9  0  9  9  0  9  0  0  0  0  9  9  9  0  9  9  
9  9  0  0  9  9  0  0  9  9  0  0  0  0  9  9  9  9  9  0  0  9  9  0  9  9  0  9  0  9  9  9  9  0  0  9  0  0  9  0  9  0  9  9  9  0  9  9  9  9  0  9  0  9  9  9  9  0  9  0  9  9  0  9  9  0  9  9  9  0  9  0  0  9  0  9  9  9  9  9  0  9  9  9  9  9  9  0  0  0  0  9  9  0  9  9  0  9  9  0  
9  0  0  0  9  9  9  0  9  9  0  9  9  9  9  0  0  9  9  9  9  9  9  0  9  9  9  9  9  9  0  0  0  352  0  9  0  9  9  9  9  9  9  9  9  9  0  0  9  0  0  9  9  0  9  0  9  9  9  0  0  9  9  9  9  9  9  0  0  9  9  9  9  0  9  0  0  9  9  9  0  0  0  9  0  9  0  0  356  356  0  0  9  9  9  9  0  9  0  357  
9  0  9  9  9  0  9  9  0  9  0  9  9  9  0  9  9  9  9  9  9  0  9  0  9  0  0  9  9  9  0  9  9  0  9  9  9  0  9  9  0  9  0  0  0  9  9  9  0  0  0  0  9  9  9  9  9  9  9  9  9  0  9  9  9  9  0  9  9  9  9  0  9  9  9  9  9  0  0  0  9  9  9  9  9  9  0  0  356  356  0  9  9  9  9  9  9  0  365  0  
9  9  0  9  9  9  9  9  9  0  0  9  9  9  0  9  9  9  0  9  0  0  0  9  0  9  9  9  9  0  0  9  9  9  9  0  9  9  0  9  9  0  0  0  9  0  0  0  369  0  0  9  9  0  9  0  0  0  9  9  9  9  9  9  0  9  0  9  9  9  9  9  0  9  9  9  0  9  0  0  0  0  9  9  9  9  0  356  356  0  9  0  0  9  0  0  9  9  0  0  
0  0  9  9  0  9  9  0  9  9  0  0  9  9  9  9  9  0  9  9  0  9  9  9  9  9  9  9  9  9  9  0  0  9  9  9  9  9  9  0  9  9  9  9  9  9  0  0  0  9  0  0  0  9  9  0  379  0  9  0  9  0  9  0  9  9  9  9  0  9  0  0  9  0  0  9  9  9  0  0  382  382  0  9  0  0  356  356  0  0  9  0  9  0  0  385  0  9  9  0  
0  9  9  9  9  0  0  0  9  0  9  9  9  0  9  9  9  0  0  9  0  0  0  0  9  9  9  9  9  0  0  0  0  0  0  9  9  9  0  0  9  9  9  9  0  9  9  9  9  9  9  0  9  9  0  0  379  0  9  9  9  9  9  9  9  0  9  9  9  0  0  9  9  9  0  0  9  0  0  390  0  0  0  9  9  9  0  356  0  0  9  0  9  9  0  0  9  9  9  9  
392  0  9  9  9  9  0  9  0  9  9  9  9  0  0  0  9  0  9  9  9  9  0  396  0  0  9  9  0  9  9  9  9  0  9  9  0  0  399  399  0  0  0  0  9  9  9  9  9  0  9  0  9  9  9  9  0  0  0  9  0  9  0  9  0  9  9  9  0  9  0  9  0  0  9  9  0  0  0  390  0  0  404  0  9  0  0  0  9  9  9  9  9  9  0  9  9  9  9  9  
0  0  9  9  9  9  0  9  9  9  9  0  9  9  9  0  9  9  0  9  0  9  0  396  0  9  0  0  9  9  9  0  0  9  9  9  0  0  0  0  9  9  9  0  9  9  0  9  9  0  9  9  9  9  0  9  0  411  0  9  9  9  0  0  412  0  0  9  9  9  0  9  9  0  0  9  9  0  9  0  0  0  0  9  9  9  9  0  9  0  9  9  0  9  0  9  0  0  0  9  
0  0  9  0  0  0  0  0  9  0  0  0  9  0  0  0  9  9  0  0  9  9  9  0  9  9  9  0  9  0  9  9  0  9  9  0  9  9  0  9  9  9  0  9  0  9  9  0  9  0  9  0  9  9  9  0  9  0  0  9  0  9  9  0  0  0  0  0  0  9  9  9  9  9  0  9  0  9  9  9  9  0  0  9  9  9  9  0  9  9  0  0  9  9  9  9  9  9  9  9  
9  9  9  9  0  9  0  9  9  0  426  0  0  0  0  0  9  9  0  0  9  9  9  0  9  9  0  9  0  9  9  0  0  0  9  9  9  0  0  0  0  9  9  9  9  9  9  9  9  9  9  9  9  9  9  0  9  9  9  0  0  0  9  0  0  9  0  430  430  0  0  0  9  9  9  9  9  9  0  9  0  9  9  0  9  0  9  9  0  0  0  9  9  0  9  9  9  9  0  9  
9  9  0  0  0  9  9  0  9  9  0  433  433  0  0  434  0  0  9  9  9  9  0  9  9  9  9  9  0  9  9  0  0  0  9  9  9  9  0  9  0  0  0  9  9  9  9  0  0  9  0  9  0  9  0  0  9  9  9  9  9  0  9  9  9  9  9  0  430  430  0  0  9  0  0  9  0  9  0  9  0  9  9  9  9  0  0  0  438  438  438  0  9  0  0  0  0  9  0  0  
9  9  9  9  9  0  9  9  9  0  9  0  433  433  0  0  9  9  0  0  9  0  0  9  9  0  9  9  9  9  9  0  9  0  9  9  9  9  9  9  9  9  9  9  0  0  9  0  9  9  9  9  9  0  443  0  9  0  9  0  0  0  9  9  0  9  0  430  430  430  0  0  9  9  0  9  0  9  9  0  0  9  9  0  9  0  0  0  438  438  0  9  9  9  9  9  9  9  0  9  
0  0  0  0  9  9  0  0  9  0  9  0  0  433  0  0  9  0  0  0  9  0  0  9  9  0  9  9  9  0  0  9  9  9  0  9  0  9  9  9  9  0  9  9  9  0  9  0  9  0  9  9  9  9  0  0  0  9  9  9  9  9  9  9  9  9  0  0  0  430  0  9  9  9  0  9  0  9  9  0  9  9  9  9  9  9  0  0  438  438  0  9  0  9  9  0  9  0  9  9  
9  9  9  9  9  9  9  9  9  9  9  0  433  433  0  0  9  9  9  9  9  9  9  9  9  0  9  0  9  9  9  9  0  0  9  9  9  9  9  9  9  9  9  0  0  9  0  9  9  0  0  0  9  0  9  9  9  9  9  0  0  0  0  9  0  0  9  9  9  0  0  0  9  9  9  0  9  9  9  9  0  9  9  9  9  9  0  0  0  0  0  0  460  0  9  9  0  0  9  9  
9  0  9  9  9  0  9  9  9  9  9  9  0  433  0  9  0  9  9  9  9  9  9  0  0  9  9  0  0  0  9  0  9  9  9  9  9  9  9  9  0  9  0  0  9  9  9  9  0  465  0  9  9  0  9  9  0  9  9  0  9  9  9  0  468  0  9  9  9  0  9  9  0  9  9  0  9  9  9  0  9  9  0  9  9  0  471  471  0  472  0  0  460  0  0  9  0  9  9  0  
9  0  9  0  0  0  9  9  9  9  9  0  0  0  9  9  9  9  9  9  9  9  9  9  9  9  0  0  9  9  0  9  0  9  0  9  9  9  0  9  9  0  0  0  0  9  9  9  0  0  9  0  9  0  0  9  9  9  9  9  9  0  9  0  468  468  0  9  0  9  9  9  9  9  9  0  9  9  9  9  0  9  0  0  9  0  0  471  0  472  0  9  0  9  9  9  9  9  9  9  
9  9  9  0  0  0  0  0  9  9  9  9  9  0  0  0  9  9  0  0  0  9  0  0  0  0  481  0  9  0  0  9  9  9  9  9  9  0  0  9  9  0  9  9  9  9  0  0  9  9  9  9  9  0  9  0  0  9  9  9  0  9  9  9  0  468  0  9  0  0  0  9  0  0  0  0  9  9  0  0  9  9  0  9  0  471  471  471  0  472  0  9  9  9  9  9  9  9  0  9  
9  0  9  0  0  489  489  0  0  0  9  0  0  9  9  9  9  9  9  0  491  0  0  0  0  0  0  0  9  9  9  9  9  9  9  9  0  492  0  9  9  9  0  9  0  9  0  9  0  0  9  9  9  9  9  9  0  9  9  0  0  0  9  0  0  0  9  9  0  9  0  0  496  496  0  9  9  0  0  0  9  9  9  9  0  471  471  0  0  0  9  9  0  0  9  9  9  9  9  9  
9  0  9  0  0  0  489  0  9  9  9  0  9  9  0  0  0  0  0  9  0  0  9  9  0  0  0  9  9  9  9  9  9  9  0  0  0  492  492  0  0  9  0  0  0  9  9  9  9  0  0  9  0  0  9  0  9  9  0  0  9  9  9  9  9  9  9  9  9  9  9  9  0  0  9  9  0  0  9  9  9  0  0  9  0  471  0  0  9  9  9  9  0  0  9  0  0  0  9  9  
0  0  0  0  0  0  0  9  9  0  9  9  9  0  0  0  510  0  9  9  9  0  9  0  9  9  0  9  0  9  0  0  9  0  0  0  0  0  492  0  9  9  0  9  9  9  0  0  9  0  515  0  9  9  9  9  9  0  0  517  0  0  9  9  0  9  9  0  9  0  9  9  9  9  9  9  9  0  9  9  9  9  0  9  0  0  0  9  0  9  9  9  9  9  9  9  9  0  9  0  
0  519  519  519  519  519  0  0  9  9  0  0  0  0  510  510  510  510  0  9  9  9  9  9  9  9  0  9  9  0  521  0  9  0  522  0  0  523  0  9  0  9  9  9  9  9  0  525  0  526  0  0  0  0  9  9  9  0  9  0  9  0  9  9  9  9  0  529  0  530  0  0  9  9  0  9  9  0  9  9  9  0  9  9  9  9  9  9  9  0  0  9  0  0  9  0  0  9  0  9  
519  519  519  519  519  0  535  535  0  9  0  0  510  510  510  510  510  510  0  9  9  9  0  9  0  9  9  9  0  537  0  9  9  0  0  539  0  0  9  9  9  9  9  0  9  9  9  0  541  0  542  0  543  0  9  9  9  0  9  9  9  9  9  0  9  0  0  0  544  0  0  0  9  0  9  9  9  9  9  0  0  0  9  9  0  0  9  9  9  9  0  9  9  9  0  0  9  9  9  9  
519  0  519  0  519  0  0  535  0  0  510  0  0  510  510  510  0  0  510  0  0  9  9  0  9  9  9  9  9  0  0  0  9  9  9  0  9  0  9  9  9  9  9  9  9  9  0  0  541  541  0  551  0  551  0  9  9  9  0  0  9  0  9  9  0  9  0  0  544  544  544  544  0  0  0  9  0  9  9  0  9  9  0  0  555  0  0  9  9  0  9  9  9  9  9  9  9  9  0  9  
519  0  519  0  519  0  0  535  0  510  510  510  0  510  510  510  510  510  510  510  510  0  9  9  9  9  0  9  0  510  510  0  0  0  9  9  9  9  9  9  9  9  9  9  9  9  0  541  541  0  0  551  551  551  551  0  0  0  0  9  9  9  0  9  9  9  9  0  544  544  544  544  0  561  0  0  562  0  0  0  9  0  0  555  555  555  0  9  9  9  0  9  0  0  9  9  9  0  9  9  
0  519  519  0  519  0  0  0  0  510  510  510  510  510  0  510  0  510  0  510  510  0  9  0  0  0  9  9  0  0  510  510  0  510  0  0  9  9  0  0  9  9  9  0  9  0  541  541  0  569  0  551  0  0  0  570  0  0  0  9  9  9  9  9  9  0  9  9  0  544  544  0  0  0  0  562  562  562  0  0  9  9  0  555  555  0  0  9  9  9  9  9  9  9  0  9  0  0  0  9  
0  519  519  519  0  0  0  510  510  0  510  510  0  0  0  510  510  510  510  510  0  0  9  9  0  0  9  9  0  0  510  510  0  510  510  510  0  9  9  9  0  9  9  9  0  541  541  541  541  0  0  551  0  574  0  0  0  9  9  9  9  0  9  0  9  9  9  9  9  0  544  0  0  562  562  562  0  562  562  0  9  0  0  555  0  9  9  9  0  9  9  9  9  0  578  0  579  579  0  9  
0  0  519  0  0  580  580  0  510  510  510  510  0  0  581  0  510  0  510  510  510  510  0  0  9  9  9  9  0  510  0  510  0  0  510  0  510  0  0  0  0  9  0  0  585  0  541  541  0  551  0  551  0  0  9  9  9  9  0  9  9  0  9  9  9  0  0  0  0  588  0  0  0  562  562  0  0  0  0  9  9  0  0  555  0  9  0  9  0  9  0  9  9  9  0  590  0  0  0  9  
519  519  519  0  592  0  0  0  510  0  0  0  510  0  0  510  510  0  0  0  510  0  0  0  0  0  0  0  0  510  510  510  0  510  510  510  510  510  510  0  510  0  510  510  0  541  541  0  551  551  551  551  0  600  0  9  9  9  9  0  0  9  9  9  9  0  588  588  588  588  0  0  603  0  562  562  0  9  0  9  9  9  9  0  0  0  0  9  0  9  9  0  9  9  0  590  590  0  9  9  
519  0  0  510  0  607  0  0  510  0  0  510  510  0  609  0  510  0  610  0  510  510  510  0  510  0  0  0  0  510  510  0  510  0  510  510  510  0  510  0  510  0  510  510  0  541  0  0  0  551  551  551  551  0  9  9  0  9  9  0  9  9  0  9  0  588  588  0  0  588  588  0  0  562  562  562  0  9  9  9  0  0  9  0  0  0  9  9  9  9  9  9  0  9  0  0  0  618  0  0  
0  0  510  510  510  0  0  510  510  510  510  510  510  0  0  510  510  0  0  510  510  510  0  510  510  0  510  510  510  510  510  0  510  0  0  510  510  0  510  0  510  510  0  510  510  0  625  0  0  0  551  0  551  0  0  0  0  0  9  0  9  0  0  0  588  588  588  0  627  0  0  628  0  562  0  562  0  9  9  0  0  9  9  9  9  9  9  0  9  0  9  9  0  0  0  630  630  0  0  0  
0  510  510  510  510  0  510  510  510  510  0  0  0  0  510  510  0  0  510  0  0  510  510  510  510  0  510  0  510  0  510  510  510  510  510  0  510  0  510  0  510  510  510  510  510  0  0  635  635  0  551  0  0  636  636  0  637  637  0  638  0  639  0  0  0  588  588  588  0  628  628  628  0  0  0  0  0  0  0  0  628  0  0  9  9  0  9  9  9  9  9  9  0  642  642  0  0  643  643  0  
644  0  510  510  0  510  510  510  510  510  510  0  510  0  510  0  0  510  510  0  510  0  510  510  510  0  510  0  0  510  510  510  510  510  0  0  510  510  510  510  510  510  510  510  0  635  635  635  0  0  551  0  0  636  636  0  0  637  0  0  651  0  0  0  0  588  588  588  0  628  628  628  628  628  0  652  0  0  628  628  628  628  0  9  9  0  9  9  9  0  9  0  642  642  642  0  0  0  643  0  
0  510  510  510  510  510  0  510  0  510  510  510  510  510  510  510  0  510  510  510  510  510  0  0  510  510  510  510  510  0  510  510  510  0  0  510  510  0  510  510  0  510  510  0  0  0  0  635  0  0  551  0  657  0  0  0  0  0  0  0  651  651  0  628  628  0  0  0  628  628  628  628  628  628  0  652  0  660  0  628  628  0  0  9  0  0  9  9  9  9  9  9  0  642  642  0  661  0  0  661  
0  510  0  0  0  510  510  0  510  510  510  510  510  510  0  0  510  510  510  510  510  0  665  0  0  0  510  510  510  0  510  510  0  666  0  510  510  510  510  510  510  0  510  510  0  0  0  0  0  0  551  0  0  510  510  0  0  510  0  669  0  651  0  0  628  628  628  0  628  628  0  628  0  0  652  652  652  0  0  0  628  628  628  0  671  671  0  0  0  9  0  0  642  642  642  0  661  0  661  661  
674  0  0  0  0  510  0  675  0  0  0  510  0  0  0  0  510  510  0  510  510  510  0  510  0  0  0  510  510  510  510  0  510  0  510  510  0  0  510  0  0  0  510  510  510  510  0  510  0  680  0  510  510  510  0  510  0  510  510  0  683  0  0  0  628  0  0  0  628  628  0  628  628  628  0  652  0  628  0  0  0  0  628  628  0  0  0  642  0  0  642  0  642  0  642  0  661  0  0  661  
0  510  0  510  0  510  0  675  0  0  510  510  0  510  510  0  510  510  0  510  510  510  510  510  510  510  510  0  510  510  0  0  510  510  0  510  510  0  510  0  510  510  510  0  510  0  0  510  0  680  0  510  510  0  0  510  0  0  510  510  0  0  628  628  628  628  628  628  628  0  628  628  0  0  694  0  0  628  0  695  695  695  0  628  0  642  642  642  642  642  642  642  642  642  0  0  661  661  661  661  
510  510  510  510  510  510  510  0  510  0  510  0  510  510  0  510  510  510  510  0  510  510  0  0  510  0  510  0  510  0  0  510  510  510  510  0  0  510  510  0  0  510  510  0  510  510  510  510  510  0  0  0  510  510  510  510  510  510  510  510  0  510  0  628  628  0  628  628  628  0  0  628  0  0  694  0  628  628  628  0  0  0  628  628  0  642  642  642  642  0  642  642  642  642  642  642  0  0  661  661  
0  510  0  0  510  510  0  0  510  510  510  0  0  510  510  510  0  0  510  510  510  510  510  510  0  0  510  510  510  510  510  510  510  0  510  0  706  0  510  0  0  510  510  510  0  0  510  0  510  0  510  510  510  510  0  510  0  510  0  510  510  510  510  0  628  0  0  0  628  0  628  628  0  0  0  628  628  628  0  628  0  628  628  0  642  642  642  0  642  0  642  0  642  0  642  0  0  0  0  661  
0  510  510  0  0  510  510  0  510  510  510  0  510  510  0  510  510  0  510  0  0  510  510  510  0  510  510  510  510  0  0  510  0  510  0  0  0  0  510  0  716  0  0  510  0  510  510  510  510  510  0  0  0  510  510  510  0  0  0  510  510  0  0  0  0  0  0  0  0  628  628  0  628  628  628  628  0  0  628  628  628  628  0  0  642  642  0  0  0  0  642  642  0  721  0  721  721  0  0  661  
510  510  510  510  0  510  510  0  0  0  510  0  510  510  0  510  0  724  0  0  510  0  0  510  510  510  0  510  0  0  0  0  510  510  510  0  0  510  510  0  0  0  0  0  0  0  510  0  0  510  0  510  510  510  510  0  0  729  729  0  510  510  0  730  730  730  0  730  0  628  628  628  628  628  0  628  628  0  628  0  628  0  732  0  642  642  642  0  0  721  0  0  721  721  721  721  721  0  0  0  
510  0  510  510  0  0  510  0  510  0  510  0  510  510  510  0  724  724  724  0  510  0  0  510  0  0  0  510  0  0  510  510  510  0  0  0  0  510  510  510  0  738  0  0  510  0  510  510  510  510  0  510  510  0  0  740  740  0  0  741  0  510  510  0  730  730  730  730  730  0  0  628  0  0  742  0  628  628  628  628  0  0  0  642  642  642  642  0  721  721  0  721  721  721  721  721  721  0  746  746  
0  747  0  510  510  510  0  0  510  510  510  510  510  510  510  0  724  724  0  510  510  510  0  510  510  0  510  510  510  0  510  0  510  510  510  0  0  510  0  510  0  0  510  510  510  510  510  510  0  0  0  0  510  510  0  0  0  510  510  0  0  0  510  0  0  0  0  0  0  752  0  0  753  0  0  754  0  0  628  0  0  755  755  0  0  0  0  0  721  0  0  0  721  0  721  0  0  746  0  746  
510  0  510  510  510  510  510  0  0  510  510  0  510  510  510  0  0  0  510  510  510  510  0  510  0  510  510  510  510  0  510  510  510  510  0  510  510  0  0  0  510  510  510  510  0  510  510  510  0  0  0  510  510  510  510  510  510  510  510  0  510  510  510  510  510  510  510  0  510  0  753  0  753  0  754  754  0  628  628  0  0  0  755  755  0  0  721  0  721  0  721  721  721  721  0  0  746  746  746  746  
510  510  510  0  0  510  0  0  0  510  0  0  0  510  510  510  510  510  510  0  510  0  510  510  510  0  510  510  510  510  510  510  0  0  510  0  510  0  510  510  0  510  0  510  510  510  510  0  0  510  0  510  0  0  510  510  510  510  510  510  510  0  510  510  510  510  510  510  510  0  753  753  753  0  754  754  754  0  628  628  0  755  755  0  721  0  721  721  721  721  721  721  721  721  0  0  746  0  0  746  
0  510  510  510  0  510  0  510  0  0  510  510  0  510  510  0  510  0  510  510  0  510  510  0  0  510  510  0  0  510  0  510  510  510  510  510  510  0  0  510  510  510  0  0  510  0  0  782  0  510  0  0  510  510  510  510  510  510  0  510  510  510  510  510  510  0  0  0  0  0  0  753  753  753  0  754  754  0  0  0  0  0  0  721  721  0  0  0  721  721  0  721  721  0  0  0  746  746  746  746  
785  0  510  510  0  0  510  510  0  510  510  510  510  510  0  0  0  510  510  0  510  510  510  0  0  510  510  0  0  0  510  510  0  510  510  0  510  0  510  510  0  510  510  0  0  510  510  0  0  510  510  0  510  510  0  0  0  0  510  510  0  510  510  0  0  0  0  794  794  0  753  753  753  0  796  0  0  797  797  797  797  0  721  721  721  721  0  721  721  721  0  0  721  721  721  0  746  0  0  746  
0  0  0  510  0  0  510  510  510  510  510  0  510  510  510  0  800  0  0  801  0  0  510  510  510  510  510  0  510  510  510  510  510  510  0  0  0  510  510  510  510  0  0  510  0  0  510  510  0  0  510  0  510  510  0  805  805  0  510  0  0  510  510  510  0  794  794  794  794  0  0  0  753  753  0  807  0  797  0  797  0  721  721  721  721  721  0  721  721  0  721  0  721  721  0  746  746  0  0  0  
0  0  0  510  0  0  0  510  0  0  510  510  510  0  510  510  0  510  0  0  0  0  510  510  0  510  510  510  510  510  0  510  510  510  510  0  510  0  0  0  510  510  510  510  0  0  510  510  510  510  510  510  510  510  0  805  0  0  510  0  510  510  510  0  0  794  794  794  794  0  510  510  0  0  815  0  816  0  817  0  510  0  0  0  721  721  0  721  721  721  721  0  721  0  746  746  746  746  0  820  
0  0  510  510  510  0  0  0  510  0  0  0  0  0  510  0  0  510  510  510  0  510  510  510  510  510  510  510  510  0  0  0  510  510  510  0  510  510  510  0  510  510  0  510  510  0  0  510  510  510  510  0  510  0  510  0  825  0  510  510  0  510  510  510  0  0  0  0  0  510  0  510  510  0  0  510  0  828  0  510  510  510  0  721  721  721  0  0  0  0  721  721  721  0  0  0  0  0  0  820  
831  0  510  0  510  0  0  510  510  0  833  0  0  510  510  510  510  510  0  510  510  510  0  510  0  0  0  0  0  0  835  0  0  0  510  510  510  0  510  0  0  0  510  510  0  510  510  0  0  0  510  0  510  510  510  510  0  510  0  0  839  0  0  510  510  0  510  510  510  510  510  510  510  510  510  510  510  0  0  510  0  0  721  721  0  721  721  0  721  721  721  0  721  721  0  0  820  820  0  820  
0  510  510  0  510  510  510  510  510  510  0  510  510  510  0  0  0  510  510  0  510  510  510  510  510  0  846  0  0  847  0  510  510  0  0  0  510  510  510  510  510  510  510  510  510  510  0  510  510  0  510  510  510  0  510  510  0  510  510  0  839  839  0  510  510  0  510  0  0  510  510  510  0  0  510  510  510  0  0  510  0  0  0  0  721  721  0  0  0  721  721  721  0  721  721  0  0  820  820  820  
0  510  510  510  510  0  510  0  510  0  510  510  510  510  510  0  0  0  510  0  0  510  510  0  0  846  846  846  846  0  0  510  0  853  853  0  0  0  0  0  510  0  510  510  510  0  510  510  510  0  0  510  510  510  0  0  510  510  510  510  0  0  0  510  510  510  0  856  856  0  0  0  0  510  510  0  510  510  510  510  0  0  0  0  0  721  721  721  721  721  721  721  721  721  0  0  0  820  820  820  
510  510  0  510  510  510  510  0  0  0  510  510  510  0  510  0  0  510  510  510  0  0  510  0  510  0  846  846  846  0  0  510  0  0  853  853  0  510  510  510  510  0  0  510  510  510  510  510  0  862  0  510  0  0  510  510  510  0  510  510  0  0  510  510  510  510  0  856  856  856  856  856  0  0  510  510  510  0  0  510  0  0  865  865  865  0  721  721  721  721  0  721  0  721  721  0  721  0  820  820  
0  510  510  0  0  510  510  510  510  510  0  0  510  510  510  510  510  510  0  0  510  510  0  510  510  510  0  846  0  510  0  510  510  510  0  0  510  510  510  510  0  510  510  0  510  0  0  510  510  0  0  0  0  510  0  510  510  510  510  510  0  510  510  0  510  0  874  0  856  0  0  856  0  0  0  510  510  0  0  510  0  865  865  0  0  0  0  0  721  721  721  0  721  721  721  721  721  721  0  0  
0  0  510  510  0  0  510  510  510  510  0  0  0  510  510  510  0  510  510  510  510  510  510  0  510  510  0  0  510  510  0  510  0  0  0  510  510  510  0  510  510  0  510  510  510  0  510  510  510  0  510  0  510  510  510  510  510  510  510  510  510  510  0  510  510  0  874  874  0  883  0  0  884  884  0  510  510  510  510  510  510  0  0  510  510  0  886  886  0  0  721  721  721  0  0  0  0  721  0  0  
0  510  510  510  510  0  0  0  510  510  510  510  510  0  510  510  510  0  510  0  0  510  510  510  510  510  0  510  510  510  510  510  510  0  889  0  510  510  510  510  0  510  510  510  510  0  510  510  0  0  510  510  510  510  510  510  510  510  510  0  510  0  510  510  0  874  874  0  883  883  0  0  0  0  894  0  0  510  510  0  0  510  510  510  0  0  0  886  0  0  721  0  0  721  0  721  721  0  0  0  
510  510  510  0  510  0  510  510  510  510  0  510  510  0  510  510  0  510  0  510  510  0  510  0  0  510  0  510  510  510  0  510  0  0  889  0  510  0  0  510  510  0  510  510  0  0  510  510  510  0  510  0  510  0  0  0  510  510  510  0  0  510  0  510  0  874  0  510  0  883  0  0  510  0  0  510  510  510  510  510  510  510  510  510  510  510  510  0  906  0  721  721  721  721  721  721  0  907  907  907  
510  0  510  510  510  0  510  0  0  0  510  510  510  510  510  510  510  510  510  510  510  510  510  0  0  510  510  510  510  0  909  0  910  910  0  0  510  0  510  510  510  0  510  510  510  510  0  510  510  510  510  510  0  510  510  0  510  0  0  0  0  510  510  510  510  0  0  510  510  0  510  0  510  510  0  510  0  0  0  510  510  0  510  510  510  510  510  0  0  914  0  0  721  721  721  0  915  0  0  907  
510  0  510  510  0  0  510  510  510  510  510  510  510  510  0  510  0  0  510  0  510  510  510  0  510  510  0  510  510  0  0  917  0  0  918  0  510  510  510  510  510  510  510  0  510  0  510  510  0  510  0  510  510  510  510  0  510  510  510  0  510  510  510  510  510  510  0  510  0  510  510  510  510  0  510  510  510  0  0  0  510  510  510  0  0  510  510  0  914  914  0  914  0  0  721  0  915  915  0  0  
510  510  510  0  0  925  0  0  510  0  0  0  0  510  510  0  0  0  0  510  510  510  510  0  0  0  927  0  510  510  0  917  917  917  0  0  0  510  510  510  510  510  510  510  0  510  510  510  510  510  510  0  510  510  510  0  0  510  510  0  0  0  510  0  510  510  0  510  510  510  510  0  510  0  510  510  0  0  0  510  510  510  510  510  510  0  510  510  0  914  914  914  0  930  0  0  0  915  0  0  
0  0  510  510  0  925  0  510  510  510  0  932  0  0  0  0  0  0  0  510  0  510  510  510  510  510  0  0  0  0  0  0  0  0  510  0  510  510  510  510  510  0  510  0  510  510  510  510  510  0  0  0  0  510  0  0  510  510  510  0  0  937  0  510  510  0  510  0  510  0  0  510  510  0  0  0  0  0  510  0  510  510  0  0  510  510  510  510  0  0  0  0  0  930  0  0  930  0  943  0  
510  510  510  0  0  0  0  0  510  510  0  0  0  510  510  510  510  0  510  510  0  510  0  510  510  510  510  510  510  0  947  0  510  510  510  510  510  0  0  510  510  510  0  510  510  510  0  510  0  950  950  0  510  510  0  0  0  0  0  0  952  0  0  510  0  510  510  0  0  954  954  0  510  510  0  955  0  510  510  510  0  510  510  510  510  510  510  0  0  930  930  930  930  930  930  930  930  930  0  0  
0  510  0  0  510  510  510  510  0  510  510  510  510  0  0  510  510  0  510  0  510  510  0  0  510  510  510  0  510  510  0  960  0  0  510  0  0  961  0  0  510  0  962  0  510  510  0  510  0  0  0  963  0  0  964  0  0  965  0  966  0  0  510  510  510  510  510  510  510  0  0  510  510  510  510  0  510  510  510  0  0  510  510  0  0  510  0  970  970  0  930  930  930  0  0  0  0  930  0  971  
510  510  510  510  510  510  510  510  0  510  510  510  0  973  973  0  510  510  0  510  510  510  510  510  0  510  0  510  510  0  976  0  977  977  0  978  0  961  0  961  0  510  0  510  510  0  0  0  0  964  0  0  964  0  964  964  964  0  966  966  0  966  0  0  510  510  510  0  510  0  510  510  510  0  510  510  510  0  510  510  0  0  510  510  510  0  987  0  970  0  0  930  0  0  0  930  930  930  0  0  
510  510  510  510  510  510  510  510  510  510  0  510  0  973  0  510  510  510  0  0  510  510  510  510  510  0  510  510  510  0  0  977  977  977  0  0  961  961  0  961  0  510  510  510  0  993  993  0  964  964  964  964  964  964  964  0  964  0  0  966  966  966  966  966  0  0  0  510  510  0  510  510  0  996  0  510  510  510  510  510  510  510  510  510  510  510  0  970  970  0  930  930  930  0  930  930  930  0  0  1000  
0  510  510  510  510  0  510  0  510  0  1001  0  0  0  1002  0  510  510  510  510  510  510  0  0  510  510  0  510  510  0  0  0  0  977  977  0  0  961  961  961  0  510  510  510  510  0  993  0  0  0  964  964  0  964  964  964  0  966  966  966  966  0  966  966  966  0  1004  0  510  510  510  510  510  0  0  510  510  510  0  510  510  510  510  0  0  0  0  970  0  0  930  930  930  930  930  930  0  1005  0  1000  
0  510  0  0  0  510  510  0  510  0  1001  0  1007  1007  0  1008  0  0  0  0  510  510  510  510  510  0  0  0  510  510  0  0  977  977  0  1010  0  0  0  961  0  0  0  510  510  0  993  0  0  964  964  0  0  0  964  964  964  0  0  966  966  0  0  966  0  1004  1004  1004  0  510  510  510  510  510  0  510  0  510  0  510  0  510  0  970  970  970  970  970  0  930  930  930  0  0  930  0  1015  0  1016  0  
