2  2  0  3  3  3  0  0  0  4  4  4  0  0  0  0  5  5  0  5  5  0  0  7  0  8  8  8  0  0  8  8  8  0  10  0  10  10  0  0  0  12  0  10  10  0  0  14  0  0  0  0  15  15  15  15  0  0  15  15  0  0  0  17  0  0  0  18  18  0  0  18  0  0  20  20  20  20  20  20  0  21  21  0  20  0  0  0  0  23  0  24  0  25  0  26  26  26  26  26  
2  0  0  0  0  0  0  0  10  0  0  4  4  0  0  0  0  5  5  5  0  0  28  0  0  8  8  8  8  8  8  0  8  0  10  10  10  10  10  10  10  0  10  10  0  10  10  0  31  31  31  31  0  0  15  15  15  0  15  15  15  0  0  17  17  0  32  0  18  18  18  18  18  0  0  0  0  20  20  20  20  0  0  0  20  20  0  33  33  0  24  24  0  0  26  26  26  0  26  26  
2  0  10  0  10  10  10  10  10  0  0  4  4  4  4  0  5  5  5  0  0  0  0  0  0  8  0  0  8  8  0  0  8  8  0  0  10  10  10  0  0  10  10  10  10  10  0  31  31  31  31  0  15  15  15  0  15  15  15  15  15  0  17  17  17  17  0  18  18  18  18  0  18  18  18  0  20  20  0  20  20  0  20  20  20  0  0  33  33  33  0  0  26  26  0  0  26  26  0  26  
0  0  10  10  10  0  10  10  10  10  10  0  0  0  0  0  0  0  0  0  10  10  0  10  10  0  49  49  0  0  10  10  0  0  0  0  0  10  10  10  10  10  0  10  10  0  31  31  31  31  0  52  0  0  0  53  0  15  0  15  15  0  0  0  0  0  0  18  0  18  0  18  0  0  18  0  20  0  20  20  0  0  0  20  0  0  0  0  0  0  0  20  0  26  26  26  0  26  26  0  
0  0  10  10  10  10  0  10  0  10  0  10  10  0  0  10  10  0  10  10  10  10  10  10  0  0  0  0  0  0  10  10  10  10  10  10  0  10  0  10  10  10  10  10  0  60  0  31  0  0  0  0  53  53  53  53  53  0  15  15  15  0  63  0  18  0  18  18  18  0  0  18  18  0  18  0  20  0  20  20  20  20  20  20  20  20  20  0  20  20  20  20  0  26  0  26  26  0  26  26  
0  10  10  0  10  10  10  10  10  10  10  10  0  68  0  10  10  10  10  10  10  10  0  0  10  10  10  10  0  0  0  0  10  0  10  10  10  10  0  10  0  10  0  10  10  0  0  0  10  0  0  53  53  0  53  53  53  0  15  0  15  0  63  0  18  18  18  0  18  18  18  18  18  0  0  18  0  73  0  0  20  20  20  20  0  20  20  0  20  20  20  20  20  0  26  26  0  26  0  26  
10  10  0  10  10  10  0  0  10  0  0  10  10  0  10  10  10  10  0  10  10  10  10  0  10  10  10  10  10  0  10  10  10  10  10  0  10  10  10  10  0  0  10  10  10  10  10  0  10  0  53  53  53  53  53  53  53  53  0  0  15  15  0  82  0  0  18  18  18  18  18  18  18  18  0  18  18  0  0  83  0  0  20  20  20  20  20  20  20  0  20  20  20  0  0  26  26  26  26  26  
10  10  0  10  10  0  10  10  10  10  0  0  10  10  10  10  10  0  85  0  0  0  10  0  0  0  10  0  10  10  0  10  0  10  0  86  0  0  0  10  10  10  0  0  0  10  10  10  10  10  0  53  53  0  0  53  53  53  53  0  15  0  18  0  18  18  18  0  18  18  18  18  18  18  18  18  0  0  0  0  89  0  20  20  20  20  0  20  0  20  20  20  20  0  91  0  0  26  26  26  
0  10  10  10  10  0  10  10  10  0  0  0  0  10  10  10  10  10  0  0  0  10  10  10  10  0  10  10  0  10  10  10  0  0  0  0  18  18  18  0  10  0  0  0  10  10  10  10  0  10  0  53  0  95  0  0  0  0  0  0  0  18  18  18  18  18  18  18  18  18  18  18  0  0  0  18  18  0  0  0  0  0  20  0  20  0  0  0  20  20  20  20  20  20  0  0  26  26  0  0  
99  0  10  0  10  10  0  10  10  10  0  0  10  10  0  10  10  0  101  0  0  10  0  10  0  10  0  10  10  0  0  10  0  18  18  18  18  18  18  0  0  0  18  0  10  10  0  0  105  0  105  0  95  95  95  95  95  0  108  0  0  18  18  0  18  0  18  18  18  0  18  18  18  0  0  18  0  109  0  110  110  110  0  0  0  20  0  20  20  0  0  20  20  20  0  0  26  26  0  113  
0  10  10  0  10  0  0  10  0  0  0  0  0  10  10  10  10  0  101  101  101  0  0  0  10  10  10  10  0  10  10  10  0  18  18  18  18  0  18  18  18  18  18  18  0  10  0  0  105  105  105  0  95  0  0  0  95  0  0  117  0  18  18  18  0  18  18  0  18  0  18  18  0  0  0  0  0  0  110  110  110  0  20  20  20  20  20  0  0  0  20  20  0  20  20  20  0  0  0  113  
0  10  10  10  10  10  0  0  122  0  123  123  0  0  10  0  0  0  101  101  0  10  10  0  10  0  0  10  10  0  10  10  0  18  18  18  18  18  0  18  18  18  18  0  18  0  0  18  0  105  105  0  95  95  95  95  0  0  0  0  127  0  18  18  0  18  0  0  0  18  0  18  0  18  0  0  130  130  0  110  0  20  20  20  20  20  20  0  132  132  0  20  20  0  20  20  20  0  20  0  
10  10  0  10  0  0  0  135  0  10  0  0  10  10  10  0  138  138  0  0  10  10  0  10  10  10  10  10  0  141  0  0  18  0  18  0  18  0  143  0  0  0  0  0  18  18  18  18  0  0  0  0  0  95  95  95  95  95  95  95  0  144  0  18  18  0  18  0  18  18  0  18  18  18  0  130  130  130  0  0  0  20  20  20  20  20  20  20  0  0  20  20  0  20  20  0  20  20  20  0  
10  10  10  10  10  10  10  0  10  10  10  10  10  10  0  0  0  0  0  10  0  10  10  10  10  10  0  10  0  0  0  18  18  0  0  0  18  18  0  0  18  0  18  18  18  18  18  0  0  95  95  0  0  95  0  95  95  95  95  0  144  144  0  0  18  0  18  18  0  18  18  0  0  18  18  0  130  0  0  0  20  20  20  20  0  20  20  0  20  20  0  20  20  0  20  20  0  0  20  20  
0  10  10  0  10  0  0  0  0  0  0  10  0  10  10  10  0  0  10  10  0  10  0  0  10  10  0  10  10  0  18  18  18  18  0  18  18  0  0  18  18  18  18  18  0  18  0  18  0  0  95  95  95  95  0  95  95  95  0  0  144  0  18  18  18  18  0  18  0  0  18  18  0  18  18  18  0  0  20  20  20  20  20  20  0  0  20  20  20  20  20  20  20  20  20  0  0  0  20  0  
0  10  10  0  10  0  0  10  10  0  0  10  0  10  0  10  10  10  10  10  10  0  10  10  0  10  0  10  10  10  0  18  0  18  18  18  18  18  18  18  18  18  18  18  0  18  0  18  18  18  0  95  95  95  0  95  95  95  0  0  0  18  18  0  18  0  18  18  18  18  0  18  18  18  18  0  0  0  20  0  0  0  0  20  20  20  0  0  20  0  20  20  20  0  20  20  20  0  20  0  
10  0  10  0  10  10  0  0  10  10  10  10  10  0  171  0  10  0  0  10  10  10  10  0  0  10  10  10  10  0  0  18  18  0  0  18  18  0  0  18  18  0  18  18  18  0  18  18  18  18  0  0  0  0  173  0  95  95  95  95  0  18  18  0  18  18  0  18  18  0  18  18  0  0  0  20  20  20  20  20  20  0  20  20  0  20  20  20  0  20  20  20  20  20  0  20  0  20  20  20  
10  10  0  179  0  10  0  0  10  0  10  0  0  171  171  171  0  10  10  10  0  10  0  10  10  10  10  10  0  10  10  0  0  18  18  18  0  185  0  0  18  18  0  0  18  18  18  18  18  18  0  18  0  18  0  0  95  95  95  95  0  18  0  0  0  18  18  18  18  18  18  18  0  20  20  20  20  0  20  20  20  0  0  0  0  20  0  20  0  20  20  20  0  0  0  0  0  0  20  0  
0  10  10  0  10  10  0  0  10  0  10  0  0  0  0  171  0  10  10  0  10  10  0  0  0  10  0  10  0  10  0  0  18  18  18  18  18  0  18  18  0  18  18  18  0  18  0  18  18  0  18  18  18  18  0  18  0  0  95  0  195  0  0  18  18  18  18  18  18  0  18  18  0  0  0  0  20  20  0  0  0  20  20  0  20  20  0  20  20  0  0  0  0  199  199  199  0  0  0  200  
0  0  10  10  10  0  0  201  0  10  10  0  203  0  0  0  0  10  10  10  0  10  10  10  10  10  0  10  0  10  10  0  0  18  18  18  18  18  18  18  18  0  0  18  18  0  0  0  18  0  18  18  18  0  18  18  18  18  0  18  0  18  0  18  0  18  18  18  0  0  0  18  18  18  0  20  20  0  0  20  20  20  20  20  20  0  20  20  0  0  20  20  0  0  0  0  211  211  0  0  
212  212  0  10  10  10  0  0  10  10  0  214  0  215  215  0  216  0  10  0  217  0  10  0  10  10  0  10  10  10  10  10  10  0  18  0  18  18  18  18  0  18  18  18  0  18  18  0  18  0  0  18  18  18  18  18  18  18  18  18  18  18  0  0  18  18  0  18  18  0  0  18  18  18  0  0  20  20  20  20  20  0  20  20  20  20  20  20  20  20  20  0  20  0  0  211  211  211  211  211  
0  212  0  10  0  0  0  0  10  0  0  0  0  0  215  0  0  223  0  0  0  0  10  0  10  10  10  0  10  10  0  10  0  0  18  0  0  18  0  18  0  18  18  18  18  18  0  18  18  18  0  18  18  0  18  18  18  0  18  0  18  18  18  18  18  18  18  18  18  18  0  18  18  18  18  0  20  0  20  0  20  0  20  0  20  20  20  20  20  20  20  20  20  20  0  211  211  211  211  211  
212  212  0  10  0  212  212  212  0  212  0  0  0  212  0  229  0  223  0  10  10  10  10  10  0  10  10  10  0  10  10  10  10  10  0  0  18  18  18  0  0  18  0  18  18  18  18  18  18  18  18  18  18  0  18  18  18  18  0  0  0  0  0  18  0  0  0  18  18  18  18  0  0  18  18  18  0  20  20  0  20  20  20  0  20  20  20  0  0  0  0  20  0  0  211  211  211  211  211  0  
212  212  212  0  212  212  212  0  212  212  212  212  0  212  212  0  0  0  0  0  10  10  10  0  10  0  0  0  10  10  10  0  0  10  0  0  18  18  0  0  0  0  0  0  18  18  0  0  18  18  0  0  18  18  0  18  18  18  0  18  18  18  18  18  0  18  18  0  18  0  18  18  0  0  18  18  0  20  0  20  0  0  20  0  20  20  20  20  0  20  20  20  0  211  211  211  211  211  0  211  
212  212  212  212  212  212  0  0  0  212  212  212  212  212  0  244  0  10  10  10  10  10  10  0  10  0  10  10  10  0  10  10  0  10  0  18  18  18  18  18  18  18  0  18  18  0  18  18  18  18  0  250  0  18  18  0  0  18  18  0  18  18  18  0  18  18  18  18  18  18  18  0  0  0  0  18  0  20  20  20  0  20  0  0  20  20  20  0  20  20  20  0  211  211  0  211  0  0  0  211  
212  0  0  212  0  212  212  0  212  212  0  212  212  0  0  0  0  10  0  10  0  10  10  10  10  10  10  10  0  0  10  0  256  0  18  0  18  18  0  18  18  0  258  0  0  259  0  0  18  18  0  0  18  0  18  18  0  18  18  0  18  0  0  0  0  18  18  18  18  18  0  261  0  18  18  18  0  0  0  0  20  20  20  20  20  20  20  20  20  20  20  0  211  0  211  0  265  0  211  211  
0  0  0  212  0  212  0  212  212  0  0  0  212  0  10  10  0  10  10  10  10  0  10  0  10  10  10  10  10  10  0  0  0  18  18  18  18  18  0  0  18  0  0  270  270  0  0  271  0  0  18  18  18  0  0  0  0  18  18  18  0  18  0  18  18  18  18  0  18  18  0  0  0  0  0  18  18  0  0  0  20  0  20  0  0  20  20  20  0  20  0  211  211  211  211  211  0  0  211  0  
212  212  0  0  0  212  212  212  212  0  212  0  0  0  10  10  10  10  0  10  0  0  10  10  0  0  10  0  10  10  10  0  18  18  18  18  18  18  0  18  18  18  0  0  270  270  270  0  18  18  18  18  18  0  18  18  18  18  18  18  18  18  0  18  18  18  18  18  18  18  0  0  18  18  18  0  0  0  0  0  20  20  0  18  0  20  20  20  20  20  0  211  211  211  211  0  211  211  211  0  
0  212  212  0  0  212  212  212  212  212  212  0  10  10  0  0  10  0  0  10  0  0  10  10  10  0  0  0  0  10  10  10  0  0  0  0  18  18  18  0  0  0  0  270  270  270  270  270  0  18  18  18  18  18  18  18  0  18  18  0  0  18  0  18  18  18  0  18  18  18  18  0  18  0  0  0  18  18  0  288  0  20  0  18  0  20  20  20  20  0  211  211  0  211  211  211  211  0  0  0  
290  0  212  212  212  212  212  212  212  0  0  0  10  10  10  10  10  10  10  0  291  291  0  0  10  10  0  0  0  10  10  10  10  10  0  0  18  18  0  10  10  10  10  0  270  270  0  0  293  0  18  18  0  0  18  18  0  18  0  18  18  18  0  18  0  0  0  18  0  0  18  0  18  0  18  0  18  18  0  0  18  0  18  18  0  20  20  0  20  0  211  211  211  211  0  0  211  211  0  0  
290  0  212  212  0  212  212  0  0  298  298  0  10  10  0  10  10  0  10  10  0  0  0  10  0  10  10  0  10  10  0  0  10  0  301  0  0  18  0  0  0  0  10  10  0  0  10  10  0  0  0  0  0  0  18  0  18  0  18  0  18  18  18  18  18  18  18  18  18  18  18  18  18  18  18  0  18  18  18  18  18  18  18  18  18  0  0  305  0  211  211  0  211  0  211  0  0  211  211  211  
0  212  212  212  0  0  0  0  0  298  0  10  10  10  10  0  10  10  0  0  10  10  10  10  10  0  0  0  10  10  10  10  0  301  301  0  0  0  10  0  0  10  0  10  10  10  10  10  0  0  314  0  315  0  18  18  18  18  18  0  18  18  18  0  0  18  0  18  0  0  18  0  18  18  0  0  0  0  0  0  18  0  18  0  18  0  305  305  0  211  0  211  211  211  211  211  211  211  211  211  
0  0  0  0  0  318  318  318  0  0  10  10  0  10  0  0  10  10  0  0  0  10  0  10  10  0  10  10  10  10  0  10  0  301  0  0  10  0  10  10  10  10  10  10  0  10  0  0  322  0  0  0  315  315  0  0  18  18  18  0  18  0  18  18  0  18  0  0  18  0  18  0  0  0  324  0  0  18  18  18  18  18  0  0  18  0  0  0  0  211  0  0  0  0  211  0  0  211  211  211  
326  0  318  318  318  0  0  318  318  318  0  0  10  10  10  10  0  10  0  10  10  0  0  10  10  10  0  0  10  10  0  10  0  301  0  10  10  10  10  0  10  10  10  10  0  0  331  0  322  0  322  322  0  315  315  315  0  18  18  18  0  0  18  18  18  0  18  18  18  18  0  0  18  18  0  0  18  18  18  18  18  18  18  0  18  0  0  211  0  211  211  211  0  0  0  337  0  0  211  0  
326  326  0  0  318  318  318  318  0  318  0  338  0  0  0  0  0  0  10  10  10  0  0  10  10  10  10  0  0  10  10  10  10  0  10  10  10  10  10  0  10  10  10  10  10  10  0  322  322  322  322  322  0  315  0  315  0  0  0  18  0  18  18  0  18  18  18  18  18  18  0  0  18  0  18  18  18  0  18  18  18  18  18  18  0  211  0  211  0  211  211  211  211  0  345  0  0  0  0  346  
326  326  326  0  318  318  318  318  0  318  318  0  10  10  10  0  10  10  10  0  10  0  10  10  10  0  0  10  10  0  10  0  10  10  10  0  0  10  10  10  10  10  0  10  0  0  0  322  322  322  0  0  315  315  315  0  0  315  0  18  0  18  0  18  18  18  18  0  0  18  0  18  18  18  18  18  18  18  0  18  18  0  0  0  0  211  211  211  211  0  211  0  0  355  0  355  0  0  357  0  
0  326  326  326  0  318  318  0  0  318  0  10  10  10  0  10  10  10  10  10  0  10  10  0  10  0  0  10  0  10  10  0  0  0  0  10  10  0  10  0  0  10  10  10  10  0  10  0  322  0  0  0  315  315  315  315  315  315  315  0  0  0  18  18  0  18  18  0  18  18  0  18  0  0  0  0  0  18  18  0  18  0  366  0  211  211  211  0  211  211  211  211  0  355  355  355  0  0  0  0  
0  0  326  326  0  0  318  0  0  0  0  0  0  10  10  10  10  0  10  10  10  10  0  0  0  0  10  10  10  0  10  10  10  0  10  10  10  0  10  10  10  10  10  0  10  10  10  10  0  0  370  0  0  0  315  0  0  315  315  315  315  0  0  18  0  18  18  18  0  18  18  18  0  371  371  0  18  18  0  373  0  0  366  366  0  211  211  211  0  211  211  211  211  0  355  355  355  0  374  374  
326  326  326  0  376  376  0  376  0  0  0  10  10  10  10  10  0  379  0  10  10  10  0  10  10  0  0  10  10  10  10  10  0  10  10  10  10  10  10  0  0  0  10  0  10  0  0  10  10  10  0  382  0  383  0  315  315  315  0  0  315  0  0  18  0  0  0  0  0  0  18  0  0  371  0  373  0  18  0  373  373  373  0  0  211  211  211  0  211  0  211  211  211  0  0  0  0  388  0  374  
326  0  326  326  0  376  376  376  376  0  10  10  10  10  10  10  0  0  10  10  0  10  10  10  10  10  0  10  0  10  10  0  0  10  10  10  10  10  0  391  0  0  10  10  10  0  0  10  10  10  10  0  392  0  0  0  315  315  315  315  0  392  0  0  392  392  0  0  0  18  18  0  0  0  373  373  373  0  373  0  373  373  0  211  211  211  0  0  211  0  0  211  0  211  0  211  211  0  0  0  
0  401  0  326  0  0  0  376  376  376  0  10  10  0  10  10  10  0  10  0  10  10  0  10  0  10  10  0  0  10  0  0  10  10  0  10  10  0  10  0  0  0  10  10  10  0  0  10  10  0  10  0  392  392  392  0  315  0  0  315  0  392  0  0  392  392  0  0  0  18  0  18  0  18  0  373  373  373  373  373  373  0  0  211  0  211  211  211  211  0  211  211  0  211  211  211  0  0  0  0  
0  0  0  0  408  0  376  376  0  0  410  0  0  10  0  0  10  10  0  0  10  10  10  0  0  0  0  412  0  10  10  0  0  10  10  10  0  10  10  0  0  414  0  10  10  10  10  0  0  415  0  392  0  392  392  0  0  392  0  0  392  392  0  0  0  392  0  419  0  18  18  18  18  18  0  373  373  373  373  373  0  420  0  211  211  0  211  0  211  211  211  211  211  211  211  0  421  0  0  0  
0  0  0  408  408  0  376  0  0  410  410  0  10  10  10  0  10  0  425  0  0  0  10  10  0  426  0  0  10  10  10  10  10  10  10  0  10  10  0  429  0  0  10  10  0  10  10  0  0  0  392  392  392  392  392  392  392  392  392  392  0  392  392  0  0  392  392  0  0  18  0  0  18  0  0  0  373  0  0  0  420  420  420  0  0  0  0  0  0  211  0  0  0  0  0  0  421  0  421  421  
0  434  434  0  408  0  0  0  10  0  410  0  10  0  10  10  10  0  425  0  0  436  0  0  437  0  0  10  10  10  0  0  10  10  10  10  0  10  10  0  10  10  10  10  10  10  0  0  0  392  392  392  392  0  0  0  0  0  392  392  0  392  392  392  392  392  392  0  0  0  441  441  0  392  0  392  0  444  0  0  0  0  420  0  0  0  0  445  0  211  211  211  0  446  0  0  421  421  421  421  
0  0  434  434  0  0  0  10  10  0  0  10  10  10  0  10  0  0  0  437  437  0  437  437  437  437  437  0  10  0  10  0  10  0  10  0  10  0  10  0  10  0  0  0  0  0  0  0  392  392  0  392  392  392  0  0  392  392  392  392  392  392  0  392  392  392  0  441  441  441  441  0  392  392  392  392  392  0  392  0  458  0  420  0  0  459  459  0  0  0  211  211  0  0  460  460  0  421  0  0  
0  434  434  0  0  10  0  10  10  10  0  0  10  10  0  10  10  10  0  437  437  437  437  0  0  437  437  0  10  10  10  10  10  10  10  10  10  10  10  10  10  10  10  10  10  0  0  0  0  392  392  392  0  392  392  0  0  392  0  392  0  0  392  392  0  392  0  0  441  0  0  0  0  392  392  0  392  392  392  0  458  458  0  464  0  459  459  459  459  459  0  0  0  460  460  0  466  0  467  467  
0  434  434  0  0  10  10  10  10  10  10  10  10  10  0  0  10  10  0  0  437  437  0  0  468  0  0  10  0  0  0  10  0  10  10  0  10  10  10  10  10  10  0  0  10  0  470  0  0  392  0  392  0  392  392  0  0  0  0  392  392  392  0  392  0  392  392  0  0  471  471  471  0  392  392  392  392  392  0  0  0  0  0  0  472  0  459  0  459  0  0  0  460  460  0  466  466  0  467  0  
0  0  434  0  10  10  10  0  0  0  10  10  0  10  10  10  0  10  0  10  0  0  0  468  468  468  0  10  10  10  0  0  0  10  10  0  10  10  10  10  0  10  10  10  0  0  0  0  0  392  0  0  0  392  392  0  0  392  392  392  392  392  0  392  0  392  392  0  471  471  0  0  392  0  392  392  0  0  392  392  0  0  0  0  0  0  0  0  0  460  0  460  460  0  484  0  466  466  0  466  
0  486  0  10  0  0  0  0  0  10  10  10  10  0  0  0  10  10  10  10  10  0  0  0  0  468  0  10  0  0  0  10  0  0  0  0  10  10  10  10  10  10  10  10  10  10  10  10  0  0  0  0  392  0  392  0  0  392  392  392  0  392  0  0  0  392  392  0  471  0  392  392  392  392  392  392  392  0  392  392  392  392  392  392  392  392  392  392  0  460  460  460  460  0  484  0  0  466  466  466  
0  486  0  10  10  10  10  10  0  0  10  0  10  10  10  10  0  0  10  0  10  10  10  0  10  0  0  10  10  10  10  10  10  10  10  10  10  0  0  10  0  0  10  0  0  0  10  0  392  392  0  0  392  392  392  392  0  392  0  392  392  392  392  0  392  392  392  392  0  0  392  392  0  392  0  0  0  0  0  392  0  392  392  392  392  0  392  392  392  0  460  460  0  0  484  484  0  466  466  466  
0  0  10  0  10  0  0  0  10  0  10  10  10  10  0  0  498  0  0  10  10  0  10  10  10  10  10  0  10  0  10  10  0  0  10  10  0  10  10  10  0  10  10  0  0  0  0  0  392  392  392  392  392  0  0  392  392  0  392  392  392  392  392  0  392  392  392  0  392  392  0  392  392  0  0  392  392  392  0  0  0  0  0  392  392  0  0  0  0  460  460  0  0  484  484  484  0  466  466  466  
10  10  10  0  10  10  10  10  10  10  10  10  10  0  508  508  0  509  0  0  10  10  0  0  10  0  0  0  10  10  10  10  10  10  10  10  10  10  10  0  0  0  10  0  510  0  392  392  0  392  0  392  392  0  0  0  392  392  0  0  392  0  392  392  392  0  392  0  392  0  0  0  392  392  392  392  392  392  392  392  392  392  392  392  392  392  0  460  460  460  0  0  0  0  0  484  0  466  466  466  
0  10  10  10  10  0  10  0  0  0  0  10  10  0  508  0  513  0  0  10  10  0  0  0  10  10  0  515  0  0  10  0  10  10  0  0  0  10  10  10  0  0  0  510  510  0  392  392  392  0  0  0  392  392  392  392  0  392  0  392  0  392  392  0  392  0  392  392  392  392  392  392  392  392  0  0  392  392  0  392  0  392  392  0  392  392  0  460  460  460  460  0  0  519  0  0  0  466  466  0  
0  10  10  10  0  0  10  0  520  0  10  10  10  10  0  10  0  0  10  10  0  0  0  0  0  10  10  0  524  524  0  0  0  10  10  0  10  10  10  0  0  392  0  0  510  0  392  392  0  392  392  392  392  392  392  392  392  0  0  392  0  0  392  392  0  528  0  392  392  0  0  0  0  0  529  0  392  392  0  0  0  392  392  392  0  392  0  460  460  460  460  460  460  0  0  460  460  0  0  531  
0  0  10  0  532  532  0  520  520  0  10  10  0  10  10  10  10  0  10  0  10  10  0  10  10  10  10  10  0  0  10  10  10  10  10  0  10  10  0  0  0  392  0  392  0  538  0  392  0  392  392  392  392  392  0  392  392  0  0  392  392  0  0  0  0  528  0  392  0  539  539  0  0  540  0  0  392  0  0  0  0  0  0  0  0  0  460  0  460  460  0  0  460  0  0  460  460  460  460  0  
542  0  0  0  0  0  520  520  0  0  10  10  0  0  10  10  0  10  10  0  10  0  0  10  10  0  0  10  10  10  10  10  0  10  10  0  0  10  0  10  0  392  0  392  0  538  0  392  392  392  392  0  0  0  392  392  0  0  0  392  392  392  0  547  0  528  528  0  539  539  539  0  549  0  550  550  0  539  0  552  552  0  0  0  460  460  460  460  460  460  460  460  0  0  460  460  460  460  460  460  
542  542  0  0  520  520  520  0  0  10  10  0  10  10  10  10  10  0  10  10  10  0  0  10  10  0  10  10  10  10  10  0  0  10  0  559  0  10  10  10  0  392  392  392  0  0  392  0  0  392  392  0  561  0  392  0  392  0  392  392  0  0  564  0  0  528  0  0  539  0  539  539  0  0  0  0  539  539  0  552  0  460  0  460  460  0  460  0  0  460  0  460  0  0  460  0  460  0  0  460  
0  542  542  542  0  520  520  520  520  0  10  0  10  10  0  10  0  0  0  10  10  10  10  10  0  10  10  0  0  10  10  0  0  0  392  0  10  10  0  0  392  392  392  0  0  0  392  392  392  392  392  392  0  392  392  0  392  392  392  392  392  392  0  0  0  528  0  539  539  539  539  539  0  539  539  539  539  0  575  0  460  460  460  460  460  0  460  460  460  460  460  460  460  0  460  460  0  0  0  0  
0  0  542  0  520  520  520  520  520  0  0  10  10  0  579  0  580  580  580  0  0  10  10  0  10  10  10  10  0  0  0  0  582  0  392  0  0  0  0  0  392  392  392  392  392  392  0  0  392  0  392  392  392  392  392  392  392  0  392  0  0  0  583  583  0  0  539  539  0  0  0  0  0  539  539  0  539  0  0  585  0  460  460  460  460  460  0  460  460  460  460  0  460  460  0  460  0  460  0  0  
587  587  0  520  520  520  0  520  520  0  0  10  10  10  0  0  0  0  580  580  0  10  10  0  0  0  10  0  10  10  10  0  0  0  392  392  392  392  392  392  392  392  0  392  0  392  0  0  392  392  0  0  392  392  392  392  0  392  392  392  0  583  583  0  539  0  539  539  539  539  539  0  0  539  0  539  539  539  0  0  460  460  0  460  0  460  460  460  460  0  460  460  460  460  460  460  0  460  460  460  
587  0  520  520  520  0  520  520  0  10  0  10  10  0  10  0  10  10  0  0  0  0  10  0  10  0  10  10  10  10  0  0  601  601  0  0  0  392  392  0  392  392  0  0  392  392  392  392  392  392  392  392  0  0  392  0  0  392  392  0  603  0  0  539  539  0  539  539  0  0  539  539  539  0  0  539  0  0  605  0  460  460  460  0  0  0  460  0  460  0  0  460  0  0  0  460  0  0  460  460  
587  0  0  520  520  520  520  0  0  10  10  10  10  10  10  0  10  10  10  0  0  10  10  0  10  10  10  0  0  10  0  601  601  601  601  0  0  392  0  0  392  392  0  0  0  0  392  392  392  0  392  392  392  0  392  0  608  0  0  539  0  0  0  0  539  539  539  0  539  539  539  539  539  539  539  539  539  539  0  460  460  0  0  460  460  0  460  460  460  0  0  460  0  460  460  460  460  0  0  460  
587  587  0  520  0  520  0  614  614  0  10  10  0  10  0  615  0  10  10  10  0  0  0  0  0  10  0  10  10  10  0  0  0  601  601  0  0  392  0  617  0  392  392  392  392  392  392  0  392  392  392  392  0  618  0  0  0  619  0  539  539  539  0  539  539  539  539  539  539  539  539  539  539  0  0  539  539  0  621  0  0  0  460  460  0  460  460  460  460  460  0  460  0  460  0  460  460  460  0  460  
587  0  0  520  520  0  624  0  0  0  0  0  0  10  0  615  0  0  10  10  10  10  10  0  0  0  10  10  10  10  10  10  10  0  0  392  392  392  0  0  0  392  392  392  0  392  0  0  392  0  392  392  0  0  619  619  619  619  0  0  0  539  539  539  0  0  539  0  0  539  539  539  0  0  0  0  539  539  0  0  460  460  460  460  0  0  460  460  0  0  460  460  0  460  460  460  460  460  460  460  
0  0  0  520  0  624  624  624  0  0  0  0  10  10  10  0  0  0  0  0  10  10  10  10  10  0  0  10  10  10  10  0  0  632  0  392  392  0  392  392  0  392  392  392  392  392  392  392  392  0  0  392  392  0  619  619  619  619  619  0  539  539  539  539  539  0  539  0  539  539  0  0  0  539  0  0  539  0  539  0  0  460  460  0  0  460  460  460  460  0  460  460  0  460  460  0  0  460  0  460  
0  0  639  0  624  624  624  624  624  0  10  10  10  10  10  10  10  10  10  0  10  10  10  0  10  0  10  10  10  10  10  0  632  632  0  0  392  392  392  0  0  0  0  392  0  392  392  392  0  644  0  0  0  645  0  0  0  0  619  619  0  0  0  539  0  539  539  539  539  539  0  647  0  539  539  539  539  0  539  0  648  0  460  460  460  460  460  0  460  460  0  460  460  460  0  460  460  460  460  0  
650  0  639  0  624  0  624  624  0  10  10  0  10  0  0  0  10  10  10  10  10  10  0  0  10  0  0  0  10  0  0  0  0  0  0  0  0  392  392  392  0  392  0  392  392  392  392  392  0  0  0  0  0  645  645  0  0  0  619  619  619  619  0  539  0  0  539  539  539  0  653  0  0  0  539  539  0  539  539  0  0  0  0  460  0  0  460  0  0  0  0  0  0  460  460  460  0  460  0  0  
0  0  0  655  0  655  0  0  10  0  10  10  10  10  10  10  0  10  0  10  0  10  0  10  10  10  10  0  0  0  659  0  660  660  660  660  0  0  0  392  392  392  392  0  392  392  392  392  0  392  392  0  0  0  645  645  645  0  619  619  0  0  662  0  539  0  0  539  0  539  0  0  539  539  539  0  539  539  0  0  460  460  0  460  460  460  460  460  0  0  0  668  0  0  0  460  460  460  0  0  
669  669  0  655  0  655  0  0  10  0  10  10  10  10  10  10  10  0  0  10  10  0  10  10  10  0  10  10  10  0  0  671  0  0  660  0  0  0  392  392  392  0  0  392  392  0  0  392  392  392  392  0  674  0  645  645  645  0  619  0  675  0  0  539  539  539  539  539  539  539  0  539  539  539  539  539  539  0  0  0  460  460  460  0  460  460  460  0  0  668  668  668  668  0  460  460  0  460  0  0  
0  0  0  655  655  655  655  0  10  10  10  10  10  10  10  10  10  10  10  0  10  10  10  10  0  10  10  0  0  0  681  0  660  660  660  660  0  683  0  0  392  0  392  392  392  392  392  0  392  0  0  674  674  674  0  645  645  645  0  0  675  675  0  539  539  539  0  0  539  539  0  539  0  0  0  539  539  539  0  0  460  460  0  0  460  0  460  0  686  0  0  0  0  0  0  0  460  460  460  460  
0  655  655  655  0  655  0  0  0  10  10  10  10  0  10  10  10  10  0  689  0  0  10  0  0  0  10  10  0  0  681  0  660  660  660  0  683  683  683  683  0  0  0  392  0  392  392  392  392  392  0  0  0  674  674  0  645  0  691  0  0  675  675  0  0  0  675  675  0  0  693  0  0  0  694  0  539  0  0  0  0  460  460  460  460  460  0  695  0  0  696  696  696  0  0  460  460  460  460  0  
0  0  0  0  0  0  698  698  0  10  10  0  0  0  0  10  10  0  0  0  0  0  10  10  0  0  0  0  0  0  681  681  0  660  660  660  0  683  683  683  0  0  0  0  0  0  392  0  0  392  0  699  0  674  0  392  0  0  0  0  701  0  675  675  675  675  675  675  0  693  693  0  703  703  0  0  0  0  0  460  0  0  0  0  460  460  460  0  705  0  0  0  696  696  696  0  460  0  460  0  
0  0  0  706  706  706  0  0  10  10  10  0  0  10  10  0  10  0  10  10  0  10  10  10  10  10  10  0  711  0  0  0  0  0  660  660  0  0  683  683  0  0  0  0  392  392  392  0  392  392  0  0  0  0  392  392  392  0  0  0  701  701  0  0  675  0  675  0  693  693  693  0  703  703  703  0  716  716  0  460  460  460  460  460  460  460  0  717  0  718  0  0  0  696  696  0  0  460  460  460  
720  0  0  0  706  706  0  10  10  10  0  10  10  10  10  0  0  10  10  10  0  0  0  0  10  0  10  10  0  724  0  0  0  0  660  0  683  683  683  683  683  0  0  0  0  0  392  392  0  392  392  392  392  392  392  392  0  0  392  0  0  0  0  727  0  0  0  0  0  693  693  0  0  0  703  0  0  716  716  0  0  460  460  0  460  0  717  717  0  0  0  729  0  0  0  0  729  0  460  460  
720  0  0  706  706  0  0  10  10  0  0  0  10  10  0  10  0  10  10  0  10  0  10  10  10  10  10  10  0  0  0  735  735  0  0  683  683  683  683  683  683  0  737  737  737  0  392  0  0  0  392  392  0  392  0  0  0  392  392  0  739  739  739  0  392  392  0  0  0  0  0  741  0  0  703  703  0  716  716  0  460  460  460  460  0  0  717  0  0  743  0  729  729  0  729  729  729  729  0  460  
0  0  745  0  0  10  10  10  10  10  10  10  10  0  0  10  10  10  10  10  10  10  0  10  10  10  10  0  0  0  735  735  735  0  683  683  683  683  683  0  0  737  737  737  0  392  392  0  392  0  392  0  0  392  0  392  0  392  0  739  739  739  0  392  392  392  0  755  755  0  0  741  0  756  0  703  703  0  0  460  460  460  460  460  460  460  0  460  0  743  0  0  729  729  729  729  729  729  0  460  
759  759  0  0  10  0  10  10  10  0  10  0  10  10  10  0  0  10  10  10  0  10  10  10  10  10  10  0  0  0  735  735  735  0  0  0  0  0  0  0  0  737  0  0  761  0  0  392  392  392  392  392  392  0  392  392  392  392  0  739  739  0  392  392  392  0  392  0  0  392  0  0  0  756  0  0  0  767  0  460  0  0  460  0  0  0  460  460  0  0  0  0  0  0  729  0  729  729  0  0  
0  0  10  0  10  10  10  0  10  10  10  10  10  0  0  770  0  0  10  0  10  10  10  0  10  10  0  772  772  0  735  735  735  735  735  735  0  0  0  0  761  0  761  761  761  761  0  0  0  0  0  392  392  392  392  0  0  392  0  739  739  0  392  392  392  0  392  392  0  392  392  0  392  0  0  776  776  0  460  0  0  460  460  460  0  0  460  460  460  460  460  460  460  0  729  729  0  0  779  779  
10  0  10  10  10  10  10  10  10  10  10  10  10  0  10  0  10  10  0  0  10  0  0  10  10  0  784  0  772  772  0  0  0  735  735  735  0  761  761  761  761  761  0  761  0  0  0  0  0  786  786  0  392  0  392  392  392  392  392  0  0  0  0  0  392  392  0  392  392  392  392  392  392  0  776  776  0  0  460  460  460  460  0  0  788  0  460  460  0  0  0  0  460  0  0  729  0  789  0  779  
10  10  10  0  0  10  10  10  0  10  10  0  0  0  10  10  10  10  10  0  10  10  10  0  10  0  784  784  0  772  0  790  0  0  0  735  0  761  0  0  761  761  761  761  761  0  0  786  0  0  786  0  392  392  392  392  392  392  392  392  392  392  392  0  392  0  0  0  392  0  0  0  392  0  0  0  0  0  460  460  460  460  460  460  0  792  0  460  0  793  0  0  0  794  0  0  795  0  0  0  
10  10  0  0  10  10  0  10  10  0  10  10  10  10  10  0  10  0  0  0  0  10  0  10  10  10  0  0  0  772  772  0  772  0  735  735  735  0  0  772  0  761  761  0  761  0  786  786  0  786  786  786  0  0  392  392  392  392  392  392  392  392  0  392  392  0  392  392  392  0  392  392  392  392  392  0  0  0  0  460  460  0  0  460  0  0  0  460  460  0  460  0  0  794  794  794  0  794  794  0  
10  10  0  10  0  0  0  10  10  0  10  10  0  10  0  10  10  10  10  0  0  10  0  10  10  10  0  0  0  772  772  772  772  0  0  735  0  0  0  772  772  0  761  761  0  810  0  786  786  0  786  786  0  392  392  392  0  0  392  392  0  392  392  392  392  392  392  392  0  392  392  392  0  392  0  0  0  813  813  0  460  0  460  460  460  0  460  460  460  0  460  460  460  0  0  794  0  794  794  0  
0  10  0  10  10  0  10  0  0  0  10  0  0  10  10  10  0  10  0  10  10  0  10  10  0  0  772  772  772  772  0  0  0  772  0  0  821  821  821  0  772  772  0  761  0  0  0  0  786  786  786  786  0  392  0  392  0  392  392  392  392  392  0  0  392  0  392  392  392  0  392  392  392  0  0  813  813  813  0  460  460  0  460  0  460  460  460  0  460  460  460  0  460  0  0  794  794  794  794  0  
0  10  10  0  10  10  10  10  0  0  10  10  10  0  0  10  10  10  0  10  0  0  10  10  0  0  0  0  772  772  772  772  0  772  772  0  0  0  0  772  772  772  0  761  0  826  826  0  786  0  786  786  786  0  827  0  0  0  0  0  0  392  392  0  0  828  0  0  0  392  392  0  392  0  0  813  813  813  813  0  460  0  0  830  0  0  460  460  460  460  460  460  460  0  831  0  0  0  794  0  
0  10  10  10  0  0  10  10  0  10  0  0  0  10  10  10  0  10  0  10  10  10  10  0  10  10  10  0  772  0  0  0  772  772  0  0  0  772  772  772  772  772  772  0  837  0  0  838  0  839  0  786  0  786  0  0  0  841  841  0  0  392  0  0  842  0  843  0  0  392  392  392  0  0  813  813  0  813  813  813  0  845  0  830  0  0  460  0  0  460  460  0  0  0  0  846  846  0  0  847  
0  0  10  10  10  10  10  0  0  10  10  10  0  0  0  10  0  0  10  10  0  10  0  0  10  10  0  772  772  0  0  0  772  772  772  772  772  0  0  772  0  772  0  0  0  850  0  838  838  0  0  786  786  786  0  851  851  0  841  841  841  0  852  852  0  853  0  854  854  0  392  0  0  460  0  813  0  0  0  813  813  0  0  0  460  0  0  0  0  460  460  460  0  0  846  846  0  847  847  847  
859  0  0  0  10  0  0  0  0  10  10  0  10  10  10  10  0  0  10  10  10  10  10  0  10  0  0  772  772  772  772  0  772  772  772  772  0  0  772  772  772  0  772  772  772  0  838  838  838  838  0  0  786  0  0  851  851  0  841  841  841  841  0  0  0  0  854  854  854  854  0  0  460  460  460  0  0  813  813  813  813  813  0  460  460  460  0  0  460  460  460  460  460  0  846  0  869  0  847  847  
0  870  870  0  0  0  0  0  0  10  10  0  10  10  10  10  10  0  0  10  0  0  0  0  10  10  10  0  772  0  772  772  0  0  772  772  0  772  772  772  772  772  0  772  772  772  0  0  0  838  838  838  0  838  0  0  0  0  0  841  841  841  841  841  0  873  0  854  854  854  854  0  0  460  460  460  460  0  0  0  813  0  874  0  460  460  460  460  460  0  460  0  460  0  0  869  869  0  847  847  
870  0  870  0  0  0  10  0  10  10  0  879  0  10  0  0  10  10  0  0  0  0  10  0  10  0  10  0  772  772  772  0  0  881  0  772  772  772  772  772  772  772  772  772  772  772  0  838  838  838  838  838  0  838  838  838  838  838  838  0  841  841  841  841  841  0  883  0  854  0  854  0  460  460  460  0  460  460  0  0  0  0  0  460  460  0  0  460  460  460  460  460  460  460  0  869  869  869  0  0  
870  870  870  0  10  10  10  0  10  10  10  0  10  10  0  10  10  10  10  10  10  0  10  0  10  0  0  0  0  772  772  0  0  0  0  0  0  772  772  772  772  0  772  0  0  772  0  0  0  0  838  838  838  838  838  838  838  838  838  0  841  0  0  0  841  841  0  889  0  0  854  0  460  0  460  0  460  460  460  0  0  0  0  0  460  0  890  0  460  460  0  0  0  0  0  0  869  869  0  891  
870  870  0  10  10  10  10  0  10  0  0  10  10  10  10  10  10  0  10  0  0  10  10  10  10  10  10  10  10  0  772  772  772  0  0  0  772  772  772  772  772  0  772  0  896  0  897  0  898  0  838  0  0  0  0  0  0  0  838  0  0  899  899  899  0  0  899  0  854  854  854  0  0  460  460  460  460  460  460  460  460  460  0  460  460  0  890  0  460  460  460  0  904  0  0  869  0  869  869  0  
870  0  10  10  10  10  10  10  10  10  10  10  10  0  10  10  10  0  0  10  10  10  0  10  10  10  0  0  10  0  0  772  772  0  772  772  772  772  772  0  772  0  772  0  896  896  0  909  0  838  838  838  838  0  911  0  912  912  0  899  899  899  0  899  899  899  899  899  0  854  854  854  0  0  460  0  460  0  460  460  460  460  460  460  460  460  0  914  0  0  0  0  0  0  0  869  869  869  0  0  
870  870  0  10  10  10  10  10  10  10  10  10  10  10  0  10  10  10  10  0  10  10  0  0  10  0  915  0  0  0  0  0  772  772  772  772  0  772  772  772  0  772  772  0  0  0  917  0  0  838  838  0  838  838  0  0  0  912  0  899  899  0  0  899  899  0  899  899  0  0  0  0  460  460  460  0  460  0  460  460  0  460  460  460  0  0  0  0  919  919  919  0  920  920  920  0  869  0  0  921  
0  870  0  0  0  10  10  10  0  10  10  0  0  10  0  10  0  0  10  10  10  10  10  10  10  10  0  10  10  10  10  10  0  0  772  772  0  772  0  0  772  772  0  924  0  0  917  917  0  0  0  925  0  0  899  899  899  0  899  899  0  0  928  0  899  0  0  899  899  0  0  460  460  460  0  460  0  460  460  0  0  460  460  460  0  0  0  932  0  0  0  0  920  920  920  0  0  921  921  921  
934  0  935  935  0  10  0  10  0  0  10  10  0  10  10  10  0  10  0  10  10  10  0  10  10  10  10  10  0  10  10  10  0  772  772  772  772  0  772  0  0  772  0  924  0  924  0  917  0  0  940  0  899  899  899  899  899  899  0  899  899  899  0  0  899  0  899  0  0  0  943  0  0  460  0  460  460  460  0  0  460  460  0  460  460  460  460  0  0  0  945  0  920  920  0  946  0  921  921  921  
0  0  935  935  0  10  10  0  0  947  0  0  10  0  10  10  0  10  0  10  10  0  0  10  0  0  0  0  0  0  10  0  772  772  0  772  772  772  772  772  0  772  0  924  924  924  0  917  917  0  0  899  899  899  899  0  899  0  899  899  0  0  899  899  899  899  899  899  0  953  0  460  460  460  460  0  0  460  0  460  460  460  0  460  460  460  0  0  0  956  0  920  920  0  0  0  0  0  0  921  
0  0  935  935  935  0  0  0  958  0  0  0  10  10  10  10  10  10  0  10  10  10  0  10  0  959  959  959  959  0  0  772  772  772  772  0  772  772  0  0  0  0  924  924  0  924  924  0  0  0  962  0  0  0  899  899  899  899  899  0  899  899  899  0  0  899  0  899  0  953  0  460  0  460  460  0  0  460  460  460  460  460  460  460  0  460  0  460  0  0  965  0  920  0  0  921  921  0  921  921  
0  935  935  935  0  0  935  0  958  0  935  935  0  10  10  10  0  10  10  10  0  10  0  10  10  0  959  959  0  971  0  0  772  772  0  972  0  772  772  772  0  772  0  924  924  924  0  974  974  974  0  0  899  899  899  899  0  0  899  0  0  899  0  0  899  0  0  0  977  0  978  0  0  460  460  0  460  460  0  460  460  460  0  0  460  460  460  460  460  0  0  920  920  0  921  921  921  0  921  921  
0  0  935  935  935  935  935  0  0  935  935  0  0  0  0  0  0  10  10  10  10  10  10  10  0  0  0  959  0  0  0  772  772  0  0  972  0  0  772  772  772  772  0  0  0  0  0  974  974  974  974  974  0  899  0  0  985  0  899  899  899  899  899  899  899  0  0  977  977  0  0  460  460  460  460  0  460  0  0  460  0  460  460  0  460  0  0  460  0  460  0  0  0  921  921  0  0  0  0  921  
990  990  0  935  0  935  935  935  935  935  935  935  0  0  0  10  10  10  0  0  0  10  0  10  0  0  959  959  959  0  993  0  772  772  772  0  994  0  772  0  772  0  995  0  0  0  0  974  974  974  0  974  974  0  0  0  985  0  899  0  899  899  0  899  0  977  977  977  0  997  0  460  460  460  0  0  460  460  460  460  460  0  460  460  0  0  0  460  460  460  0  998  0  921  921  921  921  921  921  921  
