0  2  2  0  3  3  3  0  4  0  0  5  5  5  0  0  0  0  0  6  0  7  0  0  8  0  0  0  9  0  10  0  0  11  11  0  0  0  0  0  12  12  12  12  12  0  13  0  14  14  14  14  14  0  15  15  15  0  0  0  0  16  16  16  0  0  0  17  17  17  17  0  0  18  18  0  0  0  19  19  0  20  0  21  21  0  22  0  23  0  24  0  25  0  25  25  25  0  27  27  
0  2  0  28  0  0  0  0  0  29  29  0  5  0  30  0  0  0  31  0  0  0  0  32  0  33  33  0  9  0  0  0  11  11  11  11  0  0  0  0  0  12  12  0  12  12  0  0  0  0  14  14  0  15  0  15  0  0  36  36  0  0  16  0  37  37  37  0  0  0  0  38  0  18  18  18  0  0  0  19  19  0  0  0  0  39  0  23  23  0  0  0  25  25  25  25  0  0  27  27  
41  0  42  0  43  0  44  0  0  0  0  0  0  45  0  46  0  31  31  0  48  0  0  0  33  33  0  9  9  9  0  0  11  0  0  0  51  0  52  52  0  0  12  12  12  0  53  53  53  0  0  14  0  15  15  15  15  15  0  0  0  16  16  0  37  0  37  0  55  0  38  38  38  0  18  18  0  0  57  0  19  0  0  0  58  0  23  23  23  0  25  25  25  0  25  0  61  0  27  0  
0  62  0  0  43  0  0  63  0  64  64  0  65  0  66  0  67  0  31  0  0  68  0  33  33  0  9  9  0  0  0  0  0  0  0  51  51  0  0  0  51  51  0  12  0  0  0  0  0  0  73  0  0  15  15  15  0  0  74  0  75  0  0  15  0  77  0  0  0  0  38  38  38  38  0  18  18  0  0  19  19  19  0  79  0  80  0  23  23  0  0  25  25  0  0  61  61  0  27  0  
82  0  43  43  43  43  0  63  0  0  0  84  0  0  66  0  0  0  0  0  0  0  0  0  0  9  9  0  9  0  87  0  88  88  0  51  51  0  51  51  51  51  51  0  51  51  0  0  0  0  0  15  15  15  0  15  15  15  0  92  0  15  15  15  0  0  0  0  94  94  0  38  38  0  95  0  18  18  0  19  0  0  0  79  0  0  23  23  23  0  0  0  0  0  0  61  0  0  0  0  
0  97  0  0  43  0  0  63  0  84  84  84  0  66  66  66  66  66  0  0  0  100  0  9  9  0  9  9  9  9  0  51  0  0  51  51  51  51  51  0  51  51  0  51  51  0  51  0  0  15  15  15  0  15  0  0  15  15  15  0  15  15  15  0  0  15  15  0  94  94  94  0  0  95  95  0  18  0  23  0  23  23  23  0  0  0  0  23  0  0  112  112  0  113  0  61  61  0  61  61  
97  97  0  116  0  117  0  63  63  0  0  0  66  66  66  66  66  0  0  0  0  100  0  9  9  9  9  0  0  0  51  51  51  0  51  0  51  51  51  51  51  51  51  51  0  51  51  51  0  15  0  15  0  0  121  121  0  15  0  0  15  15  0  15  15  15  15  0  94  0  0  95  95  95  0  124  0  0  23  23  23  23  23  23  23  0  23  23  0  112  112  0  127  0  61  0  61  61  61  61  
97  0  129  0  130  0  0  63  0  66  66  66  66  66  0  66  66  0  132  132  132  0  0  9  0  9  0  0  0  133  0  0  51  51  51  51  51  51  0  0  0  0  0  51  51  51  0  51  0  15  0  0  0  134  0  121  0  15  15  15  15  15  15  15  15  15  0  135  0  136  0  0  95  0  137  0  138  0  0  23  0  23  0  23  23  23  23  23  23  0  0  139  0  0  61  61  61  0  0  0  
97  97  0  140  0  0  0  63  63  0  66  66  66  66  66  0  0  141  0  132  0  142  0  0  143  0  144  144  144  0  51  51  51  0  0  51  51  51  0  146  146  0  0  0  51  0  0  0  15  15  15  0  134  134  134  0  15  15  15  0  0  15  0  15  0  0  0  0  0  136  136  0  0  150  0  150  0  152  0  0  0  0  0  23  0  23  0  0  0  0  153  0  154  154  0  61  61  61  61  0  
97  97  97  0  155  0  0  63  0  66  66  0  0  0  0  157  0  141  0  132  0  0  158  0  0  0  144  0  0  0  51  51  0  0  0  51  0  0  146  146  146  0  0  0  0  160  160  0  0  0  0  0  0  0  134  0  15  0  0  161  0  0  0  0  162  0  163  0  0  0  136  136  0  150  150  150  0  0  0  0  0  0  164  0  0  0  165  0  153  153  153  153  0  0  61  0  61  0  61  61  
97  97  0  155  155  155  0  63  0  0  0  0  0  0  157  157  157  0  0  132  0  0  0  0  0  170  0  51  51  51  51  51  0  51  51  51  0  0  146  0  0  146  0  0  0  0  0  174  174  174  174  0  0  0  134  0  15  0  15  0  176  0  177  177  0  163  163  0  0  0  0  136  0  0  150  150  150  150  150  0  179  0  0  180  0  165  165  165  0  0  0  0  182  0  61  61  61  0  61  61  
97  0  155  155  155  155  155  0  0  184  0  157  157  157  157  0  157  0  0  132  132  132  0  0  0  0  51  51  0  51  0  51  0  0  0  0  0  0  146  146  146  146  0  187  0  174  174  174  0  0  174  174  174  0  0  15  15  15  15  0  0  0  177  177  177  0  163  163  0  136  136  136  136  136  0  150  150  150  150  0  0  0  0  180  0  0  0  0  191  191  191  0  0  0  61  0  0  61  61  0  
0  0  0  0  0  155  155  155  155  0  0  157  0  0  157  0  157  157  0  0  0  0  193  193  0  194  0  51  0  51  0  51  51  51  51  0  195  0  0  0  146  0  196  0  197  0  174  0  198  198  0  174  174  0  199  0  0  0  15  15  15  0  0  177  177  0  0  163  0  136  0  136  0  136  0  150  150  150  150  150  150  150  0  180  180  0  180  0  0  0  0  201  0  61  61  0  0  0  0  203  
0  155  0  155  0  155  0  0  0  0  0  157  0  206  0  157  157  0  208  208  0  0  0  193  193  0  0  0  51  51  51  51  51  0  0  210  0  0  211  211  0  0  0  0  197  197  0  0  0  0  0  174  0  0  199  0  0  212  0  0  15  0  15  0  0  163  163  163  0  0  0  0  136  136  136  0  150  150  150  0  150  0  216  0  180  180  180  180  0  0  0  0  217  0  0  218  218  218  0  0  
155  155  155  155  155  155  0  0  0  0  157  157  0  0  0  157  0  221  0  0  193  193  0  193  0  193  193  193  0  51  0  0  0  0  224  0  0  211  0  211  211  211  211  211  0  197  0  211  0  227  0  0  228  228  0  229  0  0  0  0  15  15  15  15  0  163  163  0  0  0  0  0  136  136  136  136  0  0  150  150  0  0  216  0  0  180  0  0  230  230  230  230  0  218  218  218  218  218  0  0  
155  0  155  0  155  0  232  0  233  0  157  157  0  0  157  157  0  0  0  0  193  193  193  193  0  193  193  0  0  51  51  51  0  235  0  0  211  211  211  211  211  211  211  0  0  0  0  211  0  227  0  0  228  228  0  229  229  0  237  237  0  0  0  15  15  0  0  0  238  0  0  239  0  136  136  0  136  0  0  0  0  241  0  242  242  0  0  0  230  230  230  0  218  218  0  0  0  0  0  244  
155  0  0  245  0  246  0  0  0  157  157  157  0  157  0  0  249  0  0  193  193  0  193  0  193  193  0  193  0  51  0  51  51  0  253  0  0  0  211  0  211  0  211  0  254  0  211  211  211  0  228  228  0  228  0  0  229  0  0  237  0  15  15  15  0  0  0  238  238  0  0  0  136  0  136  136  136  0  242  242  242  0  0  0  242  0  261  0  0  230  0  0  0  0  262  262  0  0  0  244  
155  0  0  0  0  0  263  0  157  157  0  157  157  157  157  0  249  0  0  0  193  193  0  0  0  193  193  193  193  0  0  51  51  0  0  0  0  0  211  0  0  211  211  211  0  0  211  211  211  0  0  228  228  228  228  228  0  0  0  0  0  0  0  0  238  238  238  238  0  267  267  0  136  136  136  0  136  0  0  242  0  0  242  242  242  0  0  269  269  0  269  269  0  0  0  262  0  0  0  244  
155  155  0  271  0  263  263  263  0  157  157  0  0  0  157  0  249  249  0  0  193  193  0  193  0  193  0  193  0  193  0  51  51  0  0  275  0  0  0  276  0  0  211  211  211  211  211  211  0  228  228  0  0  0  228  228  0  0  278  278  0  279  0  238  238  0  0  238  0  0  267  0  0  136  0  136  136  0  242  242  242  242  242  0  242  242  0  0  269  269  269  269  0  283  0  0  0  244  244  244  
0  0  0  0  0  0  0  0  285  0  0  0  0  0  0  0  0  0  0  0  0  193  193  193  193  193  193  193  193  193  193  0  51  0  286  0  0  0  287  0  0  0  0  211  0  211  0  0  228  0  228  228  228  228  228  0  289  0  0  0  290  0  238  238  238  0  0  0  0  267  267  0  0  136  136  136  0  0  0  242  242  242  0  0  0  242  0  269  269  269  269  0  0  0  294  0  244  244  244  0  
296  296  0  0  0  285  0  285  285  0  299  299  299  0  0  0  300  0  0  0  0  193  193  0  0  193  193  193  0  193  0  301  0  0  0  211  211  0  0  0  0  303  0  211  211  0  228  228  228  0  228  228  228  0  228  0  0  0  305  305  0  306  0  238  0  307  0  0  0  267  267  0  0  136  0  0  136  136  136  0  0  242  0  0  0  0  269  269  269  269  0  269  269  0  0  244  244  0  244  0  
296  296  296  0  285  285  0  285  0  0  0  0  0  0  300  300  300  0  0  193  193  193  193  0  0  0  193  193  193  193  0  301  301  0  0  0  211  0  0  0  0  0  211  211  0  0  0  228  228  228  0  228  0  228  0  317  317  0  0  305  0  0  0  0  0  0  318  0  0  0  0  0  136  136  0  136  136  136  136  136  0  242  0  321  321  0  269  269  0  269  269  269  269  0  244  244  0  0  0  0  
0  296  0  323  0  285  285  285  285  0  285  285  0  0  0  300  300  0  0  193  193  0  0  0  193  193  193  193  0  193  0  0  301  301  0  0  211  211  211  211  211  211  211  0  326  0  0  228  0  0  228  228  228  228  228  0  317  317  317  0  328  328  328  0  318  318  318  0  318  0  0  331  0  136  136  136  0  0  0  136  136  0  321  321  0  333  0  0  334  0  0  0  0  0  244  0  0  0  335  0  
0  0  0  0  336  0  285  0  285  0  285  0  337  0  300  300  0  339  339  0  0  340  340  0  0  193  0  193  0  0  0  301  301  0  342  0  0  211  211  0  0  0  0  0  326  0  0  228  228  228  228  0  228  228  228  0  0  0  0  343  0  328  328  0  0  0  318  318  318  0  331  331  0  136  0  136  136  0  345  0  0  321  321  0  0  333  0  0  0  244  244  244  244  244  244  244  244  244  0  348  
0  0  349  0  336  336  0  0  285  285  285  0  337  0  300  300  0  0  339  339  0  0  340  340  0  0  193  193  193  0  0  0  301  0  0  0  0  211  211  211  211  0  326  326  326  326  0  0  228  0  228  228  0  0  228  228  0  0  0  343  0  0  328  328  0  318  318  318  318  0  331  331  331  0  0  136  0  345  345  0  0  321  0  0  0  333  333  0  0  0  0  244  0  0  0  244  244  0  354  0  
355  355  0  0  336  0  0  0  0  0  0  0  0  0  0  300  300  0  339  0  340  340  340  0  193  0  0  193  0  358  0  301  301  0  0  211  211  211  0  0  211  0  0  0  326  326  0  0  0  0  0  0  228  228  228  228  228  0  343  343  343  343  0  0  0  0  318  318  0  331  331  0  331  0  0  136  0  345  0  364  0  0  0  365  0  333  333  333  333  333  333  0  366  366  0  0  244  244  0  367  
355  355  0  0  0  0  0  0  368  0  0  369  0  370  0  300  300  0  0  0  0  0  0  0  193  193  193  193  0  358  0  301  0  371  0  0  0  0  0  0  0  372  372  0  0  326  0  0  373  373  0  374  0  228  0  228  0  228  0  0  0  0  376  376  0  377  0  0  0  0  331  331  0  0  378  0  0  0  379  0  0  0  380  0  333  333  0  333  0  0  0  0  0  366  366  0  0  244  0  367  
0  0  382  0  0  383  383  0  0  0  0  0  384  0  384  0  300  0  0  0  386  386  0  387  0  0  0  0  0  0  0  301  0  371  0  388  0  0  0  372  372  372  0  0  390  0  0  0  0  0  391  0  392  0  0  228  228  228  0  393  393  0  376  376  0  377  377  377  0  394  0  0  395  395  0  0  0  0  0  0  396  0  0  397  0  333  333  0  333  333  0  0  0  366  0  399  399  0  0  367  
382  382  382  382  382  0  383  0  0  401  0  0  384  384  384  0  300  0  0  0  386  386  0  0  0  402  0  0  0  0  301  301  301  0  388  388  0  0  372  372  372  0  0  0  0  0  406  406  406  406  0  407  0  406  0  0  0  0  0  393  393  0  0  0  409  0  0  377  0  0  0  395  395  395  395  395  0  411  411  0  0  0  0  0  0  333  333  333  333  333  0  0  366  366  0  0  399  399  399  0  
382  382  382  382  0  413  0  414  414  0  0  0  0  0  384  0  0  415  415  415  0  386  0  0  0  0  416  416  0  417  0  0  0  388  388  388  0  0  0  0  0  0  419  0  420  420  0  406  406  406  406  0  0  406  406  0  421  421  0  0  393  393  393  393  0  0  422  0  0  0  0  0  0  395  395  0  395  0  0  0  424  0  425  0  426  0  333  333  333  333  333  0  366  366  366  0  0  399  0  0  
382  382  0  382  382  0  0  0  414  414  0  414  0  414  0  429  0  0  415  415  415  0  430  430  0  430  0  0  417  417  0  433  433  0  388  388  388  388  0  0  0  434  0  420  420  0  436  0  0  406  406  406  406  406  0  437  0  0  0  393  393  393  0  0  0  0  422  422  422  0  0  395  395  395  395  395  395  395  395  0  424  0  0  0  0  0  333  333  0  0  333  0  0  366  0  0  0  0  0  440  
0  382  0  0  0  441  0  414  414  414  414  414  414  414  0  429  429  0  415  0  0  443  0  430  0  430  0  0  417  417  0  433  433  433  0  0  388  0  0  0  0  0  0  420  0  0  0  420  420  0  0  406  0  0  445  0  0  446  0  0  393  0  393  0  393  393  0  422  422  422  0  395  395  0  395  395  395  0  395  0  424  0  0  449  0  450  0  333  0  0  0  0  0  366  366  366  0  451  451  0  
0  0  0  452  0  441  0  0  414  0  414  0  0  0  429  429  0  415  415  0  414  0  430  430  430  430  0  430  0  0  0  433  433  433  433  0  0  0  0  458  458  0  420  420  420  420  0  420  420  420  0  406  406  0  445  445  0  446  0  0  393  393  393  393  393  0  0  422  422  422  0  0  0  0  0  0  0  0  0  460  0  461  0  0  462  0  0  0  463  463  0  464  464  0  0  0  0  0  0  0  
0  0  0  452  452  0  0  0  0  414  414  0  466  0  429  0  0  415  0  0  414  0  0  0  430  430  430  430  0  430  0  433  0  433  0  468  468  0  0  458  458  0  420  0  0  420  420  420  0  0  0  0  0  0  0  0  0  446  446  446  0  393  393  393  0  0  0  422  0  0  469  0  0  0  0  0  470  470  470  0  461  461  0  0  462  462  462  0  463  463  0  0  0  472  472  472  0  0  473  0  
474  0  0  0  452  0  475  0  414  0  414  414  0  0  0  414  0  0  0  0  414  414  0  430  430  430  0  430  0  430  0  0  0  0  0  0  0  0  0  0  0  0  0  0  0  0  420  420  420  0  479  0  480  0  446  446  446  446  446  0  0  393  393  393  393  393  393  0  0  0  469  0  482  482  482  0  470  470  0  0  461  0  0  462  462  462  0  0  463  463  463  0  0  0  472  0  472  472  0  0  
0  0  0  0  0  485  0  0  414  414  414  414  414  414  414  414  414  0  486  0  0  414  414  0  0  430  430  430  430  430  430  430  0  487  0  0  488  0  0  489  0  420  0  0  0  420  420  0  420  0  0  492  0  0  446  0  0  0  0  0  493  0  0  393  0  0  393  393  0  0  469  469  0  0  0  0  0  470  0  470  0  495  495  0  0  0  496  0  0  0  0  497  0  472  472  0  472  472  0  499  
500  500  500  500  0  0  501  0  414  0  414  0  414  414  414  414  414  0  0  414  414  414  0  0  503  0  0  0  0  0  0  0  0  487  487  487  0  0  0  0  0  420  420  420  420  0  420  0  0  0  0  492  492  0  0  504  0  505  0  0  0  0  0  0  506  0  0  0  0  0  0  469  0  470  470  0  470  470  0  470  0  495  0  509  509  509  0  510  0  0  511  0  0  0  472  472  0  472  0  0  
500  500  500  500  500  500  0  0  0  512  0  0  0  0  414  414  414  414  414  414  414  0  0  0  0  513  513  513  513  0  0  487  487  487  487  487  487  487  0  420  0  420  420  420  420  0  420  0  420  0  0  0  0  504  504  504  0  0  0  506  506  506  506  506  506  506  506  0  0  519  0  469  0  0  470  470  470  470  470  470  470  0  509  509  0  0  509  0  511  511  511  0  0  523  0  472  472  472  0  524  
500  0  500  500  500  500  500  0  0  512  512  512  0  414  414  0  414  0  0  0  414  414  0  0  0  0  513  0  0  0  487  487  487  0  487  0  0  0  420  420  420  420  0  420  420  0  420  420  420  0  504  504  504  504  504  0  0  529  529  0  506  0  0  506  506  506  0  519  519  519  519  0  0  519  0  0  0  0  0  0  0  0  0  509  509  0  509  0  511  511  0  0  0  0  532  0  0  0  0  524  
500  0  500  0  0  0  500  500  0  512  0  512  512  0  0  414  414  0  414  0  414  414  414  0  513  513  513  0  487  487  487  487  487  487  0  420  420  0  0  0  420  420  0  420  420  420  420  420  0  504  504  504  504  504  0  0  0  529  0  506  506  506  506  506  506  0  519  0  519  0  519  519  0  519  519  0  541  0  542  542  542  542  542  0  509  509  509  0  511  511  511  511  0  0  532  0  532  0  0  0  
0  0  0  0  0  0  0  0  0  512  512  0  0  414  414  414  414  414  414  0  0  0  414  0  513  513  513  513  0  487  487  0  487  0  420  420  420  420  0  0  420  0  0  420  420  420  420  0  0  0  504  0  504  0  546  0  0  0  0  0  506  0  0  0  0  519  519  519  0  519  519  519  519  519  0  0  0  0  542  542  542  0  0  542  0  0  0  511  511  0  511  511  0  532  532  532  532  0  532  532  
0  0  553  553  0  0  0  0  0  0  0  0  554  0  414  0  414  414  414  414  414  414  0  414  0  513  513  513  0  0  0  0  0  0  0  0  420  420  420  420  420  420  420  420  0  420  420  0  0  0  504  0  0  546  546  546  0  506  506  506  506  0  0  558  558  0  519  0  519  519  519  519  0  0  0  0  560  0  0  0  542  542  542  542  542  542  0  511  0  561  0  511  0  0  0  0  532  532  0  532  
0  0  0  0  0  0  0  0  0  0  554  554  554  0  0  414  414  414  0  0  414  414  414  414  0  513  0  513  513  0  0  564  564  564  564  0  0  0  420  0  0  0  0  420  420  0  0  0  546  546  0  546  546  546  546  0  0  506  0  506  506  0  519  0  0  519  519  519  519  0  0  0  0  569  0  0  0  0  0  0  542  542  0  542  542  0  0  0  0  0  0  0  0  0  570  0  0  532  532  532  
0  571  571  0  0  572  0  0  0  0  554  0  0  414  414  414  414  0  0  0  414  0  414  414  414  0  574  0  513  0  0  0  564  0  0  0  0  575  0  0  0  420  420  420  420  0  577  0  546  546  546  546  546  0  0  546  546  0  0  0  506  0  519  519  519  519  519  0  0  519  0  580  580  0  581  0  582  0  542  542  542  542  0  0  0  584  584  0  0  584  0  586  586  586  0  0  0  532  0  532  
0  0  0  0  587  0  588  588  0  589  0  0  414  414  414  414  0  0  0  0  0  0  0  0  414  0  0  0  0  591  0  0  0  0  0  0  592  0  593  0  0  0  420  0  420  420  0  594  0  0  546  0  546  546  546  546  546  0  519  519  0  519  519  519  0  519  519  519  519  519  0  580  580  0  581  0  582  0  0  0  0  542  542  0  584  584  584  584  584  584  0  0  0  586  0  598  598  0  0  532  
599  0  0  0  587  587  0  0  600  0  0  601  0  0  0  414  0  602  602  602  0  0  0  0  414  0  0  603  0  0  0  0  592  592  592  0  592  592  0  420  420  420  420  0  0  420  0  594  0  0  0  0  0  546  0  0  0  519  519  519  519  519  519  0  519  519  0  519  519  0  0  580  0  0  0  0  0  0  0  608  608  0  0  0  584  584  0  0  0  584  0  0  598  0  598  598  598  0  611  0  
0  587  587  587  587  0  613  613  0  614  0  601  0  0  615  0  616  0  602  0  0  0  414  414  414  0  0  603  0  0  0  0  592  592  592  592  592  0  420  420  0  420  420  420  0  0  0  0  619  0  0  619  0  0  621  621  0  0  0  0  0  519  519  519  0  519  0  519  519  519  0  580  0  622  622  622  622  0  623  0  0  0  0  0  584  0  624  0  0  584  584  0  598  598  598  598  0  0  0  625  
0  587  587  587  0  0  0  613  0  0  626  0  627  627  0  616  616  616  0  629  0  414  414  414  414  0  603  603  603  0  0  632  0  592  592  0  0  633  0  0  0  420  0  0  634  0  0  619  619  619  619  619  0  0  0  0  619  619  0  0  0  519  519  519  0  519  0  519  0  0  637  0  0  622  0  0  622  0  0  638  0  0  0  584  584  584  0  640  0  0  0  641  0  0  598  598  0  642  0  625  
587  587  0  587  0  587  0  0  0  0  0  0  627  627  0  0  616  0  645  0  0  0  414  0  0  0  0  0  603  603  0  0  592  592  0  633  633  633  633  633  0  420  0  0  0  648  648  0  619  0  619  0  619  0  0  619  619  0  0  0  519  0  519  0  519  519  0  0  0  637  637  637  0  622  0  654  0  655  655  0  656  0  0  584  584  0  0  640  640  0  0  0  598  598  598  598  0  0  0  625  
587  0  587  587  587  587  587  587  587  587  0  659  0  0  0  0  0  660  0  0  661  0  0  0  0  0  662  0  603  0  0  592  592  592  0  633  0  0  633  633  0  420  420  0  664  0  0  0  0  0  619  619  619  619  619  619  619  0  0  519  519  519  519  0  519  0  666  0  0  637  0  0  622  622  622  0  655  655  655  655  0  584  0  584  584  0  0  640  0  0  0  0  0  0  598  598  0  0  625  625  
0  0  587  0  0  587  587  587  587  0  0  0  0  671  671  0  671  0  673  0  0  671  671  0  0  662  662  0  603  603  0  0  592  592  0  0  0  0  0  633  0  420  420  0  664  664  664  0  664  664  0  0  619  0  0  619  619  0  519  519  0  0  0  0  0  678  0  0  0  637  637  0  0  0  622  622  0  0  655  0  0  584  584  584  584  0  0  0  0  679  679  679  679  0  598  0  0  680  0  0  
0  681  0  0  682  0  587  587  0  683  0  0  0  671  671  671  671  0  0  671  0  671  671  0  0  0  662  0  0  0  0  0  592  592  0  633  633  633  633  633  633  0  420  0  664  0  664  664  664  0  0  0  619  0  0  619  0  686  0  519  519  0  0  0  0  0  687  687  0  0  637  0  0  688  0  622  0  0  655  0  584  584  0  584  584  584  584  584  0  679  0  679  0  0  0  690  0  0  691  691  
681  681  681  0  0  693  0  0  0  0  0  671  671  0  0  0  671  0  671  671  671  671  671  671  671  0  0  696  696  0  697  0  592  592  0  0  0  633  633  0  633  633  0  0  0  0  664  0  0  0  698  0  0  0  0  619  0  686  0  0  0  699  0  699  0  0  0  0  0  0  637  0  0  688  688  0  0  0  0  0  584  584  0  0  584  0  584  584  0  679  0  0  0  0  0  690  0  701  0  0  
0  681  0  693  693  693  0  703  0  671  671  671  671  671  671  671  671  671  671  0  671  671  671  671  671  0  0  0  0  592  0  592  592  592  0  707  0  0  633  633  0  0  708  0  0  709  0  0  0  619  0  0  619  619  619  619  0  0  0  712  0  699  699  699  699  699  0  0  699  0  0  688  688  688  688  0  0  0  0  0  584  584  584  584  584  0  0  0  715  0  716  0  690  690  690  690  0  0  0  0  
681  681  681  0  693  693  693  0  671  671  671  671  671  0  0  671  671  0  0  0  671  671  671  0  0  720  0  721  0  592  592  592  0  0  722  0  0  0  0  633  633  633  0  723  0  0  619  619  619  619  619  619  619  0  619  0  619  0  619  0  619  0  0  0  0  699  699  699  699  0  688  0  0  688  688  0  688  688  0  0  0  584  0  0  584  584  584  584  0  716  716  716  0  0  690  690  0  690  0  732  
681  681  0  0  693  0  693  693  0  0  0  0  671  0  0  0  671  671  671  671  0  671  0  733  0  0  734  0  592  592  592  592  592  0  722  722  722  722  0  633  633  633  0  0  619  0  0  619  0  0  619  0  0  619  619  619  619  619  619  619  619  0  738  0  739  0  0  699  0  688  688  688  688  688  688  688  688  688  0  0  0  0  584  584  584  0  0  0  716  716  716  0  716  716  0  690  690  690  0  0  
681  681  681  0  0  693  693  0  0  0  745  745  0  0  0  746  0  671  0  671  671  0  747  0  748  0  0  592  592  592  0  0  0  0  0  722  722  0  633  633  0  0  0  0  619  619  619  619  0  0  0  0  0  619  619  0  0  619  619  619  619  0  0  0  739  739  0  699  699  0  0  688  688  688  0  688  688  688  688  688  0  688  0  0  0  716  716  716  716  716  716  716  716  0  0  0  0  690  0  0  
0  0  681  681  681  0  0  0  0  0  745  745  0  753  753  0  0  671  671  671  671  0  747  747  0  0  754  0  592  592  592  0  755  755  0  0  722  722  0  633  0  756  0  0  0  619  619  619  0  0  757  0  0  0  0  758  0  619  0  0  0  0  759  759  0  0  0  699  0  699  0  688  688  688  0  688  0  688  0  688  688  688  0  716  716  716  0  716  716  716  0  716  716  716  0  0  0  690  0  762  
0  0  681  0  0  0  0  681  0  681  0  0  0  753  0  765  0  0  671  0  0  0  747  0  0  747  0  747  0  0  0  0  755  755  0  0  722  722  0  0  768  0  769  0  770  0  619  619  619  0  0  0  0  0  0  758  0  0  699  0  0  699  0  759  759  0  0  699  0  699  0  688  0  688  0  0  773  0  688  688  0  0  0  0  716  0  775  0  716  0  776  0  716  0  0  0  0  0  0  762  
0  0  681  0  0  681  681  681  681  681  0  0  778  0  0  0  779  0  0  747  747  747  747  747  0  747  747  747  0  0  781  0  0  0  0  782  0  0  0  768  768  0  769  0  0  0  0  0  619  619  619  0  784  784  784  0  699  699  699  0  0  699  699  0  0  0  699  699  699  699  699  0  0  688  0  0  0  0  0  688  688  0  0  716  716  0  0  716  716  0  776  0  716  716  0  0  0  789  0  762  
681  681  681  0  0  681  681  0  681  681  0  0  0  0  0  0  0  791  0  0  747  747  747  747  747  747  0  0  792  0  781  0  0  0  0  0  768  768  0  768  768  768  0  619  619  619  619  0  619  0  619  0  0  0  0  795  0  0  699  699  699  699  699  699  699  0  699  0  0  0  699  699  0  688  688  0  0  796  796  0  688  688  0  716  716  0  0  716  0  797  0  0  716  716  0  798  798  0  799  0  
0  681  0  681  681  681  681  681  681  0  681  681  681  0  681  0  791  791  791  791  0  0  747  0  747  0  804  804  0  781  781  0  0  0  0  0  0  768  768  768  768  0  0  619  619  619  619  619  619  0  619  619  0  0  0  0  0  0  0  0  0  699  0  699  0  699  699  0  0  699  699  0  0  0  0  0  808  0  796  0  688  688  688  0  716  716  0  0  0  797  797  0  716  0  809  0  798  798  0  0  
0  681  681  681  681  681  0  0  681  681  681  0  681  681  681  0  0  0  791  791  0  0  747  747  0  810  0  0  0  781  0  0  0  811  0  812  812  0  768  768  0  0  0  0  0  0  619  0  619  619  0  0  813  813  0  814  0  0  699  699  699  699  0  699  699  699  699  0  0  699  0  0  816  816  816  0  0  817  0  688  688  688  688  0  0  716  716  716  716  0  0  716  716  716  0  820  0  798  798  0  
681  681  0  681  681  0  822  0  0  0  0  681  681  681  681  681  0  791  791  791  0  825  0  747  747  0  826  826  826  0  827  827  0  0  0  812  0  0  0  0  828  0  0  0  828  0  619  0  0  619  619  0  0  0  0  814  814  0  699  0  0  0  0  0  0  699  0  0  0  0  830  830  0  816  0  831  0  0  0  0  688  0  0  0  0  716  0  716  716  716  716  0  716  716  0  820  820  0  798  798  
681  681  0  0  681  681  0  832  0  0  0  681  681  681  0  681  0  0  0  791  0  0  0  747  747  747  0  0  826  826  0  0  0  812  812  812  812  0  828  828  828  828  828  828  828  828  0  0  0  0  0  0  835  0  0  0  814  814  0  814  814  0  837  837  0  699  699  699  699  699  0  0  0  0  0  0  0  0  0  688  688  0  716  716  0  716  0  716  0  0  716  0  0  716  0  0  0  798  798  798  
681  681  681  0  0  0  0  832  0  0  0  0  0  681  0  0  0  791  791  791  0  842  0  0  0  0  826  826  826  826  0  812  812  812  0  812  812  0  828  0  0  0  0  0  0  828  0  0  845  0  0  835  835  835  0  847  0  814  814  814  814  0  0  0  0  699  699  0  0  0  0  848  0  849  849  849  0  850  0  688  688  688  0  716  716  716  0  716  716  716  716  0  851  0  0  851  0  798  0  0  
0  0  681  681  0  0  0  832  832  0  681  681  681  681  681  0  0  0  791  0  854  0  0  0  0  0  826  0  826  826  0  812  0  0  0  812  0  0  828  828  828  828  828  828  0  828  828  0  845  845  845  0  835  835  0  0  855  0  0  814  0  0  856  856  0  699  699  0  857  857  0  848  0  0  849  0  0  850  0  0  688  688  0  716  716  0  858  0  716  716  0  851  851  851  851  851  851  0  860  860  
861  861  0  0  0  832  832  832  0  681  681  0  0  0  0  864  864  0  0  0  0  0  865  0  0  866  0  0  0  826  0  812  812  812  0  812  812  812  0  0  0  828  828  828  0  828  828  0  0  845  0  0  0  0  0  0  0  867  867  0  0  867  0  856  0  0  699  0  0  0  848  848  848  0  0  870  0  850  0  0  688  0  716  716  0  858  858  858  0  0  0  851  0  0  851  0  851  0  860  860  
0  861  861  0  0  0  0  832  832  0  0  0  0  0  0  0  0  0  0  0  0  865  865  0  866  866  0  875  0  0  0  0  0  812  812  812  0  812  0  876  0  828  828  0  828  828  0  0  0  845  0  867  867  0  867  867  867  867  867  867  867  867  867  0  0  0  699  0  0  0  0  0  848  0  0  0  0  850  850  0  688  0  716  0  0  858  858  0  0  0  851  851  851  0  851  851  0  0  0  0  
0  861  861  861  0  0  0  0  832  0  0  881  881  0  0  882  882  0  883  883  0  865  865  0  0  0  0  0  0  0  884  884  884  0  812  0  885  0  876  876  0  828  828  828  828  828  828  0  0  0  867  867  0  867  867  0  867  867  0  0  0  0  0  0  699  699  699  0  0  890  0  0  848  0  0  891  0  850  0  892  0  0  0  0  858  858  0  0  894  894  0  851  851  0  0  0  0  0  0  0  
0  861  861  861  0  895  0  832  832  0  0  0  0  882  882  882  0  0  883  0  865  865  0  899  899  0  899  0  901  0  0  884  884  0  0  0  0  0  0  0  902  0  828  828  0  828  828  828  828  0  867  867  0  867  0  903  0  0  0  904  0  905  905  905  0  0  0  906  906  0  0  0  848  848  0  0  850  850  0  0  908  0  909  0  858  0  0  910  0  894  894  0  851  851  851  0  0  911  911  0  
0  861  0  861  0  0  832  832  0  913  913  0  882  0  882  0  883  883  883  0  865  0  0  0  899  899  899  0  0  916  0  0  0  0  0  917  917  0  0  0  0  0  0  828  0  0  0  828  0  867  0  867  867  867  0  0  0  904  904  904  0  0  905  0  0  920  920  0  0  921  0  0  0  0  0  0  850  850  850  0  0  922  0  923  0  924  924  0  894  894  894  0  0  851  851  0  926  0  0  927  
0  0  0  861  0  0  832  832  832  0  913  0  882  882  882  0  0  883  0  928  0  0  0  929  0  0  0  0  930  0  931  0  932  932  0  0  917  0  933  0  933  0  828  828  0  936  0  0  867  867  867  867  867  0  938  0  0  0  904  0  939  0  905  0  0  0  0  940  940  0  941  0  0  0  0  0  850  0  0  942  942  0  0  0  0  0  0  0  0  894  0  943  0  851  851  0  926  926  926  0  
944  0  0  0  945  0  832  832  0  946  0  947  0  882  0  0  0  883  883  0  948  948  948  0  949  949  0  0  0  0  0  950  0  0  0  0  0  933  933  933  933  0  828  828  828  0  0  867  867  0  867  0  867  0  938  0  0  904  904  904  0  954  0  955  0  940  940  940  0  941  941  0  0  941  941  941  0  0  0  0  0  941  941  0  0  0  960  0  894  894  0  0  0  851  851  851  0  0  926  0  
0  0  832  832  0  832  832  832  832  0  0  0  0  882  0  964  964  0  0  0  948  948  948  0  0  0  0  965  965  0  0  0  966  0  933  933  0  933  933  0  933  0  828  828  0  968  0  0  867  0  0  0  867  0  938  938  0  0  0  0  954  954  0  0  970  0  0  940  0  941  941  941  941  941  0  941  0  0  941  941  941  941  0  972  972  972  0  0  894  0  973  0  0  0  0  851  0  974  0  0  
975  0  832  832  832  832  0  0  0  0  0  976  0  882  0  0  964  964  0  0  948  0  0  964  0  0  978  0  0  979  979  0  0  0  933  933  933  933  0  933  933  0  0  0  981  0  982  982  0  0  0  0  867  0  938  938  938  938  0  983  0  954  954  0  0  984  984  0  0  0  0  0  0  0  0  941  941  941  941  941  941  0  972  972  0  0  0  0  0  986  0  0  0  987  0  0  0  0  0  988  
975  0  0  832  832  0  989  0  0  0  990  0  882  882  882  0  0  964  964  0  0  964  0  964  0  978  978  0  0  0  0  994  0  0  0  0  933  0  0  933  0  995  0  996  0  0  982  982  982  0  867  867  867  0  938  938  0  938  0  0  954  954  0  0  984  0  984  0  984  984  0  1001  1001  0  941  941  941  0  0  941  941  0  0  0  1003  1003  1003  0  986  986  986  986  0  0  1005  0  0  1006  1006  0  
0  1007  1007  0  0  0  0  1008  0  0  990  0  0  0  0  964  964  964  964  964  964  964  964  964  964  0  978  978  0  0  0  994  994  994  0  1010  0  0  0  0  1011  0  0  996  0  0  982  0  982  0  867  0  867  867  0  938  0  938  0  1012  0  0  1013  0  984  984  984  984  984  0  0  0  1001  1001  0  941  941  0  0  941  941  0  986  986  0  0  0  986  986  0  0  0  0  0  0  1016  0  1006  0  0  
1007  1007  0  0  0  0  0  1008  1008  1008  0  0  964  0  964  964  0  964  964  964  0  0  0  964  964  964  0  0  1020  1020  0  994  994  0  1021  0  1022  1022  0  0  0  1023  1023  0  1024  0  982  982  982  0  0  867  867  867  867  0  0  938  0  1012  0  0  0  0  0  984  984  984  0  0  1026  0  1001  0  0  0  941  941  941  0  0  0  0  986  0  986  986  986  986  986  0  0  1028  1028  1028  0  1006  1006  0  1006  
0  1007  0  0  0  0  1008  1008  0  1008  0  0  964  964  964  964  964  964  0  0  0  964  0  0  964  964  0  1020  1020  0  0  0  0  0  1021  0  0  0  0  0  1034  0  0  1035  0  1036  0  982  0  0  867  867  0  0  867  867  0  938  0  0  0  0  0  984  984  0  984  0  0  0  0  1001  1001  0  1040  0  0  0  941  0  0  986  986  986  986  986  986  986  986  0  0  0  0  1028  1028  0  1006  1006  1006  1006  
0  1007  0  0  1008  1008  1008  1008  1008  1008  1008  0  0  0  0  964  964  964  0  0  0  964  964  964  964  0  1020  0  1020  0  0  1044  1044  1044  0  1045  1045  1045  1045  1045  0  1046  0  1035  0  0  1047  0  0  867  0  867  0  0  0  867  0  938  938  0  0  0  984  984  984  984  984  0  0  0  0  0  1001  0  0  1050  1050  0  0  1051  1051  0  986  0  0  0  0  0  0  0  1052  0  1028  1028  1028  0  1006  1006  0  0  
0  1007  0  1054  0  0  0  1008  0  1008  1008  0  0  964  964  0  964  0  0  964  0  964  964  964  0  0  1020  1020  1020  0  0  0  1044  0  1045  1045  1045  0  0  1045  1045  0  1035  1035  0  0  1047  1047  0  867  867  867  0  867  867  867  867  0  0  1060  0  984  984  0  984  984  0  0  1062  1062  0  0  0  0  0  0  1050  0  1051  1051  1051  1051  0  0  0  0  1064  1064  0  1065  0  0  0  0  1028  0  0  0  0  1066  
1054  0  1054  1054  0  1069  1069  0  1008  1008  1008  1008  0  0  964  964  964  964  964  964  0  0  964  0  0  0  0  1020  1020  0  1071  1071  0  1072  0  1045  0  0  1073  0  0  0  0  1035  1035  0  0  0  1074  0  0  0  867  867  0  867  0  0  0  0  984  984  984  984  0  0  0  0  0  0  1051  1051  0  0  1051  0  0  0  1051  0  0  1051  1051  0  1079  1079  0  0  0  1065  1065  1065  0  0  1028  1028  0  1080  1080  0  
1054  1054  1054  0  0  1069  1069  0  1008  1008  1008  1008  1008  0  964  0  964  964  0  964  0  0  0  0  0  1020  1020  1020  1020  1020  0  0  1072  1072  1072  0  1083  1083  0  1084  0  1085  1085  0  0  1086  1086  1086  0  0  0  0  867  0  1087  0  0  0  1088  0  984  0  0  984  984  0  0  0  0  0  0  1051  1051  1051  1051  1051  1051  1051  0  0  0  1051  0  1079  1079  1079  0  1090  1090  0  0  0  0  0  1028  0  1091  0  0  1091  
0  1054  0  0  1093  0  1069  0  1008  0  1008  0  0  0  0  964  964  0  0  964  0  1095  1095  0  1020  1020  1020  0  1020  0  0  0  1072  0  0  1083  1083  0  1083  0  1085  1085  0  1100  0  1086  1086  1086  1086  0  0  867  867  867  0  1086  1086  0  0  1086  0  0  0  984  984  984  984  0  0  984  984  0  0  1051  1051  0  0  1051  1051  1051  1051  1051  1051  0  1079  0  0  0  1090  1090  1090  0  0  0  1028  0  1091  1091  1091  1091  
1105  0  1106  0  0  1107  0  0  0  1108  0  1105  1105  0  964  0  964  0  0  0  0  0  1095  0  1020  1020  0  0  0  0  1083  0  0  1083  1083  1083  1083  0  1083  0  0  0  1113  0  0  1086  0  0  0  0  0  0  0  0  0  1086  1086  0  1086  1086  0  0  0  0  984  0  0  1115  0  984  0  0  0  1051  1051  0  1051  1051  0  0  1051  0  1051  0  1079  0  0  1090  1090  0  1090  1090  1090  0  0  1118  0  0  1091  1091  
1105  1105  0  0  0  1107  0  0  0  0  1105  0  1105  0  964  964  964  0  1120  1120  0  0  0  1121  0  0  0  0  0  1083  1083  1083  0  1083  1083  1083  1083  1083  1083  1083  0  1123  0  0  0  1086  0  0  0  0  0  1124  0  0  0  0  1086  1086  1086  0  984  984  984  0  984  984  0  0  984  984  984  0  1051  1051  1051  1051  1051  0  0  0  1051  1051  0  0  0  0  1090  1090  0  1090  1090  0  1090  0  0  0  0  0  1091  0  
0  1105  1105  0  1105  0  1105  1105  1105  1105  1105  1105  1105  0  964  964  0  1120  1120  1120  0  0  0  1121  0  1133  1133  0  1083  1083  1083  1083  1083  1083  1083  1083  1083  0  1083  0  1135  0  0  1086  1086  1086  1086  0  1137  1137  1137  0  1086  1086  1086  1086  1086  0  0  984  0  984  984  984  984  984  0  984  984  984  984  984  0  0  1051  1051  1051  1051  0  1141  0  0  1142  0  0  1143  0  1090  1090  1090  0  0  1090  0  0  0  1144  0  0  0  
0  0  1105  1105  1105  1105  1105  1105  1105  1105  1105  1105  1105  1105  0  964  0  0  1120  1120  0  0  0  0  0  1133  0  0  0  1083  1083  1083  1083  1083  1083  1083  1083  1083  0  1135  1135  0  0  1086  0  1086  1086  0  0  0  0  1086  1086  0  1086  0  0  0  984  984  984  984  0  984  0  984  984  984  984  984  984  984  984  0  0  1051  0  0  0  0  1148  1148  0  1149  0  0  1090  1090  1090  1090  0  1090  1090  0  0  1152  0  0  0  0  
1153  0  0  1105  1105  1105  1105  1105  0  1105  1105  1105  1105  1105  1105  0  1120  1120  1120  1120  1120  1120  0  1155  0  0  0  0  1083  0  1083  0  0  1083  1083  1083  0  1083  0  0  1135  1135  0  0  1157  0  1086  1086  0  0  1086  1086  0  0  0  1159  0  1160  0  984  984  984  984  984  984  0  0  984  0  984  984  984  0  1051  1051  1051  1051  1051  0  1148  1148  1148  0  0  1163  1163  0  0  1090  0  0  0  1090  0  1152  1152  0  0  1165  1165  
1153  0  0  1105  0  1105  1105  0  1105  1105  0  1105  1105  0  1105  0  1120  0  0  0  0  1120  0  1155  1155  1155  0  1083  1083  1083  1083  0  0  1083  1083  0  0  0  1135  1135  1135  0  1169  0  0  1170  0  1086  1086  1086  1086  1086  1086  1086  1086  0  0  1160  0  0  0  0  0  984  0  0  0  0  0  984  984  0  0  0  1051  1051  0  1051  1051  0  1148  1148  1148  0  1163  0  1090  1090  1090  1090  0  0  1090  0  0  1152  1152  1152  0  1165  
0  1172  1172  0  0  1105  0  1173  0  0  0  0  1105  1105  0  0  0  0  1174  0  0  0  1155  1155  0  1155  1155  0  1083  0  1083  1083  1083  0  0  0  0  0  1135  1135  0  0  1169  0  1169  0  1177  0  1086  1086  0  1086  0  0  0  1178  0  0  1179  1179  0  0  0  0  0  0  1180  1180  1180  0  984  0  0  0  0  1051  1051  1051  1051  0  0  1148  1148  0  0  0  0  1090  0  0  0  0  0  0  0  0  0  1152  1152  0  
1172  1172  1172  0  1105  1105  0  1173  1173  0  1183  0  0  1105  1105  1105  0  1174  1174  0  0  0  0  1155  1155  0  0  0  1083  0  1083  1083  1083  0  1185  0  0  0  0  1135  1135  0  1169  1169  1169  1169  0  0  1086  1086  0  1086  1086  0  0  0  1186  1186  0  0  0  0  1186  1186  0  0  1180  0  1180  0  0  1186  1186  1186  0  0  0  0  1051  1051  1051  0  0  1189  1189  1189  0  1090  1090  0  1190  0  0  0  1191  0  1152  0  1152  0  
0  0  1172  1172  0  0  1193  0  0  1183  1183  0  1195  0  0  0  0  0  0  0  0  0  1155  1155  1155  0  1197  0  0  0  0  1083  0  1083  0  1199  0  1200  0  1135  1135  0  0  1169  0  0  0  0  1086  0  0  0  0  0  1201  0  1186  1186  1186  1186  1186  1186  1186  1186  1186  0  1180  0  0  1186  0  1186  1186  0  1203  1203  0  0  0  1051  1051  1051  0  0  0  0  0  0  0  0  0  0  1204  1204  0  1152  1152  1152  1152  1152  
0  1206  0  1172  1172  0  0  0  0  0  0  1195  1195  0  1208  0  1208  0  0  0  1210  0  1155  0  0  1197  1197  1197  0  1083  1083  1083  1083  1083  1083  0  0  0  0  0  0  0  1169  1169  1169  1169  0  0  0  1214  0  0  1215  0  1201  0  1186  0  0  0  0  0  1186  1186  0  0  0  0  1186  1186  1186  1186  1186  0  1203  1203  0  1051  1051  1051  1051  1051  1051  1051  0  1218  1218  1218  1218  0  1219  0  0  0  0  1152  1152  0  1152  0  
0  0  0  0  1172  1172  0  0  1220  0  0  0  0  1208  1208  1208  1208  0  1222  1222  0  0  0  1223  0  0  0  1197  1197  0  0  0  0  0  0  0  0  1224  1224  0  1169  1169  1169  1169  1169  1169  0  1226  1226  0  1227  0  1215  0  0  1186  1186  0  1229  0  1186  1186  1186  1186  1186  1186  1186  1186  1186  0  1186  1186  0  1203  1203  0  0  0  0  1051  0  0  1051  0  0  0  0  0  1218  1218  0  0  0  0  0  0  0  1152  1152  0  
0  1233  0  1233  0  1172  1172  0  1220  0  0  1208  1208  1208  0  0  1208  1208  0  0  1223  1223  1223  1223  0  0  0  0  0  0  1237  0  0  1238  0  0  1224  1224  1224  0  1169  1169  0  0  0  1169  0  1226  1226  1226  0  0  1215  1215  1215  0  1186  1186  0  1186  1186  0  0  0  0  0  0  0  1186  0  0  0  0  0  0  1241  1241  0  0  1051  1051  0  1051  0  0  0  1218  1218  1218  0  0  1218  0  0  1244  1244  0  1152  0  0  
0  1233  1233  1233  0  0  1172  0  0  1245  0  0  0  0  0  1208  1208  0  1208  0  1223  0  1223  1223  1223  1223  0  1248  1248  1248  0  1238  1238  1238  1238  1238  0  1224  0  1169  1169  0  1251  0  0  0  0  0  1226  1226  0  0  0  1215  0  0  0  0  1186  1186  0  0  0  1253  0  0  0  1186  1186  1186  0  0  1186  0  0  0  0  1256  1256  0  0  0  0  0  1218  0  1218  1218  1218  1218  0  1218  0  1244  1244  0  1259  0  0  0  
1260  0  0  0  1261  1261  0  1262  0  0  1263  0  0  0  1264  0  1208  1208  1208  0  0  1223  1223  0  1223  1223  0  0  1248  0  1238  0  0  1238  1238  1238  1238  0  1169  1169  0  0  1251  1251  1251  0  0  1251  0  1226  0  0  0  1215  0  0  1269  0  0  1186  0  0  0  0  1186  1186  1186  0  1186  0  1186  1186  1186  0  0  0  1256  1256  0  0  1273  0  1274  0  1218  1218  1218  1218  1218  1218  1218  1218  0  1244  0  0  0  0  0  0  
1260  1260  0  1261  1261  0  0  0  1276  1276  0  0  1277  1277  0  0  0  0  0  1223  1223  1223  0  0  0  0  0  1279  0  0  1238  1238  1238  1238  0  0  0  0  0  0  0  1280  0  0  1251  1251  1251  1251  0  0  0  1281  0  1215  1215  0  0  0  0  0  1282  1282  0  0  1186  0  1186  1186  1186  1186  1186  0  1186  0  1283  0  0  0  1284  0  0  0  0  1218  1218  1218  0  0  1218  1218  0  0  1286  0  0  0  1287  0  0  1288  
