0  2  2  2  2  0  2  2  2  2  0  2  2  2  2  2  2  2  2  2  2  2  2  2  2  2  2  2  2  2  2  2  2  2  2  2  2  2  2  2  2  0  2  2  2  2  2  2  2  2  2  2  2  2  2  2  0  2  0  2  2  2  2  2  0  2  2  2  2  2  2  0  0  2  0  2  0  2  0  2  2  2  2  2  2  2  0  2  2  2  2  2  2  2  2  2  0  2  2  0  
2  2  2  2  2  2  0  2  2  2  2  2  0  0  2  2  2  2  2  2  2  2  0  0  2  2  0  2  2  2  2  2  0  0  2  0  2  0  0  2  2  2  2  0  0  0  2  2  2  2  2  2  2  2  2  0  2  2  2  2  0  2  2  2  2  2  2  2  0  2  2  0  2  2  2  2  2  2  2  2  2  2  2  2  2  2  2  2  0  2  2  2  2  2  2  2  2  0  2  2  
2  2  2  2  2  2  2  2  2  0  2  2  0  2  2  2  2  0  2  2  2  2  2  2  0  2  2  2  0  2  2  2  2  2  0  0  2  0  2  2  2  2  2  2  2  2  2  2  2  2  2  2  0  2  2  2  0  2  0  2  2  2  2  0  2  0  0  2  2  0  2  0  2  2  2  0  2  2  2  2  2  2  2  2  2  2  2  2  0  2  2  0  0  2  2  0  2  2  2  2  
2  2  2  0  2  2  0  2  2  2  0  2  2  2  0  2  2  2  0  2  2  2  2  2  2  2  2  2  2  2  0  2  2  2  2  2  2  2  2  2  2  2  2  2  0  2  2  2  2  2  2  2  2  2  0  0  2  2  2  2  2  2  2  2  0  2  0  2  2  2  2  0  2  2  2  2  2  2  2  0  0  0  0  2  0  2  2  2  2  0  0  2  2  2  2  2  0  2  0  2  
2  2  2  2  0  2  2  2  2  2  2  2  2  0  2  2  2  2  2  2  2  0  0  2  0  2  0  2  2  2  2  2  2  2  2  2  2  2  2  2  2  2  2  2  2  2  2  2  2  2  2  2  0  2  2  2  2  2  2  0  2  2  2  2  2  2  2  2  2  2  2  2  0  2  2  2  2  2  2  0  2  2  0  2  0  2  2  0  2  2  2  2  2  2  0  2  2  2  0  2  
0  2  2  2  2  2  2  2  2  2  2  2  2  2  2  2  2  2  2  2  2  2  2  0  2  2  2  2  0  0  2  2  2  2  0  2  2  2  2  2  2  2  2  0  2  2  2  2  2  2  2  2  2  2  2  2  0  0  2  0  2  0  2  2  2  0  2  2  2  2  0  2  2  2  2  2  2  2  2  0  2  0  0  2  2  2  2  2  2  2  2  2  2  0  2  2  2  0  2  2  
2  2  2  0  2  2  2  2  2  2  2  2  2  2  2  2  0  2  2  0  0  2  0  0  2  2  0  2  2  0  2  2  0  2  2  0  2  2  2  0  2  2  2  2  2  2  2  2  0  2  2  2  2  2  2  2  2  2  2  2  2  2  2  2  2  2  0  0  2  0  2  2  0  2  2  2  2  2  2  2  2  2  2  2  2  2  0  2  2  2  0  2  2  2  2  2  2  2  2  2  
0  2  2  2  2  2  2  2  2  2  2  2  0  2  2  2  2  2  2  2  2  2  2  2  2  2  2  2  2  2  2  2  2  2  2  0  2  2  0  2  2  0  2  2  2  2  2  2  2  2  2  2  0  0  2  0  2  2  0  0  2  2  2  2  2  2  2  2  2  2  2  2  2  0  0  2  2  2  2  2  2  2  2  0  0  2  2  2  0  0  2  0  2  2  2  2  2  2  2  2  
2  0  2  0  2  2  2  2  2  0  0  2  0  2  2  0  2  0  2  2  2  2  2  2  2  2  2  2  2  2  0  2  2  2  2  0  2  2  2  2  2  2  2  2  2  2  2  2  0  2  2  2  0  2  2  2  2  0  2  0  0  2  2  2  0  2  2  2  2  2  2  2  2  0  2  2  2  2  2  2  2  2  0  2  2  2  2  0  2  2  2  2  0  2  2  2  2  2  2  2  
2  2  2  2  2  2  0  2  2  0  2  2  2  0  0  0  2  2  2  0  0  2  2  2  2  0  2  2  2  2  2  2  2  2  2  2  2  0  2  0  2  2  2  2  0  0  2  2  2  2  2  2  0  2  2  2  2  2  2  0  2  0  2  2  0  2  2  2  2  2  2  2  2  2  2  2  2  2  2  0  2  2  2  2  2  2  2  2  0  2  2  2  0  2  2  2  2  2  2  2  
2  2  0  2  2  2  0  2  2  2  0  0  0  2  2  0  2  2  2  2  2  2  2  2  2  2  2  2  2  2  0  2  2  2  2  0  0  2  2  2  2  2  2  2  0  2  0  0  0  2  0  0  2  2  2  2  0  2  2  2  2  2  2  2  2  2  0  0  2  2  2  2  2  2  2  2  2  2  0  2  0  2  2  2  0  2  2  2  0  2  2  2  0  0  2  2  2  2  2  2  
2  2  2  2  2  2  2  2  0  2  0  2  2  0  2  0  2  2  2  2  2  2  0  2  2  2  2  2  2  2  2  2  2  2  2  2  2  2  2  2  2  0  2  2  2  2  2  2  2  2  0  2  0  2  2  0  2  2  2  2  2  2  2  2  2  2  2  2  0  0  2  2  2  2  2  0  2  2  2  2  2  2  2  2  0  2  2  2  2  2  2  2  2  2  2  2  2  2  2  0  
2  2  2  2  0  2  2  2  2  0  2  2  2  2  2  2  2  2  0  2  2  2  2  2  2  2  2  2  0  2  2  0  2  2  2  2  2  2  0  2  2  2  2  2  2  2  2  2  2  2  0  2  2  2  2  2  2  2  2  2  2  0  2  2  0  2  2  2  0  2  0  2  2  2  2  2  2  2  2  2  2  2  2  2  2  2  0  2  2  2  0  2  0  2  2  2  2  2  2  0  
2  0  2  2  2  0  2  2  2  2  2  2  2  0  2  2  2  2  2  2  0  0  2  2  2  2  2  2  2  2  2  2  2  2  2  2  2  2  2  2  2  2  2  2  2  2  2  2  2  2  2  2  2  0  2  0  2  2  2  2  0  2  2  0  2  2  2  2  2  2  2  2  2  0  2  2  2  2  2  2  0  2  2  2  2  2  2  2  2  2  0  2  2  0  2  2  2  2  2  2  
2  2  2  2  2  2  2  0  2  2  2  2  2  2  0  2  2  2  2  2  2  0  2  2  0  0  2  2  2  2  2  2  2  2  2  0  2  2  0  2  2  2  2  2  2  2  2  0  2  2  2  2  2  2  0  2  2  2  2  0  2  2  2  2  2  2  2  2  2  2  0  0  2  0  0  0  0  2  2  0  2  0  2  2  2  2  2  2  2  0  2  2  2  2  2  2  2  0  2  2  
0  0  2  0  2  2  2  2  2  0  2  2  0  0  2  0  2  2  2  2  2  2  2  2  2  2  2  2  2  0  2  2  2  2  0  2  0  2  0  2  2  0  2  0  2  2  0  2  2  2  2  2  2  2  2  2  0  2  2  2  2  0  2  0  2  2  2  0  0  2  2  2  2  2  2  2  2  2  2  2  2  2  0  2  2  0  2  0  0  0  2  2  2  2  2  2  2  2  0  2  
2  2  2  0  0  2  2  2  2  2  2  2  2  2  2  0  2  2  2  2  2  0  2  2  2  2  0  2  2  2  2  0  2  2  2  2  2  2  2  2  2  2  2  2  2  2  2  2  0  2  0  0  0  2  2  2  2  0  0  2  2  2  2  2  2  2  2  0  0  2  2  2  2  2  2  2  0  2  2  2  2  2  0  2  2  0  2  2  2  0  2  2  2  2  2  2  2  2  2  0  
2  2  2  2  2  2  2  2  2  0  2  2  2  2  2  2  2  2  2  2  2  2  0  2  2  2  2  0  2  2  2  2  0  2  2  0  2  2  2  2  0  2  2  2  2  2  0  0  2  2  2  2  2  2  0  2  2  2  2  2  2  2  2  2  2  2  2  2  2  2  2  2  2  2  2  2  2  0  2  2  2  2  2  2  2  2  2  2  0  2  2  2  2  2  2  2  2  2  0  62  
2  2  2  2  2  0  2  0  0  2  2  2  2  2  2  2  2  2  0  2  2  2  2  2  2  0  2  2  2  2  2  2  0  0  2  0  2  2  0  2  2  0  2  2  2  2  0  0  0  2  2  2  2  2  0  2  2  2  0  2  2  2  2  2  0  0  0  2  2  2  2  2  0  2  2  2  2  0  2  2  2  2  2  0  2  0  0  2  2  2  2  0  0  2  2  2  2  2  2  0  
2  2  2  2  2  2  0  0  2  2  2  0  2  2  2  2  2  2  2  2  2  2  2  0  0  2  2  2  2  2  2  0  2  2  2  2  0  2  2  2  2  2  2  2  2  2  0  0  2  2  2  2  0  2  2  0  0  2  2  2  2  2  2  2  2  2  0  2  2  2  2  2  2  0  2  2  2  2  2  2  0  0  2  2  2  2  0  2  2  2  0  2  2  2  2  2  2  0  2  2  
2  2  2  0  2  2  0  2  2  0  2  2  2  2  0  2  2  2  2  2  2  2  0  0  0  2  2  2  2  2  0  2  2  2  2  0  2  2  2  0  2  2  2  0  2  2  2  2  2  2  0  0  2  2  2  2  0  2  2  2  0  2  2  2  2  2  2  2  2  2  0  2  2  2  2  2  2  2  2  0  2  2  2  0  2  2  0  2  0  2  2  2  2  2  2  2  0  0  2  2  
2  2  2  2  0  2  0  2  2  2  2  2  2  0  0  2  2  2  2  0  2  2  0  2  2  2  2  2  2  2  2  2  2  2  0  2  2  2  2  2  2  2  2  0  2  2  2  2  2  2  2  2  2  2  2  2  2  2  2  2  2  0  2  2  2  2  0  2  2  2  2  0  2  2  2  2  0  2  2  2  2  2  2  2  2  2  2  2  2  2  2  2  2  2  2  0  0  2  2  2  
2  2  2  2  2  2  2  0  2  2  2  2  0  2  2  2  2  2  2  2  2  2  2  2  2  2  0  2  2  2  2  2  2  0  2  2  2  2  2  0  0  2  0  2  2  0  2  0  2  2  0  2  2  2  0  2  2  2  2  0  2  2  2  0  2  0  2  2  2  2  2  2  2  2  2  2  2  2  2  0  2  2  2  2  0  2  2  0  2  2  2  2  2  0  2  2  2  2  2  2  
2  2  2  2  2  0  2  2  2  2  2  2  2  2  2  2  2  2  0  2  2  2  2  2  2  2  0  0  2  2  2  2  2  2  2  2  2  0  2  2  2  0  2  2  0  2  2  0  2  2  2  0  0  0  2  2  2  2  2  0  2  2  2  2  0  2  2  0  0  0  0  2  0  2  2  2  0  2  2  2  0  0  2  2  2  0  2  0  2  2  2  2  2  2  2  0  2  2  0  2  
2  0  2  2  2  2  2  2  2  0  0  2  2  2  2  2  2  2  2  0  2  2  0  2  0  2  2  2  0  2  0  0  2  2  0  2  2  2  2  0  0  2  2  2  2  0  2  2  2  2  0  2  0  2  2  2  2  2  2  2  0  2  2  2  0  2  2  0  2  2  0  2  0  2  0  2  2  2  0  2  2  2  0  2  2  2  2  2  2  2  2  2  2  2  0  2  2  2  2  0  
2  0  2  2  2  2  2  0  2  0  2  2  2  2  2  2  2  2  2  2  2  2  2  2  2  2  0  2  2  2  0  0  2  2  2  2  2  0  2  2  2  2  2  0  2  2  2  2  2  2  2  2  2  2  2  2  0  2  0  2  0  2  2  2  0  2  2  2  0  2  0  2  2  2  2  2  2  0  2  0  2  2  2  2  2  2  2  2  2  2  2  2  0  2  2  2  2  2  0  2  
2  2  2  2  0  2  2  2  2  2  2  2  2  2  2  2  2  2  2  2  2  2  0  0  2  2  2  2  0  2  2  2  2  2  2  2  2  2  0  2  2  2  0  0  2  2  2  0  2  2  0  2  0  0  2  2  2  2  0  2  0  2  2  2  2  0  2  2  2  2  0  2  2  0  2  2  2  0  2  2  0  2  2  0  2  2  2  2  2  0  2  2  2  0  2  0  2  0  2  2  
2  2  2  2  2  2  2  2  2  2  2  2  2  2  0  2  2  2  2  2  2  2  2  2  2  2  0  0  2  2  2  2  2  2  2  2  2  2  2  2  2  0  2  0  0  2  2  2  0  2  2  2  2  2  2  2  0  2  2  2  2  2  2  2  2  2  0  0  2  2  2  2  2  2  2  2  2  0  2  2  2  2  2  2  0  2  2  2  2  2  0  2  2  2  2  2  0  2  2  2  
2  2  2  2  0  2  2  2  2  2  2  2  2  2  2  2  2  2  0  2  0  0  2  2  2  2  2  2  2  2  2  2  0  2  2  2  2  0  0  2  2  2  2  2  2  2  2  2  2  2  2  2  2  2  0  2  2  0  2  2  2  2  2  2  2  0  2  2  2  2  2  2  0  2  0  2  2  2  2  2  0  2  0  0  2  2  2  2  2  0  2  2  2  0  2  2  2  0  0  2  
2  2  2  2  2  2  2  0  2  2  2  2  2  2  2  2  2  2  2  0  2  2  2  2  2  2  2  2  0  2  2  2  0  2  2  2  2  2  2  2  2  2  2  2  2  2  2  2  2  2  2  2  2  2  0  2  0  2  2  2  2  0  2  0  2  2  2  2  2  2  2  2  2  0  2  0  2  2  0  2  2  2  2  2  2  2  0  2  2  2  2  2  2  2  0  0  2  2  2  2  
0  2  2  2  0  0  0  2  2  2  2  2  2  2  2  0  2  0  2  2  0  2  0  2  2  0  2  0  104  0  2  2  2  2  0  2  2  2  2  2  2  2  2  2  0  2  2  0  2  2  2  0  2  2  2  2  2  0  2  2  2  2  2  2  2  2  2  0  2  2  0  2  0  2  2  2  2  2  2  2  2  0  2  2  0  2  2  2  0  0  2  2  2  2  2  2  2  2  2  0  
0  2  2  0  2  2  0  2  2  2  0  2  2  2  2  0  2  2  2  2  2  0  2  2  0  2  2  0  0  2  2  2  2  2  2  2  2  2  2  2  2  2  2  2  0  2  2  2  2  2  0  2  2  2  0  2  2  2  2  2  0  0  2  2  0  2  2  0  2  2  2  2  2  0  0  0  2  2  2  2  0  2  2  2  2  2  2  2  2  2  2  2  2  0  2  2  2  2  2  2  
2  2  2  2  2  2  0  2  2  2  0  2  2  2  2  2  2  0  2  2  2  0  0  2  2  2  2  0  2  2  2  2  2  2  2  2  2  2  2  2  2  2  2  2  2  0  2  0  0  2  2  2  0  2  2  2  2  0  2  2  2  0  2  2  0  2  2  2  2  0  2  2  0  2  0  0  2  2  2  2  2  0  2  2  2  2  0  2  2  2  2  2  2  2  0  2  2  2  2  2  
2  2  0  0  2  2  2  2  0  2  0  2  2  2  0  2  0  0  2  0  2  2  2  2  0  2  2  0  2  2  0  2  2  2  2  2  2  2  0  2  2  0  2  2  0  2  2  2  0  2  0  2  0  0  2  2  0  0  2  2  2  2  2  2  0  0  2  2  2  2  2  2  2  2  0  2  2  2  2  2  0  2  2  2  2  2  0  2  2  0  2  2  2  2  2  0  0  0  2  2  
2  2  2  2  0  2  2  2  2  2  2  2  2  2  0  0  0  0  2  2  0  0  2  0  0  2  0  2  2  2  0  2  2  2  2  2  2  2  2  0  2  2  2  0  2  2  2  2  0  2  0  2  0  0  2  2  2  2  2  2  2  2  2  0  0  0  2  0  2  2  2  0  2  2  2  0  2  2  2  2  0  0  2  2  2  0  2  2  0  2  2  0  0  0  0  2  2  2  2  2  
2  0  2  2  2  2  0  2  2  2  2  2  2  2  0  2  2  2  0  2  2  2  2  2  0  2  2  2  0  2  2  2  2  2  2  2  2  2  2  2  2  2  2  2  2  2  2  2  0  2  0  2  2  2  2  0  2  2  2  2  2  0  2  2  2  2  2  2  2  2  2  2  0  2  2  0  2  2  2  2  2  2  2  2  2  2  2  0  2  2  2  2  2  0  2  0  2  2  2  0  
2  0  2  2  0  0  2  0  2  2  2  0  2  2  2  0  0  2  2  0  2  2  2  2  2  2  2  0  2  0  0  2  2  2  2  2  0  0  0  2  2  0  2  2  2  2  0  2  2  0  2  2  2  2  2  2  2  2  2  2  2  2  2  2  2  0  2  0  2  2  2  0  2  2  2  2  2  2  2  2  0  2  2  2  2  2  2  2  2  2  2  2  2  2  2  2  2  0  2  2  
2  0  2  0  2  0  2  2  2  2  0  2  0  2  2  2  2  0  2  2  2  2  2  2  2  2  0  2  2  2  2  2  2  2  2  2  2  2  2  2  2  0  2  2  2  2  2  2  2  0  2  2  2  2  2  0  2  0  2  2  2  2  2  2  2  2  0  2  2  2  2  2  2  2  0  0  2  0  0  2  2  2  2  0  2  2  2  2  2  2  0  2  2  2  2  0  2  2  2  2  
0  2  0  2  2  2  2  2  0  2  2  2  2  0  2  0  2  2  2  0  2  2  2  0  2  2  2  0  2  0  2  2  2  2  2  2  2  2  2  2  2  2  2  2  2  0  2  2  2  2  0  2  2  0  2  0  2  2  2  0  2  0  2  2  2  2  2  0  2  2  2  0  2  2  0  2  2  2  2  2  2  2  2  2  0  2  2  2  2  2  2  2  2  2  2  2  2  2  0  2  
2  2  2  2  2  2  2  0  2  0  2  0  2  2  2  2  0  2  2  2  2  0  2  0  2  0  2  2  2  2  2  2  2  2  0  2  2  2  2  2  2  2  2  2  2  2  2  2  2  2  2  2  2  2  2  0  2  2  2  2  2  2  2  2  2  2  2  2  2  2  2  2  0  0  2  2  2  2  2  2  2  0  2  2  2  2  0  2  2  2  0  2  2  2  2  0  2  0  2  2  
2  2  2  2  2  2  2  2  2  2  0  141  0  0  2  2  2  0  2  2  2  2  0  0  2  2  0  0  2  0  2  2  2  2  2  2  2  2  2  2  2  2  2  2  2  2  2  2  0  0  2  2  2  2  0  2  0  2  2  2  0  0  2  2  2  2  2  2  0  2  2  2  2  2  0  2  0  2  2  0  2  2  0  0  2  0  2  2  2  0  2  2  2  2  2  2  2  0  2  2  
2  2  2  2  2  2  2  2  2  2  2  0  2  2  0  2  2  0  0  2  0  2  2  2  0  0  2  0  2  0  2  2  2  2  2  2  2  2  2  2  2  0  2  2  2  2  2  2  2  2  2  2  2  0  2  2  0  2  2  2  2  0  2  2  2  2  2  0  2  2  0  2  2  2  2  2  0  2  2  2  2  0  2  2  2  2  2  2  2  2  2  2  2  0  0  2  2  2  2  2  
0  2  2  2  2  2  2  0  2  2  2  2  0  2  2  2  2  2  0  2  2  2  2  2  0  2  2  2  2  2  2  2  2  2  0  2  2  2  2  2  2  2  2  0  2  2  2  2  2  2  2  0  2  2  2  2  2  2  2  2  2  2  2  2  2  2  2  2  2  2  0  2  2  2  2  0  2  2  2  0  2  2  2  2  2  2  2  2  2  2  2  2  0  2  2  0  2  2  2  2  
2  0  2  2  2  2  0  2  0  0  2  2  0  2  2  2  2  2  2  2  2  2  0  2  2  2  2  2  2  2  2  2  2  2  2  2  2  2  2  2  2  2  0  2  2  2  2  0  0  2  2  2  2  2  2  2  2  2  2  2  2  2  2  2  2  2  2  2  0  0  2  0  2  2  2  2  0  2  2  0  2  0  2  2  2  2  2  2  2  2  2  0  2  2  2  2  2  2  2  2  
2  2  2  2  2  0  0  2  2  2  0  2  2  0  2  2  0  2  2  2  2  0  2  2  2  2  2  2  0  2  2  2  2  2  2  2  2  0  2  2  2  2  2  2  2  2  2  2  2  2  2  2  2  2  0  2  2  2  2  2  2  2  2  0  0  2  0  2  0  0  2  2  2  0  2  0  2  2  2  2  0  2  2  2  0  2  2  2  2  0  2  2  2  2  0  2  2  0  2  2  
0  0  0  2  2  2  2  0  2  0  2  0  2  2  2  2  2  2  2  2  2  2  2  2  2  2  2  0  2  2  0  2  0  0  0  2  2  2  2  2  2  2  2  2  2  0  2  2  2  0  2  2  0  2  2  2  0  2  2  0  2  2  2  2  2  2  0  2  0  2  0  0  2  2  2  2  0  2  2  2  2  2  2  0  2  2  2  2  2  0  2  2  2  0  2  2  2  2  2  2  
0  2  2  2  2  2  2  2  2  2  2  2  2  2  2  2  2  2  2  0  2  0  2  2  2  2  2  2  0  2  2  2  2  2  2  0  2  2  2  2  2  2  2  2  2  0  2  2  2  2  0  2  2  2  2  2  0  2  2  2  2  2  0  2  2  0  0  2  2  2  2  2  2  0  0  2  2  2  2  2  2  2  0  2  2  2  2  2  2  2  0  2  2  2  0  2  2  2  2  2  
2  2  2  2  2  2  2  2  2  2  2  2  2  2  2  2  2  2  0  0  2  2  0  2  2  0  0  2  2  2  2  2  2  2  2  2  2  2  0  2  0  2  2  2  2  0  2  2  2  2  2  2  0  2  2  2  2  2  2  0  2  2  2  2  2  2  2  2  2  2  2  2  0  0  2  2  2  2  2  2  2  2  2  2  2  2  2  2  0  2  2  2  2  2  2  2  2  2  2  0  
2  2  2  2  2  2  2  2  2  2  2  2  2  2  2  2  2  2  0  2  2  2  2  0  2  2  0  2  2  2  0  0  2  2  2  2  2  2  2  2  2  2  2  2  2  2  2  0  2  2  2  2  2  0  2  2  2  2  2  0  2  2  0  2  2  2  2  0  2  2  2  2  2  2  2  2  2  2  0  2  2  0  2  2  2  2  2  2  2  2  2  2  2  2  2  2  2  2  2  2  
2  2  2  2  2  2  0  2  0  2  2  2  2  0  2  0  2  0  2  0  2  2  2  2  2  2  2  2  2  2  0  2  2  2  0  2  2  0  2  2  2  2  2  2  2  0  2  2  2  2  0  2  2  2  2  2  2  2  0  0  2  2  2  2  2  2  2  2  0  2  2  2  0  2  2  2  2  0  2  2  2  0  2  0  2  2  2  2  2  2  2  2  2  0  0  0  2  2  0  0  
2  2  2  2  2  0  2  2  2  0  0  2  0  0  2  2  0  2  2  0  2  2  0  2  2  2  0  2  0  2  2  2  2  2  2  2  2  2  2  2  2  2  2  0  2  2  2  2  2  2  2  2  0  2  2  2  2  0  0  0  2  2  2  0  2  2  2  0  2  2  2  2  2  2  2  2  2  0  2  2  2  0  2  2  0  2  2  2  2  2  2  0  2  0  2  2  2  2  2  2  
2  2  2  0  2  0  2  0  2  2  2  2  2  2  2  2  2  2  2  2  2  2  2  2  2  0  2  2  2  2  2  2  2  2  2  2  2  0  0  2  2  0  2  2  0  2  2  2  2  2  2  2  2  2  0  2  2  2  2  0  0  2  2  2  2  0  2  2  2  2  2  2  2  2  2  0  2  2  2  2  2  2  0  2  2  2  2  2  2  2  2  2  2  0  2  2  0  2  2  2  
0  2  2  2  2  2  2  2  2  2  2  2  2  0  2  2  2  0  2  2  2  2  2  2  2  2  2  2  2  2  2  2  2  2  2  2  2  2  0  2  0  2  2  2  2  2  2  2  2  2  2  0  2  2  2  2  2  2  0  2  2  0  2  0  2  0  0  2  2  2  2  0  2  0  2  2  2  2  2  2  0  2  2  2  2  2  2  2  2  0  2  2  2  2  2  2  2  2  2  2  
2  2  2  2  2  2  2  2  0  2  2  2  2  2  0  2  2  2  0  2  2  0  2  2  2  0  0  2  2  2  2  0  2  2  2  2  2  2  2  0  2  2  0  2  2  2  2  2  2  2  2  2  0  2  2  2  2  2  2  0  2  2  2  2  2  2  2  2  2  2  0  0  0  2  2  2  2  2  0  2  2  0  2  2  2  0  2  2  2  2  2  2  2  0  2  0  2  2  2  2  
2  0  2  2  2  0  2  2  0  2  0  2  2  2  2  2  2  2  2  2  2  2  2  2  0  0  2  2  0  2  2  2  2  0  2  0  2  2  2  2  2  2  2  2  2  2  0  2  2  0  2  2  2  2  2  2  2  2  2  2  2  2  0  2  2  2  0  2  0  2  2  2  2  2  0  0  2  2  2  2  2  2  2  2  0  2  2  2  0  2  0  2  0  2  2  2  2  2  2  2  
2  2  2  2  2  0  2  2  0  2  2  0  2  2  2  0  2  2  2  2  0  2  2  2  2  2  2  2  2  2  2  2  2  2  2  2  2  2  2  0  2  2  2  2  0  2  2  0  2  0  2  2  2  2  0  0  2  0  2  0  2  2  2  2  2  0  2  2  0  2  0  2  0  2  2  2  2  2  2  2  2  0  0  2  2  2  2  2  2  0  2  2  2  2  2  2  2  2  0  2  
2  0  0  2  2  2  0  2  2  2  2  2  2  2  2  2  2  2  2  2  0  2  2  2  2  0  2  0  2  2  2  2  2  0  2  2  0  2  2  2  2  2  2  2  2  0  0  2  2  2  2  0  2  2  2  0  2  2  2  2  2  2  2  0  2  2  2  2  2  2  2  2  2  2  2  2  2  2  2  0  0  2  2  0  2  2  2  2  2  2  2  2  2  2  2  2  0  2  2  2  
2  2  2  2  2  2  2  2  2  2  2  2  2  2  2  2  2  0  2  2  2  2  2  2  2  2  2  2  2  2  2  2  2  2  2  2  2  2  2  2  2  2  2  2  2  2  2  2  2  2  2  0  2  2  2  2  2  2  2  2  2  0  0  2  2  0  0  2  2  2  2  2  0  2  2  2  2  0  2  2  0  2  2  2  2  2  2  2  2  2  2  0  2  2  2  0  2  2  0  0  
2  2  0  2  0  2  2  2  2  2  2  2  2  2  2  2  2  2  2  2  0  2  2  2  2  2  2  2  2  2  2  0  2  0  2  2  2  0  2  2  2  2  2  2  2  2  2  0  2  2  2  2  2  2  2  0  2  2  2  0  2  0  2  2  2  2  0  2  2  2  2  0  2  2  2  0  0  0  2  2  0  2  2  2  2  2  0  0  2  2  2  2  2  2  2  2  2  2  2  2  
2  2  0  2  0  2  2  2  2  2  2  2  2  2  2  0  2  2  2  2  2  2  0  0  0  2  2  2  2  2  0  2  2  2  2  2  2  2  2  0  0  2  2  2  2  2  2  0  2  0  2  2  2  2  2  0  2  2  2  0  2  2  0  2  2  0  2  0  0  2  2  2  2  2  2  2  2  2  2  2  0  0  2  2  0  2  2  2  2  2  2  2  2  2  2  2  2  2  2  2  
0  2  0  2  2  2  2  0  2  2  0  2  0  2  2  2  2  2  2  0  2  2  2  2  0  2  2  2  2  2  2  2  2  0  2  2  0  2  0  2  2  0  2  2  2  2  2  2  2  2  2  2  2  2  2  2  2  2  0  0  2  2  2  2  2  2  2  2  2  0  2  2  2  2  2  2  2  0  2  2  2  2  2  2  2  2  2  2  2  2  2  0  2  2  2  2  2  2  2  0  
2  2  0  2  2  2  2  0  2  2  0  2  2  0  2  2  2  2  2  2  2  2  2  2  2  2  2  0  2  0  2  0  2  0  2  2  2  2  0  2  2  2  2  2  2  2  2  2  2  2  2  2  2  2  2  2  2  2  2  0  2  2  2  2  2  0  2  2  2  2  2  2  2  2  0  2  2  0  2  2  2  2  0  2  0  2  2  2  2  0  0  0  2  2  2  2  0  2  0  0  
2  2  0  2  0  2  2  2  2  2  2  2  0  0  2  2  2  2  2  2  2  2  2  2  2  2  2  2  2  2  2  2  2  2  2  0  0  2  0  0  2  0  2  2  2  2  2  2  2  2  2  2  0  0  2  2  2  2  0  2  2  0  0  2  0  2  2  2  2  2  2  2  2  2  2  2  2  2  2  2  2  2  2  2  2  2  0  2  2  2  2  2  2  2  2  2  2  2  2  2  
0  0  2  2  2  2  2  0  2  2  2  2  2  2  2  2  0  0  2  0  2  2  2  0  2  0  2  2  2  0  0  2  2  2  0  2  2  2  0  2  2  2  2  2  2  2  2  2  2  2  2  2  2  2  2  0  2  2  2  2  2  0  0  2  2  2  2  0  0  2  2  2  2  2  2  0  0  0  2  0  2  2  2  2  0  2  2  2  2  0  2  2  2  2  2  2  2  2  2  0  
2  2  2  2  2  2  2  2  2  0  2  2  2  2  0  2  2  0  2  0  0  2  2  2  2  2  2  2  2  2  0  2  0  2  2  2  2  2  2  2  2  2  2  2  2  2  2  2  0  2  2  2  2  2  2  0  2  2  2  2  0  2  2  0  2  2  0  2  2  2  2  0  2  2  0  0  2  2  2  2  2  2  2  2  2  2  2  2  2  0  2  2  2  2  2  2  2  2  2  2  
2  0  2  2  2  0  0  2  2  2  2  2  2  2  2  0  2  0  2  2  0  2  0  2  2  0  2  2  2  0  2  2  2  2  0  2  2  0  2  2  2  0  2  2  2  2  2  2  2  2  0  2  0  2  2  0  2  2  2  2  2  2  2  0  2  2  2  2  2  2  2  2  2  2  2  2  2  0  2  2  2  0  2  2  0  2  2  2  2  2  2  2  2  2  0  2  2  2  2  2  
2  2  2  2  2  0  0  2  2  2  2  2  2  2  2  2  2  2  2  2  2  0  2  2  0  2  2  2  2  2  2  2  0  2  2  2  2  2  2  2  2  2  2  2  2  0  2  2  2  0  2  2  0  0  0  2  2  2  2  2  2  2  2  2  2  0  2  2  2  2  2  2  2  2  0  2  2  2  0  2  2  2  0  0  2  0  0  2  0  2  2  0  2  2  0  2  2  2  2  2  
2  2  0  2  2  2  2  2  2  2  2  0  0  0  2  0  2  2  0  2  0  2  2  2  2  2  2  2  2  0  2  0  2  2  2  2  2  2  2  0  0  2  2  2  0  216  0  2  2  2  0  0  2  2  2  2  2  2  2  2  2  2  2  0  0  2  2  2  2  2  2  2  2  0  2  2  2  2  2  2  2  2  0  0  2  2  2  2  2  2  2  2  2  2  2  2  2  0  2  2  
0  2  2  2  2  0  0  2  2  0  2  2  2  2  0  2  2  2  2  2  0  2  2  2  2  2  2  2  0  2  0  0  2  0  2  0  2  2  2  2  2  0  2  2  2  0  2  2  2  0  2  2  0  2  2  2  2  2  2  2  2  2  2  2  2  2  2  0  2  0  2  2  2  2  2  2  2  0  2  2  2  2  2  2  2  2  2  2  2  2  2  0  2  2  2  2  2  0  0  2  
0  0  2  0  2  2  2  2  2  0  2  2  2  2  2  2  2  2  2  2  0  2  2  2  0  2  2  0  2  2  2  2  2  2  2  2  2  2  2  2  2  2  0  2  0  0  2  0  2  2  2  2  2  2  0  2  2  2  0  2  2  2  0  2  2  2  2  0  2  0  2  2  2  2  2  0  2  2  2  2  2  2  2  0  2  2  2  0  2  0  2  2  2  2  2  2  2  2  2  0  
2  2  0  2  2  0  2  2  2  0  2  2  2  0  2  2  0  2  2  0  0  0  0  2  2  2  2  2  2  2  2  2  2  2  0  2  2  2  2  0  2  0  0  2  2  2  2  2  2  2  2  2  2  0  2  2  2  2  2  2  2  2  0  2  2  2  2  2  2  2  2  0  0  2  0  0  2  2  2  2  2  0  2  0  2  2  2  2  2  0  2  2  2  2  2  2  2  2  2  2  
2  2  0  2  2  2  2  0  2  2  2  2  0  2  2  2  2  2  2  2  0  2  2  2  2  0  2  2  2  2  2  2  0  2  2  0  0  2  2  0  2  2  0  0  0  2  2  2  2  2  2  2  2  2  2  2  2  2  0  2  2  2  2  2  2  0  2  2  2  0  2  2  2  2  2  2  0  2  2  2  2  2  0  2  2  2  2  2  2  0  0  2  2  2  0  2  2  2  2  2  
2  2  0  0  2  2  2  0  2  2  2  2  2  2  2  2  2  2  2  0  2  2  2  2  2  2  2  2  2  2  2  2  2  2  2  2  2  2  2  2  0  2  2  2  2  0  2  2  2  2  2  2  2  2  2  2  0  2  2  0  2  2  0  0  2  2  0  2  2  0  2  2  0  2  2  2  2  0  2  0  2  0  2  2  2  2  2  0  2  2  2  2  2  0  2  2  2  2  2  0  
2  0  2  0  2  2  2  0  0  0  2  2  2  0  2  2  0  2  2  2  2  0  2  2  2  2  2  2  2  2  2  2  0  2  2  2  2  2  2  2  2  2  2  2  0  2  2  2  2  2  0  2  2  0  2  2  2  2  0  2  0  2  2  2  2  2  2  2  2  0  2  2  2  2  2  2  2  2  2  2  2  2  2  0  2  2  2  2  2  2  0  2  0  2  2  2  2  0  2  2  
2  2  2  2  2  2  0  2  0  2  2  2  2  0  2  2  2  2  2  0  2  2  2  2  2  2  2  2  2  2  2  2  2  0  2  2  2  2  0  2  2  2  2  0  240  0  2  2  2  2  2  2  2  0  2  2  2  2  2  2  2  2  2  2  2  2  2  0  2  2  0  2  0  0  0  0  0  2  2  2  0  2  2  2  0  2  0  2  2  2  2  2  2  2  2  2  2  2  2  0  
2  2  0  2  2  2  2  2  2  2  2  2  0  2  0  2  2  0  2  2  0  0  2  2  2  2  2  0  2  0  0  2  2  2  0  0  0  2  2  2  2  2  2  2  0  2  0  2  2  2  0  0  2  0  2  2  2  2  2  2  2  2  2  2  2  2  2  0  2  2  2  2  0  2  2  2  2  2  2  0  2  2  0  2  2  2  2  2  2  2  2  2  2  2  2  2  2  2  2  2  
0  2  2  0  2  0  2  2  0  2  2  2  2  2  0  2  2  2  2  2  0  245  0  2  2  2  0  0  2  0  2  2  2  2  2  2  2  2  2  2  2  2  2  2  2  2  2  2  2  0  2  0  2  2  2  0  2  2  2  2  2  2  2  2  0  2  2  2  2  0  2  2  2  2  0  2  2  2  2  2  2  0  2  0  2  2  2  2  2  2  2  2  2  2  2  2  2  2  2  2  
2  2  2  2  2  0  2  2  2  2  0  2  2  2  2  2  2  2  2  2  2  0  2  0  2  2  2  2  2  2  2  0  2  2  2  2  0  2  2  2  2  2  2  0  2  2  2  2  0  2  2  0  2  2  2  2  2  2  2  2  2  2  2  2  2  2  0  2  2  2  2  2  2  0  0  2  2  2  0  2  0  2  2  2  0  2  2  2  2  0  2  0  2  2  2  2  2  2  0  2  
0  0  2  0  0  2  2  2  2  2  2  2  2  0  2  0  2  0  2  2  2  2  2  0  2  2  2  0  2  0  2  0  2  2  0  2  2  0  0  2  0  0  2  2  2  2  2  0  2  2  2  2  2  2  0  2  2  0  2  2  2  2  2  2  2  2  0  2  2  2  2  2  0  2  2  2  2  2  0  2  2  2  2  2  2  2  2  0  2  0  2  2  2  2  0  2  2  2  2  2  
2  0  2  2  2  0  2  2  2  2  2  2  2  2  2  0  2  0  2  2  0  0  2  2  2  2  2  2  2  2  2  0  0  2  2  0  2  0  2  0  2  2  2  0  2  2  2  2  0  2  2  0  2  2  2  0  2  2  2  2  0  2  2  2  2  2  2  2  2  2  0  0  0  2  2  0  2  2  0  2  0  0  2  2  2  2  2  0  2  0  2  2  2  0  2  0  2  2  0  2  
2  0  2  2  2  2  2  0  2  2  0  2  2  2  2  2  2  2  2  2  2  0  2  0  2  2  2  2  2  2  0  2  2  2  2  0  2  2  2  2  2  2  2  2  2  2  2  0  0  0  2  2  2  0  2  2  2  2  2  2  2  2  2  0  2  2  2  2  0  0  2  2  2  2  2  0  2  2  2  2  2  0  2  2  2  0  2  2  0  2  2  2  2  0  2  2  2  2  2  2  
2  2  2  2  2  2  0  2  2  0  2  2  0  2  2  2  2  2  2  0  2  0  2  2  2  2  2  0  0  2  2  2  2  2  2  0  2  2  2  2  0  2  2  2  2  0  2  2  2  2  2  0  2  2  2  2  2  2  0  2  2  2  2  2  2  2  2  2  2  0  2  2  2  2  2  2  2  2  2  2  0  2  2  2  2  2  2  0  2  2  2  2  0  2  2  2  2  0  2  2  
2  0  2  0  2  2  2  2  2  2  2  0  268  0  2  2  2  2  2  2  2  2  2  2  2  2  2  2  2  0  0  2  2  2  2  2  2  2  2  2  2  2  2  2  2  2  2  2  2  2  2  2  2  2  2  2  2  2  0  0  2  2  2  2  2  2  2  2  2  0  2  2  2  2  0  2  2  2  2  2  2  2  0  2  2  2  0  2  2  2  0  2  2  0  2  2  2  2  2  2  
2  2  2  0  0  2  0  2  2  0  2  0  0  2  2  2  2  0  2  2  0  2  2  2  2  2  0  0  2  2  2  0  2  2  2  2  2  0  2  2  2  2  2  2  2  2  2  2  2  2  2  2  2  2  2  2  2  2  2  2  2  2  2  0  2  2  2  2  2  2  2  2  2  2  2  2  2  2  2  2  0  2  2  2  2  0  2  2  2  2  2  2  2  2  2  2  0  2  2  2  
2  2  0  2  2  2  2  2  0  2  2  2  2  2  2  2  0  0  0  2  0  2  2  2  0  2  2  0  2  0  0  0  2  2  0  2  2  2  2  2  0  2  0  2  2  2  0  2  2  2  2  2  0  2  2  2  2  2  2  2  0  2  2  2  0  2  2  2  2  2  0  2  2  2  2  2  2  0  2  2  0  0  2  2  2  2  0  2  2  2  2  0  2  2  2  2  2  2  2  0  
2  2  2  2  2  2  0  2  2  2  2  2  2  2  2  2  0  274  0  2  0  2  0  2  0  2  2  2  0  2  2  2  2  0  2  0  2  2  0  2  2  2  2  2  0  0  0  2  2  0  2  2  0  0  0  2  2  2  2  2  2  2  2  2  0  2  2  2  2  2  2  2  2  2  2  0  2  2  2  2  2  2  2  2  2  2  2  2  2  2  2  2  2  0  2  0  2  2  2  2  
0  2  2  2  2  0  2  2  0  2  2  2  2  2  2  2  2  0  2  2  0  2  2  2  0  2  2  2  0  2  0  2  0  2  2  2  2  2  2  2  0  2  0  2  2  2  0  2  2  0  2  2  2  2  2  2  2  2  2  2  2  2  2  2  2  2  2  2  2  0  2  0  2  2  2  2  2  2  2  2  2  2  2  2  0  2  2  2  2  0  2  2  2  2  2  2  0  2  2  0  
0  2  2  0  2  2  2  0  0  2  0  0  2  2  2  0  2  0  2  2  2  2  2  2  2  2  2  2  2  2  2  2  0  2  2  0  2  0  2  2  2  2  2  2  0  0  2  0  2  2  2  2  0  2  2  2  2  2  2  2  0  2  2  2  2  2  2  2  2  2  2  2  2  2  2  2  2  2  2  2  2  2  2  2  0  2  0  2  2  0  2  2  0  2  2  2  0  2  2  2  
2  2  2  2  2  2  2  2  2  2  2  2  2  2  2  2  2  0  2  2  0  2  2  2  2  2  2  2  2  2  2  2  2  0  2  2  0  2  0  0  2  2  2  2  2  2  2  0  2  2  2  2  2  0  0  2  2  2  2  2  2  2  2  2  2  0  2  2  2  0  2  2  2  2  2  2  0  2  2  2  2  2  2  2  2  2  2  2  2  2  2  2  2  0  2  2  2  2  2  2  
2  2  0  2  2  2  2  2  2  0  2  2  2  2  2  2  2  0  2  2  2  2  2  2  2  0  2  0  2  2  0  2  2  2  2  2  0  2  2  2  2  2  0  2  2  2  2  2  2  0  0  2  2  2  0  0  2  2  0  2  2  0  2  2  2  2  2  0  2  2  2  2  2  2  0  2  2  2  2  2  2  0  0  2  2  2  0  2  2  2  2  2  2  0  2  2  2  2  2  0  
2  2  2  2  2  2  0  2  2  0  2  2  0  0  2  2  2  2  2  2  2  2  2  2  2  2  2  2  2  2  2  2  2  2  2  2  2  2  2  2  2  2  2  2  2  0  2  2  0  2  2  0  2  2  2  2  2  2  2  2  0  2  2  0  2  2  2  2  2  2  0  2  2  2  2  2  2  0  2  2  0  2  2  2  2  2  2  2  2  0  0  2  2  2  2  2  2  2  0  2  
2  2  2  0  2  2  2  2  2  2  2  2  2  2  2  0  0  2  2  2  2  0  2  2  2  2  2  2  2  2  0  2  2  0  2  0  2  0  0  2  2  0  2  2  2  2  2  0  2  2  0  2  2  2  2  2  2  2  0  2  2  0  2  2  2  2  2  0  2  2  2  2  2  2  2  2  2  2  2  2  2  2  2  0  2  2  0  2  0  2  2  2  2  0  2  0  2  2  2  2  
0  2  0  0  2  2  2  2  2  2  2  2  2  2  2  0  2  2  2  2  2  0  2  2  0  2  2  2  2  2  2  2  2  2  2  0  2  2  0  2  0  0  2  2  0  2  0  2  2  2  2  2  2  2  2  2  2  2  2  2  2  2  2  2  2  2  2  2  2  2  2  2  2  2  2  2  2  2  0  2  2  2  0  2  2  2  2  2  2  0  2  2  2  0  2  0  2  2  2  2  
2  2  2  2  2  2  0  2  2  2  2  0  0  0  0  2  2  0  2  2  0  0  2  2  2  2  2  2  2  2  2  2  2  2  2  2  2  2  0  2  2  2  2  2  0  2  0  2  2  0  2  2  2  2  2  0  2  2  2  2  2  2  2  2  2  0  2  2  2  2  2  2  2  0  2  2  2  2  2  0  0  2  2  2  2  2  2  0  2  0  2  2  2  2  2  0  2  2  2  2  
2  2  2  2  2  2  2  2  2  2  2  2  2  2  2  0  0  2  2  2  2  2  2  2  2  0  0  2  2  2  2  2  2  2  2  2  2  2  2  0  2  0  2  2  2  2  0  0  2  2  2  2  0  2  2  2  2  2  2  2  2  2  0  2  2  2  2  2  2  0  2  2  2  2  2  2  2  2  2  2  2  0  2  2  2  2  2  0  2  2  2  0  2  2  2  2  2  2  2  0  
2  2  2  2  2  2  2  2  2  2  2  2  2  0  2  2  0  2  0  0  2  2  2  2  2  2  0  2  2  2  2  2  2  2  2  2  0  0  2  2  2  2  2  2  2  2  2  2  2  2  0  2  2  2  2  0  2  2  0  2  2  2  2  2  0  0  2  2  2  0  2  2  2  2  0  2  0  2  2  0  2  2  2  0  2  2  2  0  2  2  2  2  2  2  2  0  0  2  2  2  
2  2  0  0  2  2  2  2  2  2  2  2  2  0  2  0  2  2  2  0  0  2  2  2  2  2  2  2  2  2  2  2  0  0  2  0  2  2  2  2  2  0  2  2  2  2  0  2  2  2  2  2  0  0  2  2  2  2  0  2  2  2  0  2  0  2  0  0  2  2  0  2  2  2  2  0  2  2  0  0  2  2  2  2  2  2  2  0  2  2  2  2  2  2  2  2  2  2  2  2  
2  2  2  2  0  2  2  2  2  2  2  2  2  2  2  2  2  2  2  0  2  2  0  2  0  0  2  2  0  0  2  2  2  2  2  2  2  2  2  0  2  2  2  2  2  0  2  2  0  2  2  2  2  2  2  2  2  2  0  2  0  2  2  2  2  2  2  0  2  2  2  0  2  2  0  2  2  2  2  0  2  2  2  2  0  0  2  2  2  2  2  2  2  2  2  2  2  0  2  2  
2  2  2  2  2  2  2  2  2  2  2  2  2  2  2  2  2  2  2  0  2  0  2  2  2  2  2  2  2  2  2  0  2  2  2  2  2  2  0  2  0  2  2  2  2  2  2  0  2  2  0  2  2  2  2  2  2  0  0  0  2  2  0  2  2  0  2  2  0  2  2  2  2  2  2  2  2  2  2  2  2  2  0  2  2  2  2  2  2  2  2  2  2  2  0  2  2  2  2  0  
2  2  2  2  2  2  2  0  0  2  2  0  2  2  2  2  2  2  0  2  2  2  0  2  2  2  0  2  2  2  2  2  0  2  2  2  2  2  2  2  2  2  2  2  0  2  2  2  2  0  2  2  2  2  2  2  2  2  2  0  2  2  0  2  2  2  2  2  0  2  2  2  0  2  2  2  0  2  2  0  2  2  2  0  0  2  2  2  2  2  0  2  0  2  0  0  0  0  2  2  
