0  2  0  3  0  0  0  4  0  5  0  0  0  0  0  0  6  0  0  7  7  7  7  0  0  0  8  8  0  0  9  9  0  0  10  0  11  11  11  0  12  12  0  13  13  13  13  13  13  13  13  0  14  0  0  0  0  0  15  15  0  16  0  0  0  0  0  0  0  17  0  18  0  0  0  0  19  0  20  20  0  0  21  21  21  0  22  22  0  0  23  0  0  24  0  0  25  25  0  25  
0  2  0  0  0  4  4  4  0  5  0  0  0  28  0  0  0  0  0  0  0  7  0  29  0  0  0  0  0  9  9  0  31  0  0  11  11  11  11  0  12  0  0  0  13  0  0  13  13  13  0  14  14  14  14  14  0  15  15  0  16  16  0  0  16  0  37  37  0  17  0  0  38  0  0  0  19  0  0  0  0  0  0  21  0  22  22  0  0  0  23  0  0  0  40  0  25  25  25  25  
0  0  41  41  41  0  4  4  4  0  0  0  0  0  42  42  42  42  0  0  0  0  0  0  43  0  0  0  9  9  9  9  0  0  0  0  11  0  11  0  0  45  45  0  13  0  0  0  0  0  46  0  0  0  0  0  0  0  0  47  0  16  0  0  16  0  0  0  0  17  0  0  0  48  0  0  19  0  0  0  49  0  21  21  0  0  22  22  22  0  0  0  40  40  40  0  25  25  25  0  
0  0  41  0  0  0  0  4  0  52  52  52  0  53  0  0  0  0  54  0  0  0  0  0  43  0  0  0  9  0  0  9  9  9  9  9  0  0  0  0  0  0  0  13  13  13  13  0  0  56  0  0  57  0  58  0  59  0  60  0  16  16  16  0  16  0  0  0  17  17  0  0  0  48  0  0  0  49  49  49  49  49  0  21  21  0  0  22  0  0  64  0  40  40  0  0  25  0  0  0  
65  0  0  0  0  0  0  0  0  52  52  0  0  0  0  0  0  66  0  0  0  0  0  0  0  67  67  0  0  0  0  9  0  0  9  9  0  0  9  9  0  13  13  13  13  13  0  0  0  0  70  0  57  57  0  0  0  0  0  16  16  0  16  16  16  0  72  0  17  17  0  48  48  48  0  74  0  0  0  49  49  0  0  21  0  0  0  22  0  75  0  0  0  0  76  76  0  77  77  0  
65  65  0  65  0  0  0  0  0  0  52  52  0  0  79  79  79  0  0  80  80  0  81  0  67  67  0  0  0  0  0  0  83  0  0  9  9  9  9  0  0  0  0  0  13  13  0  0  84  0  70  70  0  0  0  0  0  0  0  0  0  85  0  0  0  86  0  17  17  0  0  48  48  48  0  74  0  88  0  0  49  0  89  0  22  22  22  22  0  75  0  0  0  0  0  0  91  0  0  0  
0  65  65  65  0  0  92  0  0  52  52  0  0  0  79  79  79  79  79  0  0  94  0  95  0  0  0  0  0  0  0  0  0  0  96  0  0  9  0  97  97  0  98  0  0  0  99  0  84  0  0  70  70  0  100  0  101  101  101  101  0  85  0  102  0  0  103  0  17  17  0  0  0  48  0  0  88  88  88  88  0  0  0  0  0  0  0  0  0  75  75  0  0  105  0  0  0  0  0  106  
0  65  0  0  107  0  0  0  52  52  0  109  109  0  0  0  0  79  79  79  79  0  0  0  0  0  0  0  110  110  0  0  111  0  0  0  0  9  9  0  0  0  0  0  0  0  0  0  84  0  0  0  0  112  0  0  0  101  101  0  85  85  85  0  0  103  103  103  0  0  115  0  0  0  116  0  0  0  88  0  117  0  0  118  118  0  0  119  0  0  75  75  0  105  0  0  0  0  120  0  
0  0  0  0  107  0  0  0  0  0  121  0  109  109  0  122  0  0  79  79  0  0  0  123  123  123  0  124  0  0  125  0  0  126  0  0  0  9  9  0  0  0  127  127  0  128  0  0  0  0  129  129  0  112  112  112  0  0  0  0  85  85  0  130  0  103  0  103  0  131  0  0  116  116  116  116  116  0  88  0  117  0  133  0  0  0  0  119  0  134  0  75  0  105  0  0  0  0  120  0  
0  0  0  0  107  107  0  135  0  121  121  0  0  0  0  122  0  137  0  0  138  138  0  0  0  0  0  124  0  139  0  126  126  126  0  141  0  0  0  0  142  0  127  0  0  128  0  0  129  129  129  0  112  112  112  0  145  145  145  0  0  0  146  0  103  103  103  0  0  0  0  116  116  0  116  0  0  0  0  149  0  0  0  150  0  0  119  119  0  134  0  0  120  0  0  0  120  120  120  0  
0  0  0  0  0  0  0  0  0  0  121  121  121  0  0  122  0  0  154  154  0  0  155  155  0  124  124  124  0  0  0  0  0  126  126  0  0  157  0  0  0  0  0  158  0  128  128  0  129  129  0  0  0  112  0  159  0  0  145  0  160  0  0  0  0  103  0  161  0  116  0  0  116  116  0  116  0  116  0  0  0  165  0  0  0  119  0  119  0  0  0  120  120  0  120  120  120  120  0  169  
0  170  170  170  170  170  0  171  171  171  0  121  121  0  0  122  122  122  0  154  154  0  155  155  0  0  0  0  172  172  172  0  0  126  126  0  173  0  0  0  0  0  174  0  128  128  0  0  129  0  0  0  112  112  0  0  0  177  0  178  0  0  179  179  0  0  0  0  0  116  116  116  116  116  116  116  116  116  0  0  0  165  165  0  0  119  119  119  0  0  180  0  120  120  120  0  120  0  0  0  
0  0  170  170  170  170  0  0  0  0  0  0  0  0  181  0  122  0  154  154  0  0  0  0  183  183  0  0  0  172  172  172  0  126  0  0  173  173  173  0  184  184  0  0  0  0  0  185  0  0  0  0  112  112  112  0  186  0  178  178  0  179  179  0  0  0  0  189  189  0  116  0  116  0  0  0  0  116  116  0  190  0  0  0  0  0  0  0  191  0  0  0  0  120  120  120  120  0  192  0  
0  0  170  0  170  0  193  0  0  0  194  0  0  0  0  0  0  154  0  154  0  0  0  0  0  0  0  196  0  0  0  0  0  126  0  0  0  173  0  0  0  184  184  0  0  0  197  0  0  0  0  0  0  0  0  186  186  0  178  0  0  0  0  0  0  0  0  189  0  116  116  0  116  0  200  0  0  116  116  0  190  0  0  0  201  201  0  0  0  202  0  0  0  120  0  120  0  0  192  0  
0  0  0  0  170  0  0  0  0  0  194  194  194  194  0  203  0  154  154  154  0  0  0  0  204  0  205  0  0  0  206  0  0  0  0  0  0  173  0  0  207  0  0  0  0  0  0  0  208  208  0  209  0  0  0  0  0  0  0  210  210  0  0  0  211  211  0  189  0  116  0  0  116  116  0  212  212  0  0  0  0  0  201  201  201  0  0  214  214  0  215  0  0  120  120  0  0  216  0  217  
218  0  219  219  0  220  220  220  0  0  194  0  0  0  0  0  0  0  0  0  221  0  0  222  0  0  205  205  205  0  0  0  223  0  0  173  173  173  173  0  0  225  225  225  225  0  0  226  0  0  227  0  228  0  229  0  0  0  0  0  210  210  0  0  0  211  0  0  0  0  230  0  0  0  0  0  212  0  231  231  231  231  0  0  0  232  0  0  0  0  0  120  120  120  0  0  234  0  0  0  
218  0  219  219  0  220  0  0  194  194  194  194  0  0  236  0  237  0  0  0  221  0  0  0  0  0  0  0  0  0  238  0  223  223  223  0  173  173  173  0  0  225  0  0  0  0  0  0  239  0  227  0  228  228  0  0  240  240  0  241  0  210  0  0  0  0  242  242  242  242  0  243  0  244  0  245  0  0  231  231  231  231  231  0  246  0  247  0  120  120  0  0  120  0  0  249  0  0  0  0  
0  0  0  0  250  0  0  251  0  194  194  194  0  236  236  0  237  237  0  253  0  0  0  0  0  0  0  0  254  0  0  255  0  0  0  0  0  0  0  0  256  0  257  257  0  258  0  259  0  0  0  0  228  0  0  0  240  0  0  241  241  0  0  260  0  261  0  0  242  0  0  243  0  244  0  0  262  0  231  0  231  0  231  0  0  0  0  0  0  120  120  120  120  0  249  249  249  0  0  0  
0  0  264  0  250  250  0  251  251  0  0  0  0  0  0  265  0  237  0  0  266  0  0  0  0  0  267  267  0  268  268  0  0  0  0  269  269  269  269  269  0  0  257  0  0  0  270  0  271  271  0  0  228  0  0  0  0  241  241  241  241  0  0  260  0  0  0  0  0  273  0  243  0  0  0  274  0  0  0  231  231  231  0  0  231  231  231  231  0  0  0  0  0  0  0  0  249  249  0  0  
0  0  264  0  250  0  277  0  0  278  0  279  279  279  0  0  280  0  281  0  0  0  0  0  282  0  267  0  268  268  0  0  0  269  269  269  0  269  0  0  0  0  257  0  285  285  0  0  0  271  0  286  0  287  0  288  0  0  0  0  241  241  0  260  260  0  0  289  0  0  0  0  0  0  0  274  0  231  0  231  0  231  231  231  231  231  0  231  0  0  291  0  0  0  0  292  0  0  0  0  
0  264  264  264  0  0  0  264  0  0  295  0  0  0  0  0  280  0  281  0  0  296  0  297  0  298  0  0  268  0  0  0  299  0  0  0  300  0  301  0  257  257  257  0  285  0  285  0  0  0  286  286  0  0  0  0  0  305  0  0  241  0  306  0  0  0  289  289  0  308  0  0  0  309  0  0  231  231  231  231  231  231  231  0  0  231  0  0  311  311  0  0  0  0  292  292  292  292  0  0  
264  264  0  264  0  0  0  264  0  264  0  0  315  0  316  316  0  317  0  0  318  0  0  0  0  0  0  319  0  0  0  0  299  0  0  0  0  0  0  320  0  0  0  0  285  285  285  0  285  0  0  286  286  0  322  0  0  0  0  0  0  0  306  0  0  289  289  289  0  308  308  308  0  0  324  0  0  231  0  231  0  231  231  231  0  231  0  311  311  0  0  0  0  0  292  0  0  0  326  0  
0  0  0  264  0  264  264  264  264  264  264  0  315  315  0  0  328  0  329  0  0  0  330  330  0  331  0  319  0  332  0  0  299  299  0  333  0  0  320  320  0  320  0  0  0  285  285  285  285  285  0  0  0  0  0  336  0  0  0  337  0  338  0  0  289  289  0  289  0  308  308  0  340  340  0  0  231  231  0  0  231  231  231  0  231  231  231  0  0  344  344  344  0  0  0  345  0  0  326  326  
0  0  0  264  264  264  0  264  264  264  0  315  315  315  0  0  328  0  329  0  0  0  0  0  0  331  0  0  332  332  0  0  299  0  0  0  348  0  0  320  320  320  0  0  0  0  0  0  0  0  349  0  0  350  350  0  351  351  0  0  0  0  352  0  289  289  0  0  0  0  0  0  0  0  231  231  231  0  354  0  0  0  231  0  0  0  0  0  355  0  0  0  356  0  0  345  0  0  326  0  
0  0  0  264  0  0  0  0  0  264  0  0  315  315  315  0  0  357  0  358  0  359  0  331  331  331  331  331  0  0  361  361  0  362  362  0  0  0  0  0  0  320  0  0  0  0  363  0  0  0  0  0  0  0  350  0  351  351  0  0  0  364  0  0  0  0  0  0  0  365  0  366  0  367  0  0  0  0  354  0  0  368  0  369  369  0  0  355  355  355  0  371  0  372  0  0  0  0  326  326  
373  373  0  0  0  0  0  374  374  0  0  315  0  315  0  0  0  0  0  0  359  359  0  0  0  0  0  331  0  377  0  361  361  0  0  0  0  378  0  0  0  320  0  379  379  0  0  380  380  380  380  380  0  0  350  350  0  0  0  0  0  364  0  381  0  382  382  0  382  0  0  0  384  0  385  0  0  0  0  386  0  0  387  0  0  0  0  0  355  355  0  0  372  372  372  0  389  0  0  326  
0  373  0  0  0  0  374  374  0  391  0  315  315  315  315  0  0  392  0  0  359  359  359  0  393  0  0  0  394  0  0  361  0  0  395  0  0  0  0  0  0  0  0  0  0  0  380  380  0  380  0  380  0  0  350  0  397  0  0  0  381  0  0  381  0  0  382  382  382  0  0  399  0  0  0  0  0  0  0  0  400  0  387  387  0  401  0  0  0  0  402  402  0  0  372  0  0  403  403  0  
0  0  0  0  0  0  0  374  374  0  315  315  0  315  0  0  0  392  392  0  0  0  0  0  0  0  405  0  0  406  0  361  0  0  0  407  0  0  0  0  0  0  0  0  0  0  380  0  408  0  0  380  380  0  0  0  0  0  0  381  381  381  0  381  0  0  382  0  0  0  0  0  0  0  410  0  0  411  0  0  0  412  0  0  413  0  414  414  0  0  402  402  0  415  0  415  0  0  0  0  
0  0  0  417  0  0  374  374  0  0  0  0  0  0  419  0  0  0  0  0  0  0  420  0  0  421  0  0  0  0  422  0  423  423  423  0  0  0  0  0  424  0  0  0  425  425  0  0  0  0  0  0  380  0  0  0  0  0  381  381  0  381  381  381  0  427  0  0  428  428  0  0  0  0  410  410  0  0  429  0  0  412  412  0  413  0  0  414  0  402  402  0  0  415  415  415  415  415  415  0  
431  431  0  0  0  374  0  374  0  433  0  0  0  434  0  0  0  435  435  0  436  0  420  420  0  0  0  0  0  422  422  0  423  423  0  438  438  0  439  0  0  0  425  425  425  0  0  0  441  0  0  442  0  443  443  0  0  444  0  0  0  0  381  381  0  0  428  428  428  428  0  0  446  0  410  0  447  447  0  0  0  412  0  448  0  0  449  0  450  0  0  0  415  415  0  415  415  415  0  452  
0  0  453  453  0  374  0  374  0  433  433  0  454  0  0  0  0  0  0  455  0  0  420  420  0  0  456  0  422  422  0  0  0  423  0  438  438  0  439  439  439  0  425  0  0  0  458  458  0  0  0  442  0  443  0  0  0  444  444  0  0  459  0  0  460  460  0  0  428  428  0  428  0  0  0  0  0  0  0  0  462  0  463  0  0  0  449  449  0  464  0  0  415  415  415  0  0  0  465  0  
466  0  453  0  374  374  374  374  0  433  0  454  454  0  0  469  469  469  0  455  0  0  420  0  0  0  0  422  422  422  0  471  0  0  0  0  0  472  0  439  439  0  0  473  473  473  0  0  0  474  0  0  0  0  0  444  444  444  0  0  459  459  0  0  0  0  477  477  0  428  428  428  0  0  0  478  0  479  479  0  462  0  0  0  0  0  449  0  464  464  464  0  0  0  0  0  481  0  465  0  
466  0  0  0  374  0  374  0  0  433  433  0  0  0  482  0  0  0  483  0  0  420  420  0  0  485  0  0  422  0  0  0  486  0  0  0  0  0  0  439  0  473  473  473  0  0  0  488  0  0  489  489  0  0  0  444  444  0  490  0  459  0  491  491  0  0  0  0  0  428  0  428  0  0  0  478  0  0  0  0  0  0  0  0  0  0  0  0  0  0  464  0  0  492  0  0  481  0  465  0  
466  0  0  0  374  374  0  0  493  0  0  0  0  0  0  0  0  494  0  0  0  420  0  485  485  485  0  0  422  422  422  0  0  0  0  496  0  0  0  0  0  0  0  473  473  473  473  0  0  489  489  489  0  444  444  444  444  444  0  0  0  491  491  491  491  491  0  0  500  0  501  0  0  0  0  478  478  478  478  478  478  0  0  0  0  0  0  502  502  0  464  464  0  0  0  481  481  481  0  504  
466  0  0  0  374  0  0  0  0  0  505  0  0  0  0  0  0  494  494  0  0  0  0  0  0  0  506  506  0  0  422  0  0  0  507  0  508  508  508  0  0  509  0  0  0  0  473  0  489  489  0  0  0  0  0  0  0  444  0  491  491  491  491  0  0  0  0  512  0  0  0  0  0  0  478  478  0  0  0  0  478  0  0  0  0  0  514  0  0  0  464  464  0  0  0  0  0  481  481  0  
0  515  0  374  374  0  0  0  517  517  0  518  518  0  0  494  494  494  0  0  520  520  0  0  506  0  506  0  0  422  422  422  422  0  507  507  0  0  0  523  0  0  0  0  0  0  0  489  489  489  489  0  525  0  0  0  0  0  0  0  491  0  491  0  0  526  0  0  0  527  0  528  0  0  0  0  529  529  0  0  0  530  530  0  531  0  514  514  514  0  0  464  0  0  0  0  532  0  481  0  
0  0  0  374  0  533  0  517  517  517  0  0  518  0  0  0  494  494  0  535  0  0  0  0  506  506  506  506  0  0  0  422  0  0  0  507  0  0  0  523  523  523  523  0  0  0  536  0  489  489  489  489  0  0  0  537  537  537  0  538  0  0  491  0  0  0  0  0  0  0  0  0  0  529  529  529  529  0  0  0  0  530  0  0  0  0  514  514  0  0  0  464  0  0  0  0  0  540  0  541  
542  542  542  0  0  0  517  517  517  517  517  0  518  0  0  544  0  0  0  0  506  506  506  506  506  0  0  506  0  0  422  422  0  507  507  507  507  507  0  0  523  0  0  548  0  0  536  0  489  0  0  0  549  0  537  537  0  0  0  538  0  551  0  0  552  0  553  0  0  0  554  0  0  0  0  0  0  555  0  556  556  0  0  0  0  0  514  0  557  557  0  464  0  0  0  558  0  540  0  541  
542  542  542  0  559  0  517  0  517  0  0  0  518  0  0  0  560  560  0  0  506  0  0  0  506  506  0  0  0  422  422  0  0  0  507  0  0  0  0  562  0  0  563  0  0  0  0  0  489  0  0  0  0  0  537  0  564  564  564  0  0  551  0  0  552  552  0  0  0  565  0  0  0  0  0  0  555  555  0  0  0  567  0  568  568  568  0  0  557  0  0  0  0  569  569  0  570  0  571  0  
542  0  0  572  0  0  0  0  517  0  0  0  0  0  0  0  560  0  560  0  0  0  506  506  506  506  506  0  0  422  422  0  0  575  0  576  0  0  0  562  0  0  0  0  0  577  0  0  0  0  578  578  0  579  0  0  0  0  564  564  564  0  0  580  0  0  0  565  0  565  0  0  0  582  582  582  0  555  555  0  0  0  568  568  568  568  0  0  0  0  0  584  0  0  0  0  570  0  571  0  
0  585  0  572  0  572  0  517  517  0  588  0  0  0  560  560  560  560  560  560  0  0  0  0  0  0  0  0  422  422  0  0  0  0  0  576  0  0  0  562  0  591  591  0  0  577  0  592  0  578  578  0  579  579  579  579  579  0  0  0  0  595  0  580  580  0  0  565  565  565  0  0  0  582  0  0  0  0  0  596  0  0  0  568  0  568  568  568  0  597  0  0  0  0  0  0  570  0  571  571  
0  0  572  572  572  572  572  0  0  599  0  0  0  0  560  0  560  560  0  560  560  0  0  0  600  600  0  0  422  422  0  0  0  0  0  576  0  0  0  0  0  0  0  0  601  0  602  0  0  0  0  0  0  579  579  0  579  579  579  579  579  0  580  580  580  0  0  0  0  565  0  0  0  0  0  0  604  604  0  0  605  605  0  0  605  0  0  0  0  597  0  0  0  607  0  0  0  0  571  0  
0  0  0  572  572  572  0  0  608  0  0  609  0  0  0  0  0  560  560  560  0  0  610  0  600  0  0  0  422  422  0  0  0  0  611  0  0  612  0  0  0  601  601  601  601  601  0  0  614  614  0  615  0  0  0  0  579  0  0  579  579  0  580  580  580  0  0  616  0  0  617  0  0  618  0  604  604  604  0  0  605  605  605  605  605  605  605  605  605  0  620  0  621  0  0  0  0  0  571  0  
0  0  0  572  0  572  0  0  0  609  609  609  0  0  0  0  0  0  560  560  0  0  0  0  0  0  623  623  0  0  624  624  0  0  0  625  625  0  0  0  601  601  0  0  601  0  627  627  0  614  0  0  628  0  579  579  0  579  579  579  579  0  0  0  0  0  631  0  632  0  0  633  0  0  0  0  0  0  634  0  0  605  605  605  0  0  0  0  0  0  0  635  0  0  636  0  0  637  0  0  
0  0  0  0  572  572  0  0  639  0  0  0  640  640  640  0  641  0  0  0  642  642  0  0  643  0  623  0  0  0  0  0  644  0  0  0  0  0  645  0  601  0  646  0  0  627  627  627  0  614  0  0  0  0  579  579  0  579  0  579  0  0  648  648  648  0  631  0  632  632  0  633  0  0  0  649  649  649  0  0  0  0  605  605  0  650  650  0  0  0  0  0  0  0  0  651  0  0  0  652  
0  0  0  0  572  572  0  0  639  0  0  0  0  0  0  0  641  0  653  653  0  642  642  642  0  654  0  655  0  656  656  0  644  0  657  657  657  657  0  0  601  601  0  627  627  627  0  0  0  614  0  0  0  0  0  579  579  579  579  0  0  0  648  0  648  0  0  0  0  0  0  633  0  659  0  649  649  649  0  0  0  0  605  0  0  0  0  660  0  0  661  0  0  651  651  651  0  652  652  652  
0  664  0  664  0  0  0  639  639  0  0  0  667  0  641  641  641  641  0  653  653  0  0  0  654  654  0  0  0  0  0  0  644  0  657  657  0  657  0  0  601  0  657  0  0  0  614  614  614  614  614  614  0  579  579  579  579  579  0  579  579  0  648  648  648  0  0  674  0  675  0  633  0  0  0  0  649  649  649  0  0  0  605  0  676  0  677  0  0  0  661  0  0  0  651  0  0  652  652  0  
664  664  664  664  0  0  0  0  0  679  0  680  0  681  0  0  641  0  0  0  0  682  0  0  654  0  683  683  683  0  0  0  644  0  657  0  0  657  657  657  0  657  657  0  657  0  0  0  0  614  0  0  614  0  579  0  0  579  579  579  579  0  0  0  0  0  687  0  688  0  689  0  0  0  690  0  0  0  649  0  0  691  0  0  0  0  677  677  0  0  661  0  651  651  651  651  0  0  0  0  
0  0  664  0  693  0  0  694  0  679  679  0  0  0  0  0  0  0  695  0  0  682  0  696  0  0  0  683  0  0  0  0  0  0  0  0  0  0  657  657  657  657  0  657  657  0  0  0  0  614  0  0  614  0  0  0  0  0  0  579  0  0  0  0  0  0  687  0  0  689  689  689  0  0  0  0  699  0  0  700  0  0  701  701  0  0  0  0  0  0  0  702  0  651  0  651  651  651  0  703  
704  0  664  0  0  0  0  694  0  0  0  0  0  0  705  705  0  0  0  0  0  0  696  696  0  0  0  683  683  683  683  0  683  0  0  0  683  0  0  0  0  657  657  657  0  0  0  709  0  614  614  614  614  0  0  0  0  0  0  0  0  0  710  0  711  0  687  687  0  0  689  0  0  712  0  0  0  0  0  0  0  0  0  0  0  0  0  0  0  702  702  702  0  0  0  0  651  651  0  0  
0  0  664  0  0  0  714  0  715  0  0  0  0  0  0  0  0  0  716  0  0  0  0  0  0  0  0  0  0  683  683  0  683  0  683  0  683  683  0  0  0  657  0  0  0  718  0  709  0  614  0  614  614  614  0  0  0  0  0  719  0  0  0  0  0  0  687  0  689  689  689  0  0  0  0  0  0  0  721  0  722  722  0  723  0  0  0  724  0  0  702  702  0  0  0  725  0  0  0  0  
726  0  0  0  0  0  714  714  0  0  0  0  727  0  0  0  0  0  0  728  728  728  0  729  0  0  730  0  0  0  683  683  683  683  683  0  683  683  0  0  0  0  0  0  0  0  0  0  731  0  0  0  0  0  0  0  0  732  732  0  0  0  733  0  734  0  0  689  689  0  0  0  0  0  0  736  736  0  721  0  0  722  722  0  724  724  724  724  0  738  0  0  739  0  740  0  0  0  741  741  
0  0  0  0  0  714  714  714  714  0  0  0  727  0  0  0  743  0  0  0  0  0  0  0  744  744  0  0  745  0  683  683  0  0  683  683  683  0  0  0  0  0  0  746  0  747  0  0  731  0  0  0  0  0  0  0  0  0  0  0  0  748  0  749  0  0  689  689  689  689  689  0  0  751  751  0  0  0  721  0  752  0  0  0  0  0  0  724  724  0  753  0  0  0  740  740  0  0  741  0  
0  754  0  0  755  0  714  0  714  714  714  0  0  0  0  0  743  743  0  744  744  744  744  744  744  744  0  757  0  683  683  0  0  759  0  0  683  0  0  0  0  760  760  0  0  747  0  731  731  731  731  0  0  0  762  0  0  0  0  763  763  0  0  0  764  0  0  689  689  689  689  0  765  0  0  766  0  0  0  767  0  768  0  0  0  0  0  0  724  0  0  0  740  740  740  740  0  0  741  0  
0  0  755  0  755  0  0  0  0  0  0  771  0  0  772  772  0  0  0  744  0  744  744  0  0  744  0  757  0  683  0  683  0  0  774  774  0  0  0  775  0  0  760  760  760  0  731  0  731  731  0  731  731  731  0  0  0  0  0  0  0  778  778  0  0  779  779  0  689  0  0  0  0  0  0  0  0  0  0  0  780  0  0  781  0  782  0  783  0  0  0  0  740  0  0  0  784  784  0  0  
0  755  755  755  755  755  0  786  786  786  0  771  0  0  0  772  0  744  744  744  0  744  0  0  0  0  0  0  0  683  0  683  0  0  0  0  788  0  0  775  0  0  0  760  0  0  731  731  731  731  731  731  731  0  789  789  0  0  0  790  790  0  778  778  0  779  779  0  0  0  0  791  791  791  0  0  780  780  780  780  780  0  0  0  0  0  0  783  783  0  793  0  0  0  794  794  0  784  784  0  
0  0  0  0  755  0  0  0  786  786  786  0  0  0  0  772  0  0  0  744  0  744  0  0  0  0  0  795  0  683  683  683  0  0  796  796  0  797  0  0  0  798  0  760  0  0  0  0  731  0  0  0  0  0  0  0  0  799  799  0  0  0  0  0  0  779  779  779  0  0  0  791  0  791  0  0  780  780  0  0  0  0  0  800  0  801  0  783  0  0  0  0  0  0  0  0  0  0  784  0  
0  0  0  802  0  0  0  0  786  0  786  0  0  803  0  0  744  0  0  744  744  0  0  805  0  0  0  0  0  0  683  683  0  0  0  0  0  0  0  806  0  0  807  0  808  0  0  0  731  731  731  731  731  0  809  0  0  0  0  0  810  810  0  811  0  779  779  0  0  0  791  791  0  791  791  0  0  780  0  813  0  0  0  800  0  0  814  0  0  0  0  815  0  816  816  0  817  0  0  818  
819  0  0  0  0  0  0  0  0  820  0  821  821  0  0  0  744  0  744  744  744  0  0  805  0  0  0  0  823  0  0  0  0  0  0  0  0  0  0  0  0  0  0  0  0  824  824  824  0  731  0  0  731  0  0  0  0  825  0  0  0  810  0  811  0  779  779  779  779  0  0  0  0  0  791  0  0  0  0  813  0  0  0  0  0  826  0  0  0  827  0  815  0  816  0  0  817  817  0  818  
0  0  828  0  0  0  0  0  829  0  0  0  0  830  0  744  744  744  744  0  0  0  832  0  833  833  0  823  823  0  0  823  0  0  0  836  0  837  837  0  838  0  0  839  0  0  824  0  731  731  0  841  0  0  825  0  825  825  825  0  0  0  0  0  0  779  0  779  0  0  779  0  845  0  0  0  846  846  0  813  0  0  0  0  0  826  826  0  0  0  0  0  816  816  816  0  817  0  0  0  
848  0  0  849  849  0  850  850  0  0  0  851  0  830  0  744  0  0  0  832  832  832  832  832  0  0  0  0  823  0  823  823  0  854  0  0  0  837  837  0  0  0  839  839  839  0  824  0  731  0  841  841  0  0  825  825  825  825  825  0  857  0  0  0  0  0  0  779  779  779  779  779  0  0  858  0  0  0  813  813  813  0  0  860  0  826  0  861  861  0  0  816  816  816  0  0  0  0  0  0  
848  848  0  849  0  0  0  850  850  0  863  0  0  830  0  744  744  0  0  0  832  0  832  0  0  0  0  823  823  823  823  823  823  0  0  0  0  0  837  837  0  865  0  0  839  0  0  866  0  0  0  0  0  0  825  0  825  825  825  0  0  0  867  0  868  0  779  779  0  0  0  0  870  0  0  871  0  813  813  0  813  0  0  0  873  0  0  0  0  0  0  0  0  816  816  0  0  0  0  874  
0  0  0  849  0  875  0  0  850  0  863  863  0  0  0  744  744  0  0  876  0  0  0  877  877  0  0  0  823  0  0  0  823  823  0  878  0  837  837  837  0  865  0  865  0  0  0  0  0  881  0  882  882  0  0  0  825  0  0  0  883  0  0  0  0  884  0  0  0  885  0  0  0  0  0  0  813  0  813  0  0  887  887  887  0  0  0  888  888  0  0  889  889  0  0  889  889  889  889  0  
0  0  849  849  0  0  0  0  0  863  863  0  893  893  0  744  0  0  0  0  0  0  0  0  877  0  0  894  0  895  0  823  823  823  823  0  0  0  837  837  0  865  865  865  0  0  0  897  0  0  0  882  0  0  882  882  0  0  899  0  883  0  0  0  0  0  900  0  901  0  902  0  0  903  903  0  813  813  813  0  904  0  0  0  0  0  0  0  888  0  0  0  889  889  889  889  0  889  889  0  
0  0  849  0  0  905  0  0  0  0  0  893  893  893  893  0  907  0  0  908  908  908  0  0  877  877  0  0  0  895  0  0  823  823  823  0  909  0  0  0  0  865  0  865  865  865  865  0  0  910  0  882  882  882  882  882  882  882  0  0  883  883  883  0  0  911  0  0  0  0  0  912  0  903  0  913  0  0  0  0  0  914  914  0  0  0  0  0  888  0  888  0  0  0  889  0  888  0  0  917  
0  0  0  918  0  905  905  0  919  0  920  0  0  893  0  0  0  921  921  0  908  908  908  0  0  0  0  922  0  0  0  0  823  0  823  823  0  0  923  0  0  865  0  0  0  865  0  924  924  0  0  882  882  882  0  0  882  0  925  0  0  0  0  926  0  0  0  0  912  0  0  912  0  0  928  0  0  0  0  0  0  914  0  0  0  0  888  888  888  0  888  888  888  0  889  0  888  0  0  917  
930  0  0  918  0  0  905  0  0  0  0  0  0  0  0  931  931  0  921  0  908  908  908  0  0  0  0  0  932  0  0  823  823  823  823  0  934  0  0  935  935  0  0  0  936  0  937  0  0  0  0  0  0  882  0  938  0  925  925  0  940  0  941  0  912  0  943  0  912  912  912  912  0  944  0  0  945  0  946  0  914  914  0  0  0  948  0  888  888  0  0  888  888  0  0  0  888  0  0  917  
0  0  0  0  949  949  0  950  0  0  951  0  0  0  0  0  931  0  0  952  0  908  0  0  0  0  953  953  0  0  954  0  823  0  0  0  934  934  0  0  935  0  0  935  0  0  0  0  956  0  0  0  0  0  938  938  0  0  0  0  0  941  941  0  912  0  0  0  912  0  0  0  0  944  0  0  0  0  0  959  0  914  0  960  960  0  0  0  888  0  0  0  888  888  888  888  888  0  0  0  
0  0  0  949  949  949  0  0  962  962  0  0  963  963  0  0  0  964  964  0  965  0  965  0  0  0  0  0  0  0  0  967  0  0  0  0  0  0  968  0  935  935  935  935  935  0  0  0  956  0  969  969  0  0  0  0  0  970  0  971  0  0  0  0  912  912  912  912  912  0  0  0  0  944  944  0  0  972  0  0  0  914  0  960  0  973  0  0  888  888  888  888  888  0  888  888  0  974  0  0  
0  0  975  0  0  0  0  976  0  0  0  977  0  963  963  0  0  0  0  0  965  965  965  965  0  0  978  0  0  0  0  0  0  0  0  0  0  968  968  0  935  0  0  935  0  980  980  980  0  0  0  0  981  981  981  981  0  970  0  0  982  982  0  0  0  912  912  0  0  0  0  0  944  944  944  0  984  0  985  985  0  914  914  0  914  0  987  0  0  888  888  0  888  888  0  0  0  974  0  988  
975  975  975  0  990  0  991  0  992  992  0  977  0  963  0  993  0  0  994  994  0  965  965  0  995  0  0  0  996  0  0  997  0  0  0  0  0  0  0  0  935  935  935  0  0  0  0  980  980  0  0  0  981  0  981  981  981  0  0  0  982  982  982  982  0  912  0  0  0  0  0  0  944  944  944  0  984  0  985  985  0  0  914  914  914  0  0  0  888  888  0  0  0  888  0  999  0  974  0  988  
0  975  0  0  0  0  0  992  992  0  0  0  0  0  993  993  0  0  0  0  0  0  0  995  995  0  0  0  0  0  0  0  0  0  0  1003  1003  0  1004  1004  0  935  0  0  0  1005  0  980  980  0  1006  1006  0  0  0  981  981  0  0  0  0  982  0  982  982  0  0  0  0  0  0  0  0  0  944  0  0  0  985  0  914  914  914  0  0  0  1008  0  0  0  1009  0  888  888  0  0  0  974  0  0  
0  975  0  1011  0  0  0  0  0  1012  1012  1012  0  993  993  993  993  0  993  0  1015  0  0  0  0  0  0  1016  1016  1016  0  0  0  0  1003  1003  1003  0  1004  1004  0  935  935  0  935  0  0  980  980  0  0  0  1019  0  1020  0  0  0  0  0  0  0  0  0  982  0  1021  0  1022  1022  0  0  1023  1023  0  985  985  0  985  0  0  914  0  0  0  0  0  0  1025  0  0  1026  0  0  0  0  1027  0  1028  0  
1029  0  0  0  0  0  0  1030  0  0  1012  0  0  0  993  0  993  993  993  0  0  0  0  1031  0  1032  0  0  1016  1016  0  0  0  0  0  1003  1003  1003  0  0  0  0  935  0  935  0  1033  0  0  0  1034  0  1019  0  0  0  0  1019  0  0  0  1036  1036  0  0  0  1021  0  0  0  0  0  0  0  1037  0  985  985  985  985  985  0  0  0  0  1038  0  1039  0  1040  1040  0  0  0  0  1041  0  0  0  0  
0  0  0  1042  0  1043  0  0  0  0  0  1044  0  0  0  1045  0  0  0  1046  0  1031  1031  1031  0  0  0  1031  0  0  0  0  1049  0  1050  0  1003  1003  1003  0  0  0  935  935  935  0  1033  1033  0  0  0  1019  1019  1019  1019  1019  1019  1019  0  1052  0  0  1036  1036  1036  0  1021  0  0  0  1053  0  1037  1037  1037  0  985  0  0  985  985  985  0  0  0  0  0  1039  1039  0  0  0  0  0  1041  1041  1041  1041  1041  0  
1056  0  1042  1042  1042  0  1058  1058  1058  0  0  0  0  0  0  0  1059  1059  0  0  1031  1031  1031  1031  1031  1031  1031  1031  0  0  0  0  0  0  1050  1050  0  0  0  1061  0  0  0  935  935  935  0  0  0  1062  0  0  0  0  0  0  0  1019  0  1052  0  1063  0  0  0  1064  0  1065  0  1066  0  1037  1037  0  1037  0  0  0  0  985  985  0  1068  1068  0  0  0  0  0  1041  1041  1041  0  0  0  0  0  0  1041  0  
0  0  0  1042  0  1070  0  1058  1058  1058  0  0  0  1071  1071  0  0  0  0  1072  0  1031  0  1031  0  0  0  0  0  1073  1073  0  0  0  0  1050  0  0  1050  0  1075  1075  0  935  935  0  0  0  1076  0  0  0  0  0  0  0  1019  1019  1019  0  1078  0  1079  0  1079  0  1081  0  1082  0  0  0  0  0  0  0  985  985  0  985  985  0  1068  0  1084  1084  0  0  1085  0  1041  0  0  0  0  1041  1041  1041  1041  0  
0  0  0  1042  0  0  1087  0  1058  0  0  0  1088  0  0  0  1089  0  0  1072  0  0  1090  0  1091  0  0  0  0  0  1073  0  1092  1092  0  1050  1050  1050  1050  0  0  1075  0  935  0  1093  1093  0  1076  0  1094  1094  1094  0  0  1095  0  1019  1019  0  0  0  1079  1079  1079  1079  0  0  0  1096  0  0  1097  1097  1097  0  985  985  985  985  0  0  0  0  1084  1084  0  0  1085  0  1041  1041  1041  1041  1041  0  1041  1041  1041  0  
1098  1098  1098  0  1099  0  0  1100  0  1101  0  0  0  0  0  0  1089  0  1072  1072  0  1090  1090  1090  0  1104  0  0  0  0  0  0  0  0  1105  0  0  0  1050  0  1075  1075  0  0  0  1093  0  1076  1076  0  1094  1094  1094  1094  0  1095  0  0  0  0  0  1108  0  1079  0  0  0  0  0  0  0  0  0  0  1097  0  0  985  985  985  0  1109  0  0  0  1084  0  1110  0  0  0  0  1041  1041  1041  1041  1041  1041  1041  0  
0  0  0  0  1099  0  1101  0  0  1101  0  0  0  0  1112  0  0  0  0  0  0  0  0  0  0  1104  0  0  1113  0  1114  1114  0  0  0  0  0  1050  1050  0  0  1075  1075  1075  1075  0  1076  1076  1076  0  1094  0  0  0  0  0  0  0  1117  0  0  0  0  1079  0  0  1118  1118  1118  0  1118  1118  0  0  0  0  0  985  0  985  0  0  0  0  1120  0  1121  0  0  0  0  0  1041  0  0  1041  1041  1041  0  1122  
0  0  0  0  0  0  1101  1101  1101  1101  1101  1101  1101  1101  0  1123  1123  0  0  0  1124  1124  0  0  0  1104  1104  0  0  1114  1114  0  0  0  0  1075  0  0  0  1075  0  1075  0  1075  0  1128  0  0  0  1129  0  0  0  0  1130  0  0  1131  0  1132  0  0  0  1079  1079  0  0  1118  1118  1118  1118  0  1133  1133  0  0  1134  0  0  0  0  1135  0  0  0  0  1121  0  0  0  0  1041  1041  0  0  1041  0  0  0  0  
0  1137  0  0  0  0  0  0  0  0  0  1101  0  0  1138  0  1123  0  1139  0  0  0  1140  1140  0  1104  0  0  0  0  0  0  0  0  0  1075  1075  1075  0  1075  0  1075  1075  0  1128  1128  0  1142  0  0  1143  0  0  0  0  0  1131  1131  0  0  0  0  0  0  0  1118  1118  1118  0  1118  0  1133  1133  0  0  0  0  1147  0  0  0  0  0  1121  1121  1121  1121  0  0  0  1149  0  0  0  1150  0  1151  1151  0  0  
0  1137  1137  0  0  1137  1137  1137  0  0  1101  1101  1101  0  0  0  1123  1123  0  0  0  1154  0  0  0  0  0  1155  1155  1155  0  0  1156  0  1156  0  1075  1075  1075  1075  1075  1075  0  1128  1128  0  0  1142  1142  0  1143  1143  1143  0  1131  1131  1131  1131  0  1160  0  0  0  1160  0  0  0  1118  0  0  0  0  1133  0  0  0  0  1147  0  0  0  0  0  1121  0  0  1121  0  1162  1162  0  0  0  0  0  0  0  1151  1151  1151  
0  0  1137  1137  1137  1137  0  1137  1137  1137  0  0  0  1163  0  0  0  1123  0  1164  0  0  0  0  0  0  1165  0  1155  1155  1155  0  1156  1156  1156  0  1075  1075  0  0  0  1075  0  0  0  0  1142  1142  0  0  0  0  0  0  1131  0  0  0  0  1160  1160  1160  1160  1160  0  0  0  1118  0  0  1167  0  0  0  0  1168  0  0  1169  0  0  0  0  0  0  0  0  0  0  1162  1162  1162  0  1170  0  0  0  1151  0  0  
0  1171  0  1137  1137  1137  1137  1137  0  1137  1137  0  0  0  1172  0  1173  0  0  1164  1164  0  0  1174  0  0  1165  1165  0  0  0  0  0  0  1156  0  1075  1075  0  1075  1075  1075  1075  0  1176  0  0  1142  0  0  0  1177  0  0  0  0  0  1178  0  1160  1160  0  1160  0  0  1179  0  1118  1118  1118  0  0  0  1180  0  0  1181  0  0  0  0  1182  0  1183  0  0  1184  0  0  0  0  1162  1162  0  0  0  1185  0  0  1186  
0  0  0  1137  0  0  1137  1137  0  1137  1137  0  1187  0  0  1188  0  0  0  0  0  0  0  0  0  1165  1165  1165  0  1075  0  1075  0  0  0  0  0  1075  0  0  0  0  1075  0  0  1192  0  1142  0  0  0  0  0  0  1193  0  0  0  1160  1160  0  0  0  1195  0  1179  0  0  0  0  1196  0  1197  0  0  1198  0  1182  1182  1182  1182  1182  0  1183  1183  1183  0  1200  0  0  0  1162  1162  0  0  1201  0  0  0  1186  
0  1202  0  0  0  1137  1137  0  0  0  1137  0  1187  0  0  0  0  0  0  0  0  0  0  1204  1204  0  0  0  0  1075  1075  1075  1075  1075  1075  0  0  1075  1075  1075  1075  1075  0  0  1192  1192  0  1142  1142  1142  0  0  0  1206  0  1207  0  1208  0  0  0  0  0  0  1179  1179  1179  0  1179  1179  0  0  0  1211  0  0  1212  0  1182  0  1182  0  0  1183  1183  0  0  1200  1200  0  0  0  1162  0  1201  1201  0  1214  0  0  
1215  0  1216  0  0  1137  0  0  1217  0  1137  0  0  1218  0  0  1219  0  0  0  0  1220  0  0  0  1221  0  1222  0  1075  1075  0  1075  1075  1075  1075  1075  1075  0  1075  1075  0  1223  0  1192  1192  1192  0  1142  1142  0  0  1206  1206  1206  0  1208  1208  1208  1208  0  1226  1226  0  0  1179  0  0  0  1179  0  1227  1227  0  1228  0  0  0  1182  0  0  1183  1183  1183  0  0  1200  1200  0  0  1231  0  1162  0  0  0  0  0  0  1232  
1215  0  0  1233  0  1137  1137  1137  0  1234  0  0  0  1218  1218  0  0  1235  0  0  1220  1220  0  1237  1237  0  1238  0  0  0  0  1239  0  0  0  0  0  0  0  1075  0  0  0  0  1192  1192  1192  1192  0  0  1240  0  0  0  0  1208  1208  0  0  1208  1208  0  0  1179  1179  1179  1179  1179  1179  1179  0  0  1227  1227  0  0  1243  0  0  1244  0  0  1183  1183  1183  0  0  1200  1200  1200  0  0  1162  0  0  0  0  0  1232  1232  
0  1246  0  1233  0  0  0  0  0  0  1247  0  0  0  0  0  0  0  0  0  1220  1220  0  0  1237  0  0  0  0  0  1248  0  0  0  0  0  0  0  0  1075  0  0  0  1192  1192  0  1192  0  1250  0  0  1251  1251  0  0  0  0  1252  1252  0  0  1253  0  0  1179  0  0  1179  0  0  1254  0  0  0  0  1255  0  1244  1244  1244  0  0  1183  0  1183  0  0  1200  1200  1200  0  0  0  1257  0  0  0  1258  0  1232  
1259  0  1233  1233  0  0  0  0  1261  1261  0  0  1262  0  1263  1263  1263  1263  0  1264  0  0  0  0  0  1265  0  0  1266  0  1248  0  0  1267  1267  0  0  0  0  0  1268  0  1269  0  1192  0  0  0  0  0  0  0  0  0  0  0  1252  1252  0  0  0  1253  0  0  0  0  0  0  0  0  1254  1254  0  0  0  0  0  1244  0  1244  0  0  0  1271  0  1272  0  0  1200  0  1273  0  1274  0  0  0  0  0  1275  0  
0  1276  0  0  0  0  1277  0  0  0  1278  1278  0  0  1263  1263  1263  1263  1263  0  1279  0  0  0  0  0  0  0  1266  0  1248  0  0  0  0  1280  0  0  0  0  1268  1268  0  1192  1192  0  0  1282  0  0  1283  0  0  0  0  0  1252  1252  1252  0  0  0  1284  1284  0  0  1285  0  1286  0  1254  1254  0  0  1287  0  0  0  1244  1244  0  0  1271  1271  0  0  1200  1200  1200  0  1273  0  1274  0  0  0  0  0  0  0  
0  0  0  1291  1291  0  0  0  1292  1292  0  1278  0  1263  1263  0  0  1263  1263  0  1279  0  0  0  0  0  0  0  1266  0  0  0  1294  1294  0  1280  1280  0  1295  0  0  0  0  0  0  0  0  0  0  1283  1283  1283  1283  0  1297  0  1252  0  0  0  1298  0  0  1284  1284  1284  0  1299  0  0  0  0  0  0  1287  0  1300  0  1244  0  1271  1271  1271  0  1302  0  0  0  0  0  0  0  1274  1274  0  0  0  0  0  0  
0  1303  0  0  1291  0  0  1304  0  0  1278  1278  0  0  1263  0  1263  1263  1263  0  1279  0  1307  0  0  0  0  1266  1266  0  0  0  0  0  0  0  0  1295  1295  0  1310  0  0  1311  0  0  1312  1312  0  0  1283  1283  0  0  0  1252  1252  0  1314  0  0  1315  0  1284  1284  0  0  0  1284  1284  0  0  0  0  0  1317  0  0  0  0  0  1271  0  1318  0  0  0  1319  1319  0  0  0  0  0  1320  0  0  0  0  0  
0  1303  0  1291  1291  1291  0  1304  0  0  1278  0  1322  0  0  1263  1263  0  1263  0  0  0  0  0  0  1324  0  0  1266  1266  0  0  1325  0  1295  1295  1295  1295  1295  0  1310  0  1327  0  0  0  1312  0  0  0  0  0  0  0  1328  0  1252  0  0  1315  1315  1315  0  1284  1284  1284  1284  1284  1284  0  1330  0  0  1331  1331  0  0  0  0  0  0  0  1318  1318  1318  0  0  1319  0  1333  0  0  1334  1334  0  1335  1335  1335  0  0  
0  0  0  0  1291  0  0  0  1336  0  1278  0  0  0  0  0  1263  1263  0  1337  1337  0  0  0  1324  1324  0  0  0  0  0  0  1325  0  0  1295  0  1295  0  0  0  1339  0  1340  0  0  1312  1312  1312  1312  0  1341  0  0  0  0  0  1342  0  0  1315  1315  0  0  1284  0  0  1284  1284  0  0  0  1331  1331  0  0  1344  0  0  0  1318  1318  1318  0  1318  0  0  1319  0  0  0  0  0  0  0  0  1335  0  0  0  
1346  1346  0  0  0  0  1336  1336  1336  0  1278  0  0  0  1348  0  0  0  0  1337  1337  0  0  0  1324  0  1349  1349  1349  1349  0  1350  0  0  0  0  0  1295  0  1351  1351  0  0  0  1352  1352  0  1312  0  1312  1312  0  0  1353  1353  0  1354  0  0  1355  0  0  1356  0  0  1357  0  0  0  0  0  1358  0  0  1359  0  1344  1344  0  0  0  1318  0  0  0  0  0  0  0  0  0  0  1360  0  1361  1361  0  0  1362  1362  
0  1346  1346  0  0  0  0  0  0  0  0  0  0  0  0  1363  1363  1363  0  0  1337  0  0  1364  0  0  0  1349  0  0  0  0  1365  0  1366  0  0  1295  0  0  0  0  0  0  0  0  0  0  0  1312  0  1367  1367  0  1353  0  0  0  0  0  0  0  1356  0  1357  1357  1357  0  0  1369  0  0  0  1359  1359  0  1344  1344  0  1371  1371  0  0  1372  1372  0  1372  0  0  1374  0  0  0  1375  0  1361  0  0  0  0  
0  0  1346  1346  0  0  0  1376  0  0  1377  0  1378  1378  0  0  0  0  0  0  0  0  0  0  0  1379  0  0  1380  0  0  0  0  0  0  1381  1381  0  0  0  0  0  0  0  0  0  0  0  0  0  1367  1367  0  0  0  0  0  0  0  0  1383  0  0  1384  0  0  1357  0  1385  0  0  0  0  0  0  0  0  0  0  0  0  0  1372  1372  1372  1372  1372  0  1387  0  0  1388  0  0  0  0  0  0  0  0  
0  1389  0  1346  0  1390  0  0  0  1391  0  0  1378  1378  1378  0  0  0  0  0  1392  0  0  1379  1379  1379  1379  0  0  0  0  1394  0  0  0  0  0  0  0  1395  0  0  0  1396  1396  1396  0  0  1397  1397  0  0  1398  0  0  0  1399  0  1400  1400  0  0  0  0  0  0  0  1401  0  0  1402  0  1403  0  1404  0  1405  1405  0  1406  0  0  1372  1372  1372  1372  1372  1372  0  0  1407  0  0  0  0  1408  1408  0  0  1409  
