0  0  0  2  2  2  2  0  2  2  2  2  0  2  2  2  0  2  2  2  2  0  6  0  0  2  2  2  2  0  2  2  2  0  0  0  2  0  2  2  2  2  2  2  2  2  2  2  2  2  2  0  2  0  2  2  2  2  2  2  2  2  0  2  2  2  2  2  0  0  2  2  2  0  0  2  2  0  2  2  0  2  0  18  0  2  0  2  2  2  0  2  0  0  22  0  0  2  2  2  
2  2  2  2  2  2  2  0  2  2  0  0  0  2  2  2  2  2  2  2  2  0  0  2  2  0  2  2  2  0  2  2  0  2  2  0  2  0  2  2  0  2  0  0  2  2  2  2  0  0  2  0  2  2  2  2  0  2  2  2  0  2  0  2  2  2  0  2  2  2  2  0  2  2  0  2  2  0  0  2  0  2  2  0  2  2  0  2  2  2  2  2  0  0  0  2  2  2  0  0  
2  2  0  2  2  2  0  29  0  2  2  2  2  2  0  2  0  0  0  2  2  0  30  0  2  0  2  2  2  2  2  2  2  0  2  2  2  2  0  2  2  0  2  0  2  2  0  0  0  0  2  0  0  0  0  2  2  2  0  2  2  2  2  2  2  0  0  2  0  2  2  0  2  2  2  0  2  2  2  2  2  2  2  2  2  0  32  0  2  2  0  2  2  2  0  2  2  0  33  33  
2  0  0  2  2  0  34  0  2  2  2  2  0  0  0  0  2  2  0  2  2  0  0  0  2  2  2  0  0  2  2  0  0  0  2  2  0  2  2  2  2  2  2  2  2  2  2  2  2  2  0  2  2  2  2  2  2  2  2  2  2  2  2  2  2  2  2  2  0  2  2  2  0  0  2  2  0  2  2  2  2  0  2  0  2  0  0  0  2  2  2  0  2  2  2  2  2  0  33  0  
2  2  2  2  0  2  0  2  2  2  2  2  2  0  2  2  2  2  0  2  2  2  2  0  0  2  2  2  2  0  0  0  0  2  2  2  2  0  2  0  0  2  2  0  2  2  0  2  0  0  2  2  2  0  2  2  0  2  0  2  2  2  2  0  0  0  2  2  0  2  2  0  2  0  0  2  2  0  2  0  2  2  0  2  2  2  2  2  2  0  0  2  2  2  2  2  2  2  0  0  
2  2  2  2  0  2  0  2  2  2  2  0  2  2  2  2  2  2  2  2  2  2  2  2  2  2  2  2  2  0  0  2  2  2  2  2  0  2  2  2  2  0  2  0  2  2  2  2  2  0  2  2  2  2  0  0  2  2  2  0  2  2  0  2  2  0  2  2  2  2  2  2  2  0  0  0  2  2  2  0  2  2  0  2  0  2  2  0  2  0  2  0  0  2  2  0  2  2  0  0  
2  0  2  0  2  2  0  0  2  0  0  2  2  2  2  0  0  2  2  2  0  0  2  0  0  2  2  2  0  53  53  0  0  2  0  2  2  2  2  0  2  2  2  2  2  2  0  2  0  2  2  2  2  2  2  2  2  2  2  0  2  2  2  2  2  2  0  2  2  2  0  2  2  2  0  2  2  2  0  0  2  2  2  2  0  2  2  2  2  2  2  2  2  2  2  2  2  2  2  0  
2  2  0  2  2  2  0  0  0  2  2  2  2  0  2  2  0  0  0  2  2  2  0  2  2  2  2  2  0  53  0  2  0  0  2  2  2  2  2  0  0  2  2  0  2  0  2  2  2  2  2  0  2  2  2  2  2  2  2  2  0  2  0  2  0  0  0  0  2  2  2  2  2  2  0  2  2  0  2  2  0  2  0  2  0  2  2  2  2  2  2  2  0  2  2  0  0  0  0  0  
2  2  2  0  2  0  2  0  2  2  2  2  2  2  2  2  2  2  2  2  2  2  2  2  0  2  2  2  2  0  2  2  2  2  2  0  2  2  2  2  0  2  0  0  2  0  2  0  2  2  2  2  2  2  0  0  0  2  0  2  0  2  2  2  2  0  2  2  2  2  2  2  2  2  0  0  2  2  2  2  2  2  2  2  0  2  2  2  0  2  2  2  2  0  2  2  2  2  2  2  
2  2  2  2  2  2  2  2  0  2  2  2  2  2  2  2  0  2  2  0  0  0  2  2  0  2  2  2  2  0  2  2  2  2  2  2  0  2  2  0  0  2  2  2  2  2  2  0  2  2  2  2  0  0  67  67  0  2  0  2  0  0  0  2  2  2  2  2  2  0  2  2  2  2  0  0  2  2  2  2  2  2  0  2  2  2  2  2  0  0  2  2  2  2  2  0  2  2  2  2  
2  0  0  2  2  0  2  2  2  2  2  2  2  2  2  2  2  2  2  0  2  2  2  0  69  0  2  2  2  0  2  2  2  2  2  0  70  0  0  2  2  2  2  2  2  2  0  2  2  2  2  2  0  0  67  0  0  2  0  0  2  2  2  2  2  2  0  2  2  2  2  2  0  2  0  2  2  2  2  2  2  2  0  0  2  0  2  2  2  2  2  2  2  2  2  2  2  0  2  2  
0  0  2  0  2  2  0  0  0  2  2  2  0  2  2  2  2  0  2  0  2  2  2  2  0  2  2  2  2  0  2  2  0  0  2  2  0  2  2  2  0  2  0  2  2  0  2  2  2  2  2  0  0  67  67  0  2  2  2  2  2  2  2  0  0  2  2  2  0  0  2  2  2  2  2  2  0  2  2  2  2  2  2  2  2  0  2  2  2  2  2  0  0  2  0  2  2  0  2  2  
2  0  2  2  2  0  2  2  2  2  2  2  2  2  2  2  2  0  2  2  2  2  2  2  2  2  2  0  2  0  2  2  0  0  2  2  2  2  2  2  2  2  2  2  2  2  2  2  2  2  2  2  2  0  67  0  2  2  2  2  0  2  2  2  0  0  0  0  2  0  0  2  2  0  2  2  2  0  2  0  0  2  2  2  2  2  2  2  0  0  2  0  2  2  0  0  0  0  2  2  
2  2  2  2  2  2  2  0  0  0  0  2  2  0  2  0  2  2  0  2  0  2  2  2  0  2  2  2  2  2  2  0  2  2  2  0  2  2  2  0  2  2  2  2  2  2  0  2  2  0  2  0  2  2  0  2  2  2  2  0  0  0  2  2  2  2  2  2  2  0  0  2  2  0  2  2  0  0  2  2  2  2  2  0  0  0  2  0  2  0  2  2  0  2  2  0  2  2  2  2  
2  0  2  0  2  2  0  2  0  2  2  2  2  2  2  2  0  2  2  0  0  2  2  0  91  0  0  2  2  2  0  2  2  2  2  2  2  2  2  2  2  0  2  2  2  0  2  2  2  2  2  2  2  0  0  0  0  2  2  0  94  0  0  2  2  0  2  2  2  0  0  0  0  2  2  2  2  0  0  0  0  2  0  0  0  2  2  0  2  0  0  2  2  2  2  2  2  2  0  2  
2  2  2  2  2  2  2  2  2  0  2  0  2  2  0  2  2  2  2  2  0  2  2  2  0  2  0  2  2  0  2  2  2  2  2  2  0  2  2  0  0  0  2  2  2  2  2  2  0  2  2  2  0  2  2  0  2  2  2  2  0  0  2  2  2  0  2  2  2  2  0  0  2  2  0  2  2  2  2  0  0  0  103  103  103  0  2  2  2  2  0  2  0  0  2  2  2  2  0  0  
2  2  2  2  2  0  2  0  0  2  0  2  2  2  2  2  2  2  2  2  0  2  2  2  2  2  0  2  2  2  0  2  2  0  2  2  2  2  0  2  2  2  2  0  2  2  2  0  2  2  2  2  2  0  2  0  2  2  2  2  2  2  0  2  2  0  2  2  2  2  0  2  2  0  2  2  2  2  0  2  2  2  0  0  0  0  0  2  2  0  2  2  2  0  2  2  2  2  2  0  
2  2  2  2  2  2  2  2  2  2  0  2  2  2  2  2  2  2  2  0  0  0  2  0  2  2  2  2  2  2  0  0  2  2  2  0  0  2  2  0  2  2  0  0  2  2  0  0  0  0  2  0  0  2  2  2  2  2  2  2  2  2  2  2  0  2  2  0  0  2  2  2  2  2  2  2  2  2  2  2  2  2  2  0  2  2  2  2  2  0  2  2  2  0  2  2  0  2  2  2  
2  2  2  2  2  0  2  2  0  2  2  0  2  2  2  0  2  2  2  0  2  0  2  2  2  0  2  2  2  0  0  0  0  2  0  0  0  2  2  2  0  2  2  2  2  2  2  2  0  2  2  0  0  2  2  2  2  0  0  0  2  0  2  0  0  2  2  2  2  2  0  2  2  0  2  2  2  0  2  2  2  2  2  2  0  0  2  2  2  0  0  0  2  2  2  2  2  2  0  2  
2  2  2  2  0  2  0  0  0  0  2  0  0  0  2  2  2  0  2  2  2  2  2  2  0  0  2  2  2  2  2  0  2  2  0  0  2  2  2  0  0  0  2  0  2  2  2  2  2  0  2  2  2  2  2  2  0  2  2  2  0  0  2  2  0  0  2  2  0  2  0  0  2  2  2  2  2  2  2  0  2  2  0  0  2  2  0  2  2  2  2  2  2  2  2  2  2  2  2  2  
2  2  2  0  2  2  2  0  2  0  2  2  2  2  0  0  0  0  0  0  2  0  0  2  0  2  2  2  2  0  2  2  2  2  0  2  2  2  2  2  2  2  0  2  2  2  2  2  2  2  2  2  2  2  0  2  2  2  2  2  0  0  2  2  0  127  0  2  2  2  2  2  2  2  0  2  2  0  2  2  2  2  2  2  2  0  0  2  0  2  2  2  2  2  0  2  2  2  2  2  
2  2  2  2  2  0  2  0  2  0  2  0  2  2  2  2  2  0  2  2  2  2  2  0  0  2  2  2  0  2  2  2  2  2  2  2  2  2  0  2  2  2  2  0  2  0  2  2  2  2  2  2  0  2  2  2  0  0  2  0  130  0  2  2  2  0  2  2  0  2  2  2  0  2  2  2  0  2  0  2  2  0  2  0  0  2  2  2  2  0  0  2  2  0  2  0  2  2  2  0  
2  2  0  2  2  2  2  2  2  2  0  2  0  2  2  2  0  0  0  2  2  2  2  2  0  2  0  2  2  2  2  0  0  2  0  2  0  0  2  0  2  2  2  0  2  2  2  2  2  0  2  2  2  2  0  2  2  2  2  2  0  2  0  2  2  2  2  2  2  2  0  0  2  2  0  0  2  2  0  2  2  2  2  2  2  0  2  2  2  2  2  0  0  0  2  2  2  2  0  2  
0  0  2  2  2  0  2  2  2  0  2  2  0  2  2  0  2  0  2  2  2  2  0  0  2  2  2  2  2  2  2  2  0  0  0  2  2  2  2  2  0  2  2  2  0  0  2  0  2  2  2  0  2  2  0  2  0  2  0  0  2  2  2  2  0  0  2  2  2  0  2  2  2  2  2  0  2  2  0  0  0  0  0  2  2  0  2  2  2  2  2  0  2  2  2  2  2  0  0  2  
149  0  2  2  0  0  0  2  0  0  0  2  2  2  2  2  2  2  2  2  0  2  2  0  0  2  0  2  2  0  2  2  2  2  0  0  2  2  2  2  0  2  2  2  2  2  2  2  2  0  2  0  2  2  2  2  2  2  0  2  2  2  2  0  2  2  2  2  2  2  2  2  2  0  2  2  2  0  2  2  0  2  2  2  2  0  2  2  2  2  2  2  2  2  2  2  2  2  2  2  
149  0  2  0  2  2  2  2  2  0  2  0  0  2  0  0  2  2  2  2  2  0  2  2  0  2  0  0  2  2  2  2  2  0  2  2  2  2  0  0  2  2  0  2  2  0  2  0  2  2  2  2  2  2  2  2  2  2  0  2  0  2  2  2  0  2  2  2  2  2  2  2  2  0  0  0  0  0  2  2  2  2  0  2  2  2  2  2  2  0  0  0  2  2  2  2  2  0  0  2  
149  0  2  0  2  2  2  2  2  2  2  0  0  2  2  0  2  0  2  2  2  2  0  2  2  2  2  2  2  0  2  0  0  2  0  0  2  2  2  2  0  2  2  0  2  2  2  0  0  2  0  2  2  0  2  0  2  2  2  0  2  0  2  2  2  2  2  0  0  2  0  2  0  2  2  2  0  2  0  2  2  0  2  2  2  0  2  0  0  2  2  0  0  2  0  2  2  2  2  0  
0  0  2  0  0  2  2  2  0  2  0  2  2  2  2  2  2  2  0  2  0  2  0  2  0  2  2  0  2  2  0  2  0  2  2  2  2  0  2  0  2  2  2  0  2  2  2  2  2  0  2  2  2  2  0  2  2  2  2  2  2  2  2  2  2  0  0  0  2  2  2  2  2  0  0  2  0  2  2  2  2  2  2  0  0  0  0  0  0  2  2  2  2  2  0  0  2  0  2  2  
2  2  0  0  0  2  2  0  2  0  0  2  0  0  2  2  2  2  2  0  2  2  0  2  0  2  2  2  0  2  0  2  2  2  0  2  2  0  2  2  2  2  2  2  0  2  2  2  0  2  2  2  2  2  2  2  2  2  2  2  2  0  2  2  2  2  2  2  2  2  2  2  0  2  2  2  2  2  2  2  0  0  0  0  2  2  0  2  2  2  2  2  2  0  0  0  2  2  0  2  
2  0  2  2  2  2  0  0  2  0  0  0  0  2  2  2  2  0  2  2  0  0  2  2  0  2  2  2  2  2  0  2  2  2  2  2  2  2  2  2  2  2  2  2  2  2  2  2  2  2  0  2  2  0  0  2  2  0  0  2  2  0  2  2  2  0  0  2  2  2  2  2  2  0  2  0  2  2  2  2  2  2  2  2  2  2  2  2  0  0  0  2  2  2  0  2  2  2  0  2  
2  2  0  2  2  0  0  0  2  2  0  2  0  2  0  0  2  0  0  2  2  0  2  2  2  0  0  0  2  0  2  2  0  2  2  2  2  2  0  2  2  2  2  2  0  2  2  2  2  0  2  2  2  0  2  0  2  2  2  2  2  2  2  2  2  2  2  2  2  2  2  2  0  2  2  0  2  0  0  2  2  2  2  2  0  2  2  2  2  0  0  2  0  2  0  2  2  2  2  0  
2  2  0  0  2  2  0  0  2  2  2  2  2  0  186  0  0  0  0  2  0  2  0  2  2  2  2  2  0  2  2  0  0  2  2  2  2  2  2  2  2  2  0  2  2  2  2  0  2  2  2  0  2  2  2  2  2  0  2  2  0  2  0  2  2  0  2  0  2  2  2  2  2  2  2  2  2  2  0  2  2  2  0  2  2  2  0  2  2  2  0  2  2  0  2  2  0  2  0  0  
2  2  2  2  2  2  0  2  0  0  2  2  2  0  0  191  0  2  2  2  2  2  2  2  0  0  2  2  0  2  2  2  0  2  0  2  2  2  2  2  2  0  193  0  2  2  2  2  2  0  2  2  2  2  0  2  0  0  2  0  2  2  0  2  0  2  0  2  2  2  2  0  2  0  2  2  2  0  2  2  0  2  2  2  2  2  0  0  2  0  2  0  2  0  2  0  2  2  2  0  
0  0  2  0  2  2  2  2  2  2  2  0  2  2  0  0  200  0  0  0  2  2  0  2  2  2  2  2  0  2  2  0  2  2  0  2  2  2  2  0  2  0  0  2  0  0  2  2  0  0  2  2  2  2  2  0  0  2  2  2  2  2  0  2  2  2  2  2  2  2  0  2  2  2  2  0  2  0  2  0  2  0  2  2  0  2  2  2  2  2  2  2  2  2  2  2  2  2  0  0  
2  2  2  2  2  2  2  0  2  2  2  0  2  2  2  2  0  2  0  0  0  2  2  0  2  0  2  2  2  2  2  2  2  0  0  2  2  2  2  2  2  0  2  2  2  2  0  2  2  2  0  0  0  0  2  2  0  0  2  0  2  0  2  2  2  2  2  0  2  2  0  0  0  0  2  0  2  0  0  2  2  0  0  2  0  2  0  2  2  2  2  2  0  2  2  2  2  2  0  211  
2  2  2  0  0  2  2  2  2  2  2  2  0  2  0  0  2  2  0  2  2  0  2  0  0  2  0  0  0  2  2  2  0  2  0  2  0  0  0  2  2  2  2  0  2  2  0  2  2  0  2  2  0  0  0  2  2  2  2  2  2  2  2  2  2  2  2  2  2  2  0  2  2  0  0  0  2  2  2  2  2  2  2  2  2  2  2  2  0  2  0  2  0  0  2  0  0  0  2  0  
2  2  2  2  2  0  2  2  2  2  0  0  2  2  2  2  2  2  0  2  2  0  2  2  2  2  2  2  2  2  0  0  2  2  0  2  2  2  2  2  2  2  2  0  0  2  2  2  2  2  2  2  0  2  2  2  2  2  0  2  2  2  0  2  2  2  0  2  2  0  2  0  2  2  2  2  0  2  2  0  2  0  2  0  2  2  2  0  2  2  2  2  0  0  2  2  2  2  2  2  
2  0  2  0  0  224  0  2  2  2  2  2  2  2  2  2  2  2  2  2  0  2  2  0  2  2  2  2  2  2  0  2  2  2  2  2  0  2  0  0  2  2  0  0  0  2  2  2  0  2  0  0  2  2  2  2  2  2  2  0  2  2  0  2  2  0  2  2  2  2  2  2  2  2  0  2  0  2  2  2  2  2  0  2  0  2  2  0  2  2  0  2  2  2  2  0  2  2  2  0  
0  2  2  2  0  0  0  0  2  2  2  2  2  0  2  2  2  2  2  0  2  2  2  2  2  2  2  2  0  0  2  2  2  2  0  2  2  2  2  2  0  0  233  0  2  2  2  2  2  0  2  2  0  2  2  0  2  2  2  2  2  2  2  0  2  0  2  0  0  2  2  0  2  2  2  2  2  2  2  0  2  2  2  2  2  2  0  2  2  2  2  2  0  2  0  2  2  0  0  238  
2  2  2  2  0  0  0  0  0  0  2  2  2  2  2  2  2  2  0  2  2  2  2  2  0  2  2  2  0  2  2  0  0  0  0  0  0  0  2  2  0  233  233  233  0  0  2  2  0  2  2  0  2  2  2  2  0  2  2  2  0  0  0  2  2  2  2  0  0  2  2  2  2  2  0  2  2  0  2  2  2  2  2  2  2  2  2  0  0  2  2  2  2  2  2  2  2  0  0  238  
2  0  0  2  2  2  0  246  246  0  2  2  0  2  2  2  2  2  2  2  2  0  2  0  2  2  2  2  2  2  0  2  0  0  0  2  0  2  2  2  2  0  233  233  0  2  0  0  0  2  2  2  2  2  0  2  2  2  2  2  0  2  2  2  2  0  2  2  2  0  0  2  2  2  2  0  0  2  2  2  0  2  2  2  0  2  0  2  2  2  2  0  2  2  2  2  2  2  2  0  
0  2  0  0  2  2  2  0  0  2  2  2  0  2  0  2  0  2  2  2  2  2  2  2  2  2  2  2  0  2  0  2  0  2  2  2  2  2  2  2  2  2  0  233  0  2  2  2  2  2  2  2  0  2  2  2  2  2  0  2  0  2  2  2  0  2  0  2  2  2  2  2  0  2  2  2  2  2  2  2  2  2  0  2  0  2  0  2  0  2  2  0  0  2  0  2  2  2  2  2  
0  2  0  2  2  0  2  0  2  2  0  2  0  2  2  2  2  2  2  0  2  2  2  2  0  2  0  2  2  2  2  2  0  2  2  2  0  2  0  2  2  0  0  0  0  2  0  2  2  0  2  2  2  0  2  0  2  2  2  2  0  0  2  2  2  2  2  0  2  0  0  2  2  0  2  2  2  0  0  2  2  2  2  0  2  2  2  2  2  2  0  2  0  2  2  0  0  2  2  2  
2  2  0  2  2  2  2  2  2  2  0  0  2  2  0  2  2  2  2  2  2  2  2  2  0  0  2  0  0  2  2  2  2  0  2  0  2  2  0  2  0  2  2  2  2  2  0  0  0  0  0  2  2  2  0  2  0  2  2  0  2  2  2  2  2  2  2  2  0  2  0  2  2  0  2  2  0  0  2  2  2  2  2  2  0  0  2  0  2  2  2  2  2  2  0  272  272  0  0  2  
2  2  0  0  2  2  2  0  2  2  2  2  0  0  2  2  2  2  2  2  2  2  0  0  2  2  2  2  0  2  0  2  2  2  2  2  2  2  2  2  2  2  0  2  2  2  0  2  2  2  2  2  2  2  2  2  2  2  2  2  2  2  0  2  2  0  0  2  0  2  2  0  2  0  2  2  2  2  0  2  2  2  2  2  2  2  0  0  0  2  2  2  2  0  0  272  0  0  2  2  
0  2  2  2  2  0  2  2  0  2  0  2  2  2  0  0  2  0  2  0  2  2  2  0  0  0  2  2  2  0  2  2  2  2  0  2  2  0  2  2  2  2  2  0  0  2  2  2  0  2  2  2  2  2  0  2  2  2  2  2  2  0  2  2  2  2  2  2  0  2  0  2  2  2  2  2  2  2  2  0  0  2  2  2  0  2  2  0  0  2  2  2  2  0  2  0  2  2  0  2  
0  2  2  2  0  282  0  2  0  2  2  2  0  0  0  2  2  2  2  2  0  2  2  0  0  2  2  0  0  2  0  0  2  0  2  2  0  0  2  2  0  0  2  2  2  2  2  2  2  2  2  2  0  2  2  2  2  2  2  2  2  2  0  2  2  2  0  2  2  2  0  0  2  2  0  0  0  2  0  2  2  2  2  2  2  0  0  2  0  0  2  0  2  2  2  0  2  0  2  0  
0  2  2  0  290  0  291  0  2  2  2  0  2  2  2  2  0  2  2  0  0  2  2  0  2  2  2  2  0  2  2  0  2  2  2  2  2  0  2  2  2  0  2  2  2  2  2  2  2  2  2  2  2  2  0  0  2  2  2  0  2  0  0  2  2  2  2  2  2  2  0  2  2  0  0  296  296  0  2  2  2  2  0  2  2  2  2  2  2  0  2  2  2  0  0  0  2  2  2  2  
0  2  2  2  0  0  0  2  2  2  0  299  0  2  2  2  2  0  2  0  2  2  2  2  0  2  2  0  2  2  2  2  2  2  0  0  2  2  2  0  2  2  2  2  2  2  2  2  2  0  2  0  2  0  2  2  2  2  2  2  0  2  2  0  0  2  2  2  0  2  0  0  2  0  0  296  296  0  2  2  2  2  2  2  0  0  2  2  2  2  2  0  2  2  2  2  0  2  2  0  
0  0  0  2  0  2  0  2  0  0  0  0  0  0  0  0  0  305  0  0  0  0  2  2  0  0  2  0  2  2  0  2  2  2  2  2  0  2  2  2  2  2  2  0  2  0  2  2  2  0  0  2  2  2  0  2  0  2  2  2  2  2  0  2  2  2  0  2  0  2  2  2  0  2  2  0  0  2  2  2  2  2  2  2  2  2  2  2  2  0  2  0  2  2  2  2  2  2  0  310  
311  0  2  2  0  2  2  2  2  2  0  2  2  2  2  2  2  0  2  2  2  0  2  2  0  2  2  0  2  2  0  2  0  2  0  0  2  2  2  0  0  2  2  0  2  2  2  0  0  2  2  2  2  0  2  2  0  0  0  2  2  2  2  2  2  2  2  0  2  2  0  2  2  0  2  2  2  2  0  2  2  0  2  2  0  0  0  2  2  2  0  0  0  2  2  0  0  2  0  0  
0  2  2  2  2  2  2  0  2  2  2  0  0  0  2  0  0  0  0  2  2  0  2  2  0  2  0  0  0  2  2  2  0  2  2  2  0  2  2  2  0  0  2  0  0  2  2  2  2  2  2  2  2  0  2  2  2  2  2  2  0  2  2  2  2  0  2  0  0  2  0  2  2  0  2  0  2  2  0  2  2  2  2  0  2  0  322  0  2  2  2  2  2  2  2  0  2  2  2  2  
2  2  0  0  0  2  2  0  2  2  2  2  2  2  2  0  2  2  2  2  2  0  0  2  2  2  0  2  2  0  2  2  2  2  0  0  2  0  2  2  2  2  2  2  2  0  2  2  0  0  0  2  2  2  0  2  2  2  2  0  2  2  2  2  0  0  2  0  0  2  2  2  2  2  2  2  0  2  0  2  0  2  2  2  2  0  0  0  0  2  2  2  0  0  2  2  2  2  0  2  
0  2  2  0  0  2  2  2  2  2  0  2  2  0  0  2  2  2  0  2  2  2  2  2  2  0  2  2  2  2  2  0  0  0  2  2  2  0  2  0  0  2  2  2  2  2  2  2  2  2  0  2  2  2  2  2  2  2  0  2  2  2  2  0  2  2  0  2  0  2  2  0  0  2  2  2  2  2  2  2  2  2  0  0  2  2  2  2  0  2  2  0  2  2  0  2  2  2  2  2  
0  2  2  2  0  2  2  2  2  0  336  0  0  2  2  2  0  2  2  2  2  2  0  0  0  338  0  2  2  2  2  2  2  2  2  2  0  0  2  2  2  0  2  2  2  2  0  0  0  2  2  2  2  0  2  0  2  0  2  2  2  0  2  0  2  2  2  2  0  0  2  2  2  2  2  0  2  0  2  0  2  2  2  0  2  2  0  2  2  0  2  0  0  2  2  2  2  0  0  2  
0  0  2  2  2  2  2  2  0  2  0  2  2  2  2  2  2  0  0  0  2  2  2  0  2  0  2  0  0  2  2  2  2  2  2  2  0  2  0  0  0  2  2  0  2  2  2  0  2  2  2  2  2  2  2  2  0  2  0  2  0  0  2  2  2  2  2  0  2  2  2  2  2  0  2  2  2  2  2  0  2  2  0  2  2  2  2  2  0  2  2  2  2  2  2  2  0  2  0  2  
2  2  0  2  2  2  2  2  0  2  2  0  2  2  2  2  2  2  0  2  2  0  2  2  2  2  2  0  0  2  2  2  2  2  0  2  2  2  2  2  2  0  0  2  0  2  2  0  0  2  0  2  2  2  2  0  2  2  0  0  0  2  0  2  2  2  2  2  0  2  2  0  0  0  0  0  2  2  0  2  2  2  2  2  2  2  2  0  2  2  2  2  2  2  2  0  2  2  2  0  
2  2  2  2  0  0  2  0  360  0  2  2  2  2  2  2  2  0  2  2  0  2  0  2  0  0  2  2  2  2  2  2  2  2  0  2  2  2  2  0  0  0  2  2  2  2  2  2  2  0  0  0  0  2  2  2  2  0  2  0  2  2  2  2  2  2  2  0  2  0  2  2  2  0  2  0  0  2  2  2  2  2  2  2  2  2  0  2  2  0  2  2  2  0  0  2  0  2  2  2  
2  2  2  2  2  2  0  370  0  2  2  2  0  2  2  2  0  0  2  2  2  2  0  0  0  2  0  0  0  2  2  2  0  2  2  2  2  0  0  2  0  2  2  2  0  2  2  2  2  2  2  2  2  0  0  2  2  2  2  2  2  2  2  0  2  0  2  2  2  0  0  2  2  0  2  2  2  0  2  2  2  0  2  0  0  0  2  2  2  2  2  0  2  2  2  2  2  2  2  2  
0  2  2  2  0  2  2  0  2  2  2  2  0  0  0  2  0  2  2  2  2  2  2  2  2  2  2  2  2  0  2  2  2  2  2  2  0  0  2  2  2  2  2  2  2  2  0  2  2  2  2  2  2  2  0  2  2  0  0  2  2  2  2  2  2  2  2  2  2  0  0  2  0  2  2  2  2  2  2  2  2  0  0  0  2  0  0  0  0  0  2  0  0  2  2  0  2  2  2  2  
2  2  2  2  2  0  0  2  2  0  2  2  2  0  0  2  2  2  2  0  2  2  0  2  0  2  0  2  0  0  2  2  2  2  2  0  0  2  2  2  2  2  2  0  2  2  2  0  2  2  0  2  2  2  0  2  2  2  2  0  2  2  2  2  2  0  2  0  2  0  2  0  0  2  2  2  0  2  2  2  2  2  2  2  2  2  2  0  2  0  2  2  0  2  2  2  0  0  2  2  
2  2  2  2  2  2  2  2  2  2  2  2  2  2  2  2  0  2  2  0  2  2  2  0  0  2  2  2  2  2  2  2  2  0  2  0  2  2  0  2  2  2  0  2  0  2  2  2  2  2  2  2  2  0  0  2  2  2  2  2  2  2  2  2  2  2  0  2  2  2  2  0  2  2  0  2  0  0  2  2  0  2  2  2  2  2  2  2  2  2  2  2  0  2  2  2  2  2  2  2  
2  2  2  2  0  2  2  2  2  2  0  0  2  0  2  2  0  2  2  0  2  2  0  2  2  2  2  2  2  2  0  2  0  2  0  2  2  2  0  2  2  2  0  2  2  2  2  2  2  2  0  0  2  2  0  2  2  2  2  2  2  2  0  2  0  2  2  0  2  0  0  0  2  2  2  2  0  2  0  0  394  0  2  0  0  2  0  2  2  2  2  2  2  2  0  2  0  2  2  0  
0  2  0  2  2  2  2  2  0  2  0  2  0  2  2  2  2  2  2  0  2  0  397  0  2  2  2  0  2  0  2  2  2  2  2  2  0  0  0  2  2  2  2  0  0  2  2  2  0  2  2  2  2  2  0  2  2  0  2  2  2  2  2  2  2  0  2  0  2  2  2  2  0  2  2  2  0  2  0  0  394  0  2  2  2  2  2  2  2  2  2  0  2  0  2  0  0  2  0  2  
2  2  2  2  0  0  2  2  2  2  2  2  2  2  2  2  2  2  0  0  2  0  0  2  2  0  2  2  0  2  2  0  2  2  2  2  0  2  0  2  2  2  2  0  2  0  2  0  2  0  2  2  2  2  0  2  0  2  2  2  2  2  2  2  2  2  2  2  0  2  2  2  2  2  2  2  2  2  2  2  0  2  0  0  2  2  2  0  2  0  2  2  0  2  2  2  2  2  2  2  
2  0  2  2  2  0  0  2  0  0  2  0  2  0  2  0  2  2  2  2  2  2  0  2  2  2  2  2  2  2  0  2  2  2  2  2  2  2  0  0  2  2  0  2  2  2  0  0  2  0  2  2  2  0  2  0  2  2  2  2  2  2  2  2  0  2  2  2  0  2  0  2  2  0  0  2  2  2  2  2  2  2  2  2  0  2  2  2  2  2  0  2  2  2  2  2  2  2  2  2  
2  0  2  2  2  2  2  2  2  2  0  0  2  2  2  0  0  0  0  2  2  2  2  2  2  2  0  2  2  0  2  2  2  0  2  2  0  0  2  2  2  2  2  2  2  0  2  2  2  0  2  0  2  2  2  2  2  0  2  2  2  2  0  2  2  2  2  0  2  2  2  2  2  2  2  2  2  2  0  2  2  2  2  0  2  2  0  0  2  2  2  2  2  0  2  0  2  2  2  2  
0  2  2  2  2  2  2  2  2  2  0  0  2  2  0  0  2  2  0  2  0  2  2  2  2  0  2  2  2  2  0  2  2  2  2  2  2  2  0  0  2  0  2  2  2  0  2  0  2  2  0  2  0  2  2  2  2  2  2  0  0  2  2  0  2  0  0  2  2  2  0  2  2  2  2  2  0  2  2  2  0  2  2  0  2  2  0  0  0  2  0  2  0  0  2  2  2  2  2  2  
424  0  2  2  2  2  0  2  2  2  2  2  2  2  0  0  2  2  2  2  2  2  2  2  0  0  2  2  2  2  0  2  2  2  0  2  0  0  2  2  2  2  2  2  0  0  2  2  0  2  0  2  2  2  2  0  2  2  0  2  2  2  2  2  2  2  2  2  0  0  2  2  2  2  2  2  0  2  2  0  0  2  2  2  2  2  2  2  2  2  2  2  2  0  2  2  2  2  2  2  
0  2  2  2  0  2  0  0  2  2  2  2  2  2  0  0  2  2  0  2  0  2  2  2  2  0  2  2  0  2  2  2  2  2  2  2  2  2  0  0  2  2  2  2  2  2  0  2  2  0  0  2  2  2  2  2  2  2  2  2  2  2  2  0  2  2  2  2  2  2  2  0  0  2  0  2  2  2  2  2  2  2  2  2  2  2  2  0  2  2  2  2  2  2  2  2  0  2  0  2  
2  2  0  2  2  0  430  430  0  2  2  0  0  2  2  2  2  2  2  2  2  2  2  0  0  2  0  2  2  0  2  2  0  0  0  2  2  2  2  2  0  2  2  2  2  2  0  0  2  2  2  2  0  0  0  2  2  0  2  2  2  2  2  2  2  2  2  0  2  0  2  0  2  2  2  2  2  2  2  2  0  2  0  2  0  2  2  0  2  2  2  2  2  0  2  0  0  2  2  0  
2  0  2  2  0  434  0  0  0  2  2  2  2  2  2  2  0  2  0  2  2  0  2  0  2  2  0  2  0  2  2  2  2  2  2  2  2  2  2  2  0  2  2  2  0  2  2  0  2  2  0  2  2  2  0  0  2  2  2  2  2  2  2  2  2  2  0  2  2  2  2  0  2  2  0  0  0  2  2  2  2  0  2  2  0  2  2  2  2  2  2  2  0  2  0  440  0  0  2  2  
2  2  0  2  2  0  2  2  2  2  2  2  0  2  2  2  2  2  0  2  2  2  2  0  2  2  2  0  2  2  2  0  0  0  0  2  0  0  0  2  2  2  2  0  2  2  0  2  2  2  0  2  2  2  0  445  0  2  2  2  2  2  2  2  2  2  2  2  0  2  2  2  0  2  2  2  2  2  2  2  0  446  0  0  2  2  2  2  0  2  2  2  2  2  2  0  0  0  2  2  
2  2  2  0  2  0  2  0  2  0  2  2  2  0  0  0  2  0  2  2  0  2  2  2  0  2  2  2  2  2  2  0  2  2  2  0  2  2  2  2  2  2  2  0  2  0  2  0  2  0  2  2  2  0  0  0  453  0  2  2  0  2  2  2  0  2  2  2  2  2  2  0  2  2  2  2  0  0  2  2  0  0  2  2  2  0  0  2  2  2  2  2  2  2  0  456  0  2  2  2  
0  2  0  2  0  2  2  2  2  0  2  2  2  0  2  2  2  0  0  2  0  2  0  2  2  2  2  2  2  2  2  2  2  0  2  2  2  2  2  2  2  0  0  2  0  2  2  2  2  2  2  2  0  0  2  0  0  2  2  0  2  2  0  2  0  2  2  2  0  2  0  2  2  0  0  2  2  2  2  0  0  2  2  0  2  2  2  2  0  0  0  2  2  0  0  0  2  2  2  2  
0  2  2  2  2  0  2  0  0  2  0  0  0  2  2  2  2  2  2  2  0  2  0  0  2  2  2  2  0  2  0  2  2  0  0  0  2  0  0  2  2  2  2  2  2  0  2  2  0  0  2  2  2  2  2  2  0  2  0  0  2  2  0  0  0  2  2  2  0  0  2  0  2  2  2  0  0  0  2  0  0  2  2  2  2  2  2  0  2  2  0  0  2  0  2  0  2  2  2  2  
0  2  2  2  2  2  2  0  2  2  0  2  2  2  2  2  0  2  2  2  2  2  2  0  0  2  0  2  2  2  2  0  2  2  0  2  2  2  2  2  0  2  2  2  0  0  2  2  2  0  0  2  2  2  2  2  2  2  0  2  2  0  2  2  0  2  0  2  2  2  2  2  0  2  2  2  2  2  2  0  0  0  0  0  2  2  2  2  0  2  2  2  2  0  2  2  2  2  2  2  
2  2  2  0  2  0  2  2  2  0  0  2  0  2  0  2  2  2  2  2  2  2  2  2  0  2  0  0  2  0  2  2  2  0  0  2  2  2  2  0  0  2  2  0  2  0  2  2  0  2  2  0  2  0  2  2  2  0  0  0  0  0  2  0  2  2  2  2  2  2  0  2  2  2  2  2  2  2  2  0  0  2  2  2  0  0  2  2  2  2  2  2  2  0  0  0  2  2  2  2  
0  0  2  2  2  2  2  2  0  2  2  2  0  2  2  2  0  2  0  0  2  0  2  0  0  2  0  2  0  0  2  2  2  2  2  2  2  2  2  2  2  0  0  2  2  2  2  2  2  0  2  2  2  2  2  0  2  0  0  2  2  2  2  0  0  0  0  0  2  0  2  0  2  2  2  0  2  2  2  0  2  0  0  2  2  0  0  2  2  2  2  2  0  490  490  490  0  2  0  2  
0  0  2  0  2  2  2  0  2  2  2  2  0  2  2  0  2  2  2  0  2  0  2  2  2  0  2  2  0  0  2  2  2  2  2  2  2  2  2  2  2  0  0  2  0  2  2  2  0  0  2  0  2  0  2  2  2  0  2  2  0  2  2  2  0  0  2  2  2  0  2  2  2  2  2  2  2  2  2  2  2  0  2  2  0  0  2  2  2  2  2  0  490  490  490  490  0  2  0  2  
499  499  0  2  2  2  2  0  2  2  2  2  0  2  2  0  2  2  2  2  2  2  0  2  2  0  2  2  2  2  2  2  0  2  2  2  2  0  2  2  2  2  2  0  0  2  2  2  2  2  2  2  0  2  2  2  0  2  2  2  2  2  2  2  2  2  0  0  0  2  0  2  2  2  2  2  2  0  0  2  2  2  2  2  0  2  2  2  2  0  0  0  490  0  490  0  2  2  0  2  
0  499  0  0  2  2  2  0  2  0  2  2  2  2  2  2  2  2  0  0  2  2  2  2  0  2  2  2  0  2  0  2  0  2  2  2  0  2  2  2  0  2  2  2  0  2  2  0  0  2  0  2  2  0  2  2  2  2  0  2  2  2  2  0  2  2  2  0  2  2  2  2  2  0  2  2  0  0  0  0  2  2  2  2  2  0  2  2  2  2  2  0  490  490  0  509  0  0  2  2  
0  0  511  0  2  2  2  0  2  2  2  0  0  0  2  2  2  0  2  0  0  2  2  2  0  0  2  2  2  2  2  2  2  0  0  2  0  0  2  2  2  2  0  2  2  2  0  0  2  2  2  2  2  2  2  0  0  2  0  2  2  2  2  0  2  2  2  2  2  2  0  0  0  2  2  2  0  2  2  2  2  0  2  0  2  2  2  0  0  2  2  0  0  0  0  509  0  516  0  2  
2  2  0  0  0  2  0  2  2  2  2  0  0  2  0  2  2  2  2  0  2  2  2  2  2  2  0  0  0  2  2  2  0  2  2  2  2  0  2  0  2  2  2  0  0  2  2  0  0  0  0  2  0  2  0  2  2  0  2  2  2  0  0  2  2  0  0  0  0  2  0  525  0  2  2  2  0  0  2  2  2  2  0  0  2  2  2  2  2  2  0  0  2  2  2  0  516  516  0  0  
2  0  2  2  2  0  0  2  2  0  2  2  0  2  2  0  0  2  2  0  2  2  2  2  0  0  2  2  2  2  2  2  2  2  0  2  2  2  2  2  2  0  0  2  0  0  2  2  2  0  2  0  2  0  2  0  2  2  2  2  0  2  0  2  0  0  0  0  0  2  2  0  2  2  2  2  2  0  2  2  2  2  2  2  2  2  2  2  2  2  0  2  2  2  2  0  0  516  0  0  
2  2  2  2  2  0  0  2  2  2  0  2  2  2  2  0  2  2  2  2  2  2  2  2  0  2  2  2  0  2  2  2  0  2  2  2  2  0  0  2  2  0  2  2  0  2  2  2  2  0  2  2  2  2  2  0  0  0  0  2  2  2  0  2  2  2  2  2  2  2  2  0  2  2  2  2  2  0  2  0  2  2  0  2  2  0  0  2  2  2  2  0  2  0  2  0  2  0  2  2  
2  0  0  2  0  2  2  2  0  0  2  2  2  0  2  2  0  2  2  2  2  2  0  2  0  0  0  2  2  0  0  0  2  2  0  0  2  2  2  2  2  2  2  2  2  2  0  2  2  2  2  2  0  0  0  0  0  2  2  0  0  2  0  2  2  2  2  2  0  0  2  2  2  0  0  2  2  2  2  0  2  2  2  2  0  0  547  0  0  0  0  2  2  2  0  0  2  2  2  2  
2  2  0  0  2  2  2  2  2  2  2  2  0  2  2  0  0  2  0  0  2  2  2  2  2  2  0  2  0  0  2  2  2  2  2  2  2  2  2  2  2  2  0  0  2  2  2  2  2  0  2  0  2  2  2  2  0  0  2  2  0  2  2  2  2  2  2  2  0  2  2  2  2  2  2  2  0  2  2  0  2  0  2  2  2  2  0  2  0  555  555  0  2  2  2  0  2  2  2  2  
2  2  0  2  2  2  2  2  2  2  0  2  2  0  2  0  2  2  2  2  0  2  0  2  2  0  2  2  2  0  2  2  2  2  2  2  0  2  2  2  2  2  2  0  0  2  0  0  2  2  2  0  0  0  0  2  0  0  2  2  2  2  0  2  2  0  2  2  2  2  2  2  2  2  2  0  2  2  2  0  2  0  0  2  2  2  2  2  0  0  0  2  2  2  0  561  0  0  2  2  
2  2  0  0  0  2  2  2  2  2  0  0  2  0  2  2  2  0  2  2  0  2  0  2  0  2  2  2  2  2  2  2  0  2  2  2  0  2  2  2  0  0  2  0  0  0  0  0  2  2  2  0  2  2  2  2  0  0  2  0  2  2  2  2  2  2  0  2  2  2  0  2  0  0  0  2  2  0  2  2  0  0  2  2  2  0  2  0  2  0  2  2  2  2  2  0  2  2  2  2  
2  0  2  2  0  2  2  2  0  2  0  570  0  2  0  2  2  2  2  2  0  2  0  0  0  0  0  2  2  2  0  2  2  2  2  2  2  0  2  2  0  0  0  572  0  573  573  0  2  0  0  2  2  0  0  2  0  2  2  2  2  2  0  2  0  2  2  2  2  2  2  2  2  2  2  0  0  2  2  2  0  0  2  2  0  2  2  2  2  0  2  2  0  2  2  2  2  2  0  0  
2  2  2  2  0  2  2  0  0  2  2  0  2  2  2  0  2  2  2  2  2  2  0  2  0  2  0  0  2  2  2  2  2  2  2  2  2  2  2  0  0  0  581  0  2  0  0  0  2  2  2  0  2  0  0  0  2  0  2  2  2  0  2  0  2  2  0  2  0  0  2  0  2  0  2  2  2  2  2  2  2  2  2  2  2  2  2  0  2  2  0  2  2  2  2  2  2  2  2  2  
0  2  2  0  0  2  2  2  2  0  2  0  2  0  2  2  2  2  0  2  2  0  2  2  2  2  2  0  2  2  0  0  2  0  0  0  0  2  2  2  0  2  0  2  2  2  0  589  0  2  2  2  2  0  2  2  2  2  2  2  2  2  2  2  0  2  0  2  2  2  2  2  2  2  2  2  2  2  2  2  0  2  2  2  2  0  2  2  2  2  2  2  2  2  2  2  2  2  2  2  
0  2  2  0  2  0  2  0  0  2  2  2  0  593  0  2  2  2  2  2  2  2  0  2  2  2  2  0  2  0  2  0  2  2  2  0  595  0  2  2  2  2  0  2  0  0  589  589  0  2  0  0  0  2  2  2  0  2  2  0  2  2  2  0  2  2  2  2  2  2  2  2  2  0  2  0  2  2  2  2  0  0  2  2  2  2  0  2  2  2  0  2  2  2  2  0  2  2  2  2  
0  2  0  2  2  2  0  0  0  2  0  0  600  0  601  0  2  2  2  0  2  2  2  2  2  0  2  2  0  2  2  2  0  0  2  2  0  603  0  0  2  0  0  2  0  0  0  0  2  2  2  2  2  2  2  2  0  2  2  2  2  2  2  2  0  0  2  0  0  2  2  2  0  0  2  0  2  2  2  2  0  0  0  0  2  2  0  2  2  2  0  2  2  2  2  2  2  0  0  2  
0  2  2  2  2  2  2  2  0  2  2  2  0  0  601  0  2  0  2  2  2  0  0  2  2  2  2  2  2  2  0  2  0  2  2  0  0  0  2  0  0  0  2  2  2  2  2  2  0  2  2  2  2  2  2  2  2  0  0  0  2  2  2  2  0  2  2  2  2  0  2  0  2  2  0  2  2  2  2  2  2  2  0  2  2  2  2  2  2  2  2  2  2  0  2  2  2  2  0  0  
2  2  2  2  2  2  2  2  2  2  0  0  2  2  0  2  2  2  2  2  2  2  2  2  2  0  0  2  0  0  2  0  0  0  2  2  2  2  2  2  2  2  2  2  0  2  2  2  2  2  0  0  2  2  2  2  2  2  0  2  2  2  0  0  0  2  2  2  2  2  2  0  2  0  2  2  2  2  0  2  0  2  2  2  2  2  2  0  0  2  2  0  2  0  0  0  2  2  2  2  
2  0  2  2  2  2  2  2  0  0  0  0  2  2  2  2  2  0  2  2  2  0  0  2  2  0  2  2  2  0  2  2  0  0  2  2  0  2  0  2  2  2  2  2  2  0  0  2  2  2  2  2  0  2  2  0  2  2  0  2  2  2  2  0  2  2  2  2  2  2  2  2  2  2  2  2  2  2  2  2  2  2  2  2  0  2  0  0  2  2  0  2  2  2  0  2  2  2  2  2  
0  2  2  2  2  2  0  0  624  0  624  624  0  2  2  2  2  2  2  2  0  2  2  2  2  0  2  0  2  0  2  0  2  2  2  2  2  2  2  0  0  0  2  0  0  2  2  2  2  2  2  2  2  0  0  0  2  0  0  2  2  2  2  0  2  0  2  2  0  2  0  2  0  2  0  2  2  2  2  2  2  2  2  2  2  2  2  2  0  2  0  2  2  2  0  2  2  0  2  2  
629  0  0  2  2  2  0  624  624  624  624  0  2  2  2  0  2  2  0  2  0  2  2  0  0  632  0  2  2  2  2  2  2  0  0  2  0  0  2  0  2  2  2  2  2  0  2  2  2  2  0  2  2  2  2  0  2  2  2  2  2  2  2  0  2  2  2  2  2  2  2  2  2  2  2  2  2  2  2  2  2  2  2  2  0  2  2  0  0  2  2  2  2  2  2  0  0  0  0  2  
