1  52.6756
2  15.3369
3  9.4316
4  6.2472
5  4.393
6  3.2201
7  2.4369
8  1.9352
9  1.535
10  1.2338
11  1.003
12  0.8412
13  0.6872
14  0.5689
15  0.4964
16  0.4241
17  0.3524
18  0.3113
19  0.2634
20  0.2338
21  0.2063
22  0.1787
23  0.1524
24  0.1421
25  0.11
26  0.104
27  0.092
28  0.0834
29  0.0687
30  0.0578
31  0.0573
32  0.0505
33  0.0411
34  0.0393
35  0.0344
36  0.0286
37  0.0283
38  0.0256
39  0.0188
40  0.0195
41  0.0174
42  0.0145
43  0.0133
44  0.0133
45  0.0109
46  0.0104
47  0.0078
48  0.0076
49  0.0085
50  0.0072
51  0.0057
52  0.0044
53  0.0053
54  0.0052
55  0.0044
56  0.0029
57  0.0033
58  0.0033
59  0.0031
60  0.0028
61  0.0036
62  0.0014
63  0.0012
64  0.0025
65  0.0016
66  0.0014
67  0.0013
68  0.001
69  0.0011
70  0.0015
71  0.0008
72  0.0006
73  0.0002
74  0.0008
75  0.0003
76  0.0004
77  0.0006
78  0.0001
79  0.0002
80  0.0003
81  0.0002
82  0.0003
83  0.0004
84  0.0001
85  0.0001
86  0.0001
87  0.0003
88  0.0001
89  0.0005
90  0.0001
91  0.0004
92  0.0001
93  0.0002
94  0.0001
95  0.0001
98  0.0002
100  0.0001
102  0.0001
103  0.0001
104  0.0002
106  0.0001
109  0.0001
120  0.0001
