1  18.6066
2  4.1625
3  2.4239
4  1.6167
5  1.1541
6  0.8562
7  0.646
8  0.5282
9  0.4295
10  0.3672
11  0.3116
12  0.2675
13  0.2438
14  0.217
15  0.1895
16  0.1695
17  0.151
18  0.1396
19  0.1209
20  0.1169
21  0.1101
22  0.0996
23  0.0897
24  0.0863
25  0.0804
26  0.0696
27  0.0667
28  0.0674
29  0.0603
30  0.0604
31  0.0549
32  0.0538
33  0.0496
34  0.0514
35  0.0424
36  0.0437
37  0.0415
38  0.0378
39  0.0404
40  0.035
41  0.0358
42  0.0339
43  0.0346
44  0.0311
45  0.0306
46  0.0274
47  0.0278
48  0.0274
49  0.0285
50  0.0267
51  0.0261
52  0.0232
53  0.0218
54  0.022
55  0.0227
56  0.0173
57  0.0185
58  0.0196
59  0.0184
60  0.0189
61  0.0202
62  0.0162
63  0.0195
64  0.0168
65  0.0149
66  0.0187
67  0.0162
68  0.0129
69  0.0194
70  0.0145
71  0.0145
72  0.0114
73  0.0154
74  0.0141
75  0.0137
76  0.015
77  0.0137
78  0.0124
79  0.0109
80  0.0102
81  0.01
82  0.0105
83  0.0115
84  0.0112
85  0.0095
86  0.0107
87  0.0107
88  0.0098
89  0.0099
90  0.0088
91  0.0099
92  0.0088
93  0.0085
94  0.0086
95  0.0087
96  0.0091
97  0.0091
98  0.0092
99  0.0089
100  0.0071
101  0.0075
102  0.0072
103  0.0096
104  0.0075
105  0.007
106  0.0079
107  0.0078
108  0.0059
109  0.0071
110  0.0078
111  0.0085
112  0.0076
113  0.0064
114  0.0068
115  0.006
116  0.0067
117  0.0061
118  0.0065
119  0.006
120  0.0057
121  0.0059
122  0.0061
123  0.0057
124  0.0063
125  0.0047
126  0.0066
127  0.0065
128  0.0054
129  0.0061
130  0.0053
131  0.0056
132  0.0068
133  0.0056
134  0.0049
135  0.0061
136  0.0049
137  0.0067
138  0.005
139  0.0053
140  0.0058
141  0.0063
142  0.0042
143  0.0059
144  0.0035
145  0.0047
146  0.0058
147  0.0053
148  0.0053
149  0.0043
150  0.0036
151  0.0043
152  0.0038
153  0.0047
154  0.0041
155  0.0044
156  0.0054
157  0.0039
158  0.0048
159  0.0044
160  0.0045
161  0.0031
162  0.0044
163  0.0038
164  0.005
165  0.0042
166  0.0053
167  0.0035
168  0.0045
169  0.0042
170  0.0033
171  0.0038
172  0.0037
173  0.0038
174  0.0037
175  0.0048
176  0.0035
177  0.0039
178  0.0032
179  0.0037
180  0.0036
181  0.0048
182  0.0044
183  0.0047
184  0.0034
185  0.0042
186  0.0043
187  0.0038
188  0.004
189  0.0033
190  0.0035
191  0.0041
192  0.0028
193  0.0035
194  0.0031
195  0.005
196  0.0034
197  0.0042
198  0.0033
199  0.0034
200  0.0033
201  0.0045
202  0.0041
203  0.0031
204  0.0034
205  0.0036
206  0.0036
207  0.0047
208  0.0033
209  0.0029
210  0.0033
211  0.004
212  0.0024
213  0.0039
214  0.0035
215  0.0042
216  0.0042
217  0.0034
218  0.002
219  0.0041
220  0.0038
221  0.0037
222  0.0036
223  0.0026
224  0.0036
225  0.003
226  0.003
227  0.0036
228  0.0038
229  0.0033
230  0.0021
231  0.0029
232  0.0041
233  0.003
234  0.0033
235  0.0032
236  0.0033
237  0.0028
238  0.0036
239  0.0021
240  0.0028
241  0.003
242  0.0033
243  0.0029
244  0.0039
245  0.003
246  0.0038
247  0.0033
248  0.003
249  0.0025
250  0.004
251  0.0037
252  0.0031
253  0.0025
254  0.0034
255  0.0024
256  0.0034
257  0.0038
258  0.0034
259  0.002
260  0.0033
261  0.0026
262  0.0038
263  0.0032
264  0.0019
265  0.0025
266  0.0034
267  0.0033
268  0.0032
269  0.0027
270  0.0021
271  0.0035
272  0.0025
273  0.0019
274  0.003
275  0.0022
276  0.0031
277  0.002
278  0.0031
279  0.0024
280  0.0024
281  0.0026
282  0.0028
283  0.0048
284  0.0026
285  0.0029
286  0.0029
287  0.0026
288  0.0038
289  0.0036
290  0.0022
291  0.0022
292  0.0024
293  0.0028
294  0.0028
295  0.002
296  0.0027
297  0.003
298  0.0026
299  0.0039
300  0.0038
301  0.0026
302  0.0025
303  0.0026
304  0.0038
305  0.0033
306  0.0031
307  0.002
308  0.0024
309  0.0033
310  0.0037
311  0.0041
312  0.0022
313  0.0024
314  0.0029
315  0.003
316  0.0018
317  0.0025
318  0.0032
319  0.0032
320  0.0036
321  0.0026
322  0.0021
323  0.004
324  0.004
325  0.0034
326  0.0034
327  0.0025
328  0.0028
329  0.0027
330  0.0026
331  0.0022
332  0.0031
333  0.0036
334  0.0021
335  0.0033
336  0.0033
337  0.0021
338  0.0023
339  0.0028
340  0.0026
341  0.0042
342  0.0034
343  0.0036
344  0.002
345  0.0031
346  0.0028
347  0.0029
348  0.0031
349  0.0025
350  0.003
351  0.003
352  0.0034
353  0.0031
354  0.0028
355  0.0027
356  0.0037
357  0.0028
358  0.0024
359  0.0038
360  0.0027
361  0.0021
362  0.004
363  0.0023
364  0.0022
365  0.0033
366  0.0024
367  0.0033
368  0.0024
369  0.0028
370  0.003
371  0.0031
372  0.0028
373  0.0026
374  0.0022
375  0.0027
376  0.0029
377  0.0027
378  0.0029
379  0.0036
380  0.0024
381  0.0026
382  0.0029
383  0.0025
384  0.0032
385  0.003
386  0.0031
387  0.0041
388  0.0024
389  0.0032
390  0.0019
391  0.0028
392  0.0028
393  0.0029
394  0.0025
395  0.0026
396  0.002
397  0.0027
398  0.0022
399  0.0026
400  0.0027
401  0.0031
402  0.0017
403  0.0031
404  0.0026
405  0.0026
406  0.0026
407  0.002
408  0.0033
409  0.0022
410  0.0033
411  0.0023
412  0.0027
413  0.0026
414  0.0024
415  0.0028
416  0.0019
417  0.0033
418  0.0033
419  0.003
420  0.0022
421  0.0027
422  0.0035
423  0.0026
424  0.0024
425  0.0037
426  0.002
427  0.002
428  0.0023
429  0.0034
430  0.0023
431  0.0028
432  0.0031
433  0.0019
434  0.0022
435  0.0026
436  0.0018
437  0.0024
438  0.0024
439  0.0028
440  0.0025
441  0.002
442  0.0024
443  0.0039
444  0.0026
445  0.0024
446  0.002
447  0.0026
448  0.0017
449  0.002
450  0.002
451  0.0013
452  0.0028
453  0.0016
454  0.0023
455  0.0016
456  0.0018
457  0.0015
458  0.0017
459  0.0023
460  0.0023
461  0.0022
462  0.0016
463  0.0018
464  0.0016
465  0.0012
466  0.0019
467  0.0012
468  0.0015
469  0.0028
470  0.0015
471  0.0011
472  0.0011
473  0.0014
474  0.001
475  0.0012
476  0.0014
477  0.0012
478  0.0013
479  0.0018
480  0.0018
481  0.0016
482  0.0009
483  0.0015
484  0.0015
485  0.0012
486  0.0008
487  0.0007
488  0.0013
489  0.0012
490  0.0009
491  0.001
492  0.0013
493  0.001
494  0.0012
495  0.0005
496  0.0008
497  0.0004
498  0.0006
499  0.0007
500  0.0008
501  0.0007
502  0.0005
503  0.0005
504  0.0006
505  0.0009
506  0.0006
507  0.0005
508  0.0008
509  0.0008
510  0.0009
511  0.0005
512  0.0003
513  0.0005
514  0.0004
515  0.0002
516  0.0003
517  0.0005
518  0.0003
519  0.0001
520  0.0003
521  0.0005
522  0.0003
523  0.0002
524  0.0006
525  0.0002
526  0.0003
527  0.0001
528  0.0001
529  0.0001
531  0.0001
532  0.0002
533  0.0002
534  0.0002
535  0.0001
536  0.0002
540  0.0001
545  0.0001
547  0.0002
549  0.0001
557  0.0001
558  0.0001
569  0.0001
