1  8.3024
2  1.5065
3  0.7328
4  0.447
5  0.3036
6  0.2173
7  0.1543
8  0.1215
9  0.088
10  0.0763
11  0.066
12  0.054
13  0.0427
14  0.0385
15  0.0309
16  0.0308
17  0.0264
18  0.0197
19  0.0213
20  0.0174
21  0.0166
22  0.016
23  0.0136
24  0.0124
25  0.011
26  0.011
27  0.01
28  0.0074
29  0.0094
30  0.0077
31  0.0066
32  0.0055
33  0.0069
34  0.0067
35  0.005
36  0.006
37  0.004
38  0.0059
39  0.0036
40  0.0049
41  0.0036
42  0.0039
43  0.0027
44  0.0032
45  0.0019
46  0.0028
47  0.0031
48  0.0033
49  0.003
50  0.0015
51  0.002
52  0.0025
53  0.0025
54  0.0029
55  0.0021
56  0.0017
57  0.0018
58  0.0023
59  0.0017
60  0.0012
61  0.0008
62  0.0014
63  0.0013
64  0.0012
65  0.0008
66  0.0008
67  0.0011
68  0.0013
69  0.0011
70  0.0009
71  0.0013
72  0.0007
73  0.0011
74  0.0007
75  0.0009
76  0.0007
77  0.0013
78  0.0008
79  0.0009
80  0.0009
81  0.0007
82  0.0007
83  0.0011
84  0.0011
85  0.0005
86  0.0007
87  0.0007
88  0.0002
89  0.0002
90  0.0002
91  0.0004
92  0.0006
93  0.0004
94  0.0005
95  0.0007
96  0.0002
97  0.0008
98  0.0004
99  0.0004
100  0.0007
101  0.0008
102  0.0003
103  0.0004
104  0.0002
105  0.0002
106  0.0001
107  0.0006
108  0.0004
109  0.0004
110  0.0004
111  0.0004
112  0.0005
113  0.0003
114  0.0003
115  0.0001
116  0.0003
117  0.0007
118  0.0002
119  0.0004
120  0.0001
121  0.0004
122  0.0003
123  0.0001
124  0.0002
125  0.0004
126  0.0002
127  0.0005
128  0.0001
129  0.0003
130  0.0003
131  0.0002
132  0.0003
134  0.0004
135  0.0004
136  0.0003
137  0.0004
138  0.0001
139  0.0002
140  0.0002
141  0.0002
142  0.0003
143  0.0001
144  0.0003
145  0.0002
146  0.0001
147  0.0001
148  0.0004
150  0.0003
151  0.0002
153  0.0002
154  0.0002
156  0.0002
157  0.0001
158  0.0002
159  0.0002
160  0.0001
162  0.0003
163  0.0003
164  0.0002
165  0.0001
168  0.0001
169  0.0001
171  0.0001
172  0.0001
173  0.0001
174  0.0001
178  0.0002
179  0.0001
180  0.0001
181  0.0002
182  0.0001
183  0.0002
184  0.0001
185  0.0002
186  0.0003
188  0.0003
189  0.0001
191  0.0003
192  0.0001
195  0.0001
196  0.0002
197  0.0001
198  0.0001
201  0.0001
203  0.0001
206  0.0001
208  0.0002
211  0.0001
213  0.0002
215  0.0002
218  0.0002
219  0.0001
220  0.0002
221  0.0001
223  0.0002
225  0.0001
226  0.0001
227  0.0001
228  0.0001
229  0.0002
230  0.0002
233  0.0002
236  0.0001
237  0.0002
238  0.0001
241  0.0001
242  0.0002
245  0.0001
248  0.0001
250  0.0001
252  0.0001
254  0.0001
255  0.0001
260  0.0001
263  0.0002
265  0.0001
266  0.0001
271  0.0001
272  0.0001
274  0.0001
275  0.0001
276  0.0002
277  0.0001
278  0.0001
280  0.0001
281  0.0001
282  0.0001
283  0.0001
285  0.0001
286  0.0001
287  0.0001
288  0.0001
289  0.0002
291  0.0001
294  0.0001
295  0.0001
297  0.0001
300  0.0001
301  0.0002
302  0.0001
303  0.0002
305  0.0002
306  0.0002
307  0.0001
308  0.0002
309  0.0001
310  0.0001
311  0.0003
312  0.0001
316  0.0001
318  0.0001
321  0.0001
322  0.0001
324  0.0001
328  0.0001
329  0.0001
330  0.0001
331  0.0002
336  0.0001
337  0.0001
338  0.0001
340  0.0002
345  0.0001
346  0.0001
347  0.0001
348  0.0002
349  0.0002
351  0.0002
353  0.0001
359  0.0001
360  0.0002
361  0.0001
364  0.0002
367  0.0001
368  0.0003
369  0.0001
371  0.0002
372  0.0002
373  0.0001
374  0.0001
375  0.0001
376  0.0001
380  0.0001
381  0.0002
382  0.0002
383  0.0002
385  0.0001
386  0.0001
388  0.0001
391  0.0002
392  0.0001
394  0.0001
395  0.0002
396  0.0002
397  0.0001
398  0.0001
399  0.0003
400  0.0001
402  0.0002
403  0.0001
404  0.0001
405  0.0001
406  0.0001
407  0.0001
408  0.0003
410  0.0002
411  0.0002
412  0.0003
413  0.0002
414  0.0002
415  0.0002
416  0.0002
417  0.0001
418  0.0001
420  0.0003
421  0.0001
422  0.0003
423  0.0001
424  0.0001
425  0.0001
426  0.0002
427  0.0003
428  0.0002
429  0.0002
430  0.0001
431  0.0003
432  0.0001
433  0.0004
434  0.0002
435  0.0003
436  0.0003
437  0.0001
438  0.0002
439  0.0006
440  0.0002
441  0.0001
442  0.0002
443  0.0004
444  0.0005
445  0.0004
446  0.0003
447  0.0005
448  0.0005
449  0.0003
450  0.0001
451  0.0005
452  0.0005
453  0.0004
454  0.0003
455  0.0005
456  0.0003
457  0.0001
458  0.0005
459  0.0006
460  0.0003
461  0.0001
462  0.0003
463  0.0002
464  0.0003
465  0.0004
466  0.0004
467  0.0004
468  0.0001
469  0.0002
470  0.0005
471  0.0001
472  0.0004
473  0.0001
474  0.0004
475  0.0003
476  0.0004
477  0.0008
478  0.0002
479  0.0003
480  0.0005
481  0.0005
482  0.0004
483  0.0002
484  0.0004
485  0.0005
486  0.0002
487  0.0008
488  0.0009
489  0.0008
490  0.0003
491  0.0004
492  0.0006
493  0.0006
494  0.0007
495  0.0002
496  0.0006
497  0.0005
498  0.0008
499  0.0006
500  0.001
501  0.0003
502  0.001
503  0.0011
504  0.0004
505  0.0007
506  0.0012
507  0.0016
508  0.0007
509  0.0012
510  0.0005
511  0.0007
512  0.0007
513  0.0012
514  0.001
515  0.0009
516  0.0014
517  0.0011
518  0.0006
519  0.0015
520  0.0013
521  0.0014
522  0.0005
523  0.0012
524  0.002
525  0.0013
526  0.0016
527  0.0014
528  0.0007
529  0.0012
530  0.0017
531  0.0019
532  0.0019
533  0.0021
534  0.003
535  0.0017
536  0.0028
537  0.0022
538  0.0024
539  0.0014
540  0.0029
541  0.0022
542  0.003
543  0.0027
544  0.0025
545  0.0036
546  0.0035
547  0.0036
548  0.0033
549  0.0026
550  0.0024
551  0.0027
552  0.0039
553  0.0028
554  0.0044
555  0.0031
556  0.0046
557  0.0042
558  0.0042
559  0.0051
560  0.0043
561  0.0053
562  0.0058
563  0.0051
564  0.0045
565  0.0038
566  0.0052
567  0.0059
568  0.0047
569  0.0061
570  0.0057
571  0.0071
572  0.0071
573  0.006
574  0.0069
575  0.0068
576  0.0092
577  0.0072
578  0.0073
579  0.0078
580  0.0083
581  0.0088
582  0.01
583  0.0089
584  0.011
585  0.0104
586  0.0109
587  0.0091
588  0.0112
589  0.0109
590  0.0115
591  0.0119
592  0.0122
593  0.0118
594  0.0146
595  0.0123
596  0.0124
597  0.0142
598  0.0145
599  0.0107
600  0.0132
601  0.0145
602  0.0109
603  0.0145
604  0.0158
605  0.014
606  0.0141
607  0.0144
608  0.0151
609  0.0145
610  0.0131
611  0.0146
612  0.0144
613  0.0118
614  0.0147
615  0.0136
616  0.0134
617  0.0142
618  0.0113
619  0.0148
620  0.0106
621  0.0136
622  0.0105
623  0.0119
624  0.0093
625  0.0087
626  0.0105
627  0.0125
628  0.01
629  0.0096
630  0.0084
631  0.0097
632  0.0076
633  0.0078
634  0.0064
635  0.007
636  0.0062
637  0.0064
638  0.0046
639  0.0049
640  0.0044
641  0.0034
642  0.0035
643  0.0038
644  0.003
645  0.0023
646  0.0026
647  0.0021
648  0.0028
649  0.0014
650  0.0016
651  0.0019
652  0.0011
653  0.0012
654  0.0005
655  0.0004
656  0.0005
657  0.0003
658  0.0002
660  0.0005
661  0.0003
662  0.0003
663  0.0002
664  0.0001
665  0.0002
667  0.0002
673  0.0001
