1  2.8095
2  0.3743
3  0.1411
4  0.0779
5  0.0563
6  0.0345
7  0.0228
8  0.0158
9  0.0099
10  0.008
11  0.0081
12  0.0054
13  0.004
14  0.0033
15  0.0015
16  0.0028
17  0.0023
18  0.0017
19  0.0014
20  0.002
21  0.0013
22  0.0005
23  0.0011
24  0.0009
25  0.0006
26  0.0003
27  0.0006
28  0.0004
29  0.0005
30  0.0004
31  0.0003
32  0.0004
33  0.0001
34  0.0003
35  0.0003
36  0.0001
37  0.0003
38  0.0003
39  0.0001
40  0.0001
41  0.0001
42  0.0002
43  0.0001
44  0.0001
45  0.0001
46  0.0002
47  0.0001
48  0.0003
50  0.0001
55  0.0001
58  0.0001
59  0.0001
62  0.0001
63  0.0001
66  0.0001
67  0.0001
69  0.0001
79  0.0002
133  0.0001
573  0.0001
582  0.0001
611  0.0001
614  0.0002
626  0.0001
627  0.0001
628  0.0001
629  0.0001
637  0.0001
640  0.0001
641  0.0001
642  0.0001
643  0.0001
646  0.0001
647  0.0001
649  0.0001
650  0.0001
651  0.0001
652  0.0001
653  0.0002
654  0.0001
655  0.0002
656  0.0001
657  0.0001
659  0.0002
660  0.0001
661  0.0001
662  0.0003
663  0.0001
664  0.0003
665  0.0001
666  0.0005
667  0.0006
668  0.0003
669  0.0005
670  0.001
671  0.0007
672  0.0013
673  0.0004
674  0.0013
675  0.0005
676  0.0012
677  0.0016
678  0.0023
679  0.001
680  0.0019
681  0.0018
682  0.0028
683  0.0027
684  0.0027
685  0.0041
686  0.004
687  0.0047
688  0.0062
689  0.0066
690  0.0061
691  0.0071
692  0.0078
693  0.0095
694  0.0094
695  0.0111
696  0.011
697  0.0124
698  0.0143
699  0.0133
700  0.0149
701  0.0184
702  0.0183
703  0.018
704  0.0167
705  0.0201
706  0.0203
707  0.0229
708  0.0246
709  0.0239
710  0.0268
711  0.0292
712  0.0251
713  0.0301
714  0.0308
715  0.0287
716  0.0269
717  0.0297
718  0.0277
719  0.0286
720  0.0264
721  0.0266
722  0.0239
723  0.0264
724  0.0267
725  0.0202
726  0.021
727  0.0202
728  0.0188
729  0.0163
730  0.0167
731  0.0133
732  0.0126
733  0.0137
734  0.0109
735  0.0084
736  0.0086
737  0.0075
738  0.0061
739  0.0058
740  0.0046
741  0.0054
742  0.0038
743  0.0036
744  0.003
745  0.0014
746  0.0025
747  0.001
748  0.0011
749  0.0012
750  0.0006
751  0.0006
752  0.0007
753  0.0006
754  0.0003
755  0.0002
756  0.0004
757  0.0002
759  0.0001
763  0.0001
765  0.0001
767  0.0001
