1  33.8562
2  9.1144
3  5.6279
4  3.8551
5  2.773
6  2.1274
7  1.6848
8  1.3668
9  1.1237
10  0.9641
11  0.8228
12  0.7079
13  0.6227
14  0.5551
15  0.4942
16  0.4506
17  0.4002
18  0.3595
19  0.3269
20  0.3112
21  0.2737
22  0.2507
23  0.2262
24  0.2216
25  0.2046
26  0.1841
27  0.1741
28  0.1645
29  0.1588
30  0.1407
31  0.133
32  0.1246
33  0.1213
34  0.1098
35  0.1077
36  0.1006
37  0.0885
38  0.0883
39  0.0813
40  0.0734
41  0.079
42  0.0752
43  0.0692
44  0.066
45  0.0644
46  0.0587
47  0.0584
48  0.0525
49  0.0541
50  0.0508
51  0.0488
52  0.0481
53  0.0402
54  0.0415
55  0.0421
56  0.0368
57  0.035
58  0.0356
59  0.0322
60  0.0339
61  0.0327
62  0.0321
63  0.0261
64  0.0302
65  0.0278
66  0.0232
67  0.0261
68  0.0235
69  0.0187
70  0.0225
71  0.0216
72  0.018
73  0.0203
74  0.0205
75  0.0185
76  0.0173
77  0.0181
78  0.0157
79  0.0145
80  0.0151
81  0.0133
82  0.0195
83  0.0151
84  0.015
85  0.0122
86  0.0128
87  0.012
88  0.0114
89  0.0113
90  0.0096
91  0.0102
92  0.0105
93  0.0088
94  0.0107
95  0.0078
96  0.0088
97  0.0082
98  0.0071
99  0.0091
100  0.0062
101  0.0091
102  0.0069
103  0.0093
104  0.0067
105  0.0077
106  0.0074
107  0.0057
108  0.0059
109  0.0063
110  0.0065
111  0.005
112  0.0057
113  0.0041
114  0.0055
115  0.0049
116  0.0056
117  0.0045
118  0.0052
119  0.0036
120  0.0057
121  0.005
122  0.0037
123  0.0041
124  0.0043
125  0.0044
126  0.0038
127  0.0039
128  0.003
129  0.0035
130  0.0035
131  0.0036
132  0.0026
133  0.0028
134  0.0029
135  0.0034
136  0.0031
137  0.0026
138  0.0026
139  0.0024
140  0.0022
141  0.0022
142  0.0025
143  0.0026
144  0.0037
145  0.0028
146  0.0016
147  0.002
148  0.0016
149  0.0019
150  0.0021
151  0.0015
152  0.0021
153  0.0012
154  0.0028
155  0.0018
156  0.0015
157  0.002
158  0.0015
159  0.0012
160  0.0013
161  0.0011
162  0.001
163  0.0014
164  0.0007
165  0.0008
166  0.0009
167  0.0008
168  0.0011
169  0.0006
170  0.0012
171  0.0011
172  0.0008
173  0.0008
174  0.001
175  0.0014
176  0.001
177  0.0014
178  0.0007
179  0.0005
180  0.0007
181  0.001
182  0.0004
183  0.0007
184  0.001
185  0.0007
186  0.0005
187  0.0004
188  0.0008
189  0.0005
190  0.0011
191  0.0007
192  0.0006
193  0.0004
194  0.0004
195  0.0009
196  0.0005
197  0.0003
198  0.0005
199  0.0004
200  0.0005
201  0.0007
202  0.0003
203  0.0007
204  0.0004
205  0.0003
206  0.0001
207  0.0006
208  0.0003
209  0.0003
210  0.0002
212  0.0003
213  0.0006
214  0.0004
215  0.0002
216  0.0005
217  0.0004
219  0.0003
220  0.0001
221  0.0003
222  0.0001
223  0.0001
224  0.0005
225  0.0001
226  0.0004
227  0.0003
228  0.0001
229  0.0002
230  0.0001
231  0.0002
232  0.0002
233  0.0002
234  0.0004
236  0.0003
237  0.0001
238  0.0004
240  0.0001
241  0.0001
242  0.0001
244  0.0001
245  0.0001
247  0.0001
248  0.0001
249  0.0001
250  0.0002
251  0.0002
253  0.0002
254  0.0002
256  0.0001
260  0.0001
261  0.0002
262  0.0001
268  0.0001
270  0.0001
273  0.0001
274  0.0001
275  0.0001
276  0.0001
277  0.0001
278  0.0001
282  0.0001
284  0.0001
285  0.0002
290  0.0001
294  0.0001
313  0.0001
315  0.0001
