2  0  0  3  0  0  4  4  4  0  5  0  6  0  0  7  7  7  7  7  0  0  8  0  9  0  0  9  9  9  
0  0  0  0  0  4  4  4  0  0  0  0  12  0  0  0  0  0  0  0  0  13  13  0  0  9  0  0  9  0  
0  14  14  0  0  4  4  4  4  4  4  0  0  0  0  0  0  15  15  15  0  13  0  0  0  9  9  9  9  9  
0  0  0  0  16  0  0  0  0  0  4  4  4  4  4  0  0  15  15  15  15  0  13  13  0  0  0  0  9  0  
0  18  18  0  0  0  19  19  0  0  4  0  0  0  4  4  4  0  15  15  15  0  0  0  0  0  0  0  9  0  
0  20  0  0  21  0  0  19  0  0  0  4  0  0  22  0  4  0  15  15  0  0  0  0  0  0  24  24  0  0  
0  20  0  25  0  26  0  19  19  0  27  0  28  0  0  29  0  0  0  15  15  0  0  0  0  0  0  0  30  30  
0  0  0  0  0  0  26  26  0  19  0  0  0  0  0  29  29  0  15  15  15  0  33  0  33  0  0  0  35  0  
0  36  0  0  37  37  0  26  0  0  0  0  0  0  0  0  0  0  0  0  0  0  33  33  33  33  0  0  35  0  
0  38  0  39  0  0  0  0  0  0  0  40  0  41  41  41  0  42  42  0  42  42  0  0  33  33  33  0  0  0  
0  38  0  39  0  0  44  44  0  0  0  0  0  0  41  41  0  0  42  42  42  42  0  45  0  0  0  0  46  0  
38  38  38  0  0  0  48  0  0  49  49  0  50  0  0  0  41  0  51  0  42  42  42  42  0  0  52  52  0  46  
0  0  38  38  38  38  0  0  0  0  0  0  50  0  0  0  0  0  0  0  0  0  0  0  0  53  0  0  0  46  
0  54  0  0  38  0  0  0  55  0  0  0  50  50  0  57  0  0  0  0  0  0  58  0  0  59  0  60  60  60  
54  54  0  38  38  0  0  0  0  0  50  50  50  50  0  57  0  0  64  0  0  65  0  0  0  0  66  0  0  0  
54  54  0  68  0  38  0  0  69  0  0  0  0  50  0  0  0  64  64  64  64  0  0  71  71  0  72  0  0  73  
0  0  0  68  0  38  0  0  0  0  0  0  0  0  74  74  0  64  0  0  0  75  0  0  0  72  72  0  77  0  
78  78  78  0  0  0  38  0  0  0  0  0  0  0  0  74  0  0  0  0  0  79  0  72  0  72  0  72  72  0  
78  78  0  82  0  0  0  0  0  83  83  83  0  0  84  0  0  0  85  85  0  0  0  72  72  72  72  72  72  0  
78  78  78  0  82  0  0  0  0  0  83  0  83  83  0  0  0  87  0  0  0  0  0  88  0  0  72  72  72  0  
78  0  0  89  0  90  90  90  0  91  0  0  0  83  0  0  92  0  0  0  0  0  88  88  0  94  0  0  72  0  
95  0  0  89  89  0  0  0  0  0  0  97  0  0  0  98  0  0  99  99  0  0  0  0  0  0  0  0  100  0  
95  0  0  89  0  0  101  0  102  0  0  0  103  0  0  0  104  0  0  0  0  105  0  106  0  107  0  100  100  0  
0  95  95  95  0  109  109  0  0  102  0  110  110  0  111  111  0  0  0  112  0  105  105  105  0  107  107  0  0  0  
0  95  0  0  0  109  109  109  109  0  111  0  0  111  111  0  117  0  0  0  105  105  0  105  0  0  0  119  119  119  
120  0  95  0  0  0  109  109  109  0  0  111  111  111  111  0  117  117  117  117  0  0  0  122  0  0  0  0  119  119  
120  0  0  123  0  124  0  109  109  109  109  0  111  0  0  0  117  0  0  117  117  0  0  122  122  0  0  125  0  0  
0  0  0  0  123  123  0  126  0  0  109  109  0  0  0  117  117  0  0  117  117  0  117  0  0  0  130  0  125  0  
0  0  131  0  123  123  123  0  0  0  0  0  0  132  132  0  117  117  117  117  0  0  117  117  117  0  0  133  0  0  
0  134  0  0  0  0  0  0  0  135  0  0  0  0  0  0  136  0  0  117  117  117  117  117  0  0  137  0  133  0  
