2  0  3  3  3  0  0  2  0  2  2  2  2  2  2  2  2  2  0  2  2  2  2  2  2  0  2  2  2  0  
0  2  2  0  0  0  2  2  2  2  2  0  0  2  2  2  0  2  2  2  2  2  0  2  0  2  2  2  2  2  
2  2  2  2  2  2  0  2  2  2  2  2  2  2  2  2  2  2  0  2  2  0  2  2  2  2  2  2  2  0  
0  2  2  2  2  2  2  0  0  2  2  2  2  2  2  2  2  2  2  0  2  0  2  2  2  0  2  2  2  2  
2  2  2  2  2  2  2  0  2  2  2  2  0  2  2  2  2  0  2  0  2  2  2  2  0  2  2  2  2  2  
2  2  2  2  2  2  2  2  2  2  2  0  2  2  0  0  2  2  2  2  0  0  0  2  2  2  2  2  0  2  
2  2  2  2  2  2  2  0  2  2  2  2  0  2  0  0  2  2  0  2  2  2  2  2  2  2  2  2  2  2  
2  2  2  2  2  2  2  2  2  2  2  2  2  2  2  2  2  0  2  2  0  2  2  2  2  2  2  2  2  0  
2  0  0  2  2  2  2  2  0  2  2  2  2  2  2  2  2  2  2  2  2  0  2  2  2  2  2  2  2  2  
2  2  2  0  2  2  2  2  0  0  0  2  2  2  2  2  2  2  2  2  2  2  0  2  2  2  2  2  2  2  
2  2  0  2  2  2  0  0  2  2  2  2  2  2  0  2  2  2  2  0  0  2  0  2  0  2  2  2  2  2  
2  2  2  0  2  0  0  2  2  0  0  2  2  0  2  2  2  0  2  2  2  0  2  2  2  2  0  2  2  0  
2  2  2  2  0  2  2  2  2  2  2  2  2  2  2  0  2  2  2  0  2  2  0  2  2  2  0  2  0  23  
24  0  2  0  2  2  2  2  2  0  2  0  2  2  2  2  2  2  0  2  2  2  2  2  2  2  2  2  2  2  
0  2  2  2  2  2  0  0  2  2  0  2  2  2  2  0  2  2  0  2  2  0  2  2  0  2  2  2  2  2  
2  0  2  2  2  2  2  2  2  2  2  0  2  0  2  0  2  0  2  2  0  0  2  0  2  2  0  0  0  2  
2  2  0  2  2  2  2  2  0  0  2  0  2  2  2  2  2  2  0  2  2  2  2  2  0  2  2  2  2  2  
2  2  2  2  2  2  2  2  2  2  2  2  0  2  2  2  0  2  0  2  0  2  2  2  2  2  2  2  2  0  
2  0  2  2  2  0  2  2  2  2  2  2  0  2  2  2  2  2  2  2  2  2  2  2  2  2  2  2  2  0  
32  0  2  2  2  2  0  2  2  0  2  2  0  2  2  2  2  2  2  2  2  2  0  2  2  0  2  2  0  0  
32  32  0  2  2  2  2  2  2  2  2  2  2  2  2  0  2  2  2  2  2  2  2  2  2  2  2  2  2  2  
2  0  0  2  2  2  2  2  2  2  2  2  2  2  2  0  2  2  2  0  2  2  2  2  2  0  2  2  2  2  
2  2  2  2  2  2  2  2  2  2  2  2  0  0  2  2  2  2  0  2  2  0  2  0  2  2  2  2  2  2  
2  2  2  2  2  2  2  2  2  2  2  2  2  0  0  2  0  2  2  2  2  2  0  0  2  0  2  0  2  0  
2  2  2  2  0  0  0  2  2  2  2  2  2  2  2  0  2  2  2  2  0  2  0  2  2  2  2  2  2  0  
2  2  2  2  0  2  0  2  2  2  2  2  2  2  0  2  2  2  0  2  2  2  2  2  2  2  2  2  0  2  
2  2  2  0  2  2  2  2  2  2  2  2  0  2  0  2  2  0  2  2  2  2  2  0  2  0  2  0  2  2  
49  0  2  2  2  2  0  2  2  2  2  2  2  2  2  2  2  2  2  2  2  2  2  2  2  2  2  2  2  2  
0  50  0  2  2  2  2  2  0  2  2  2  2  2  2  2  0  2  0  2  2  2  2  2  2  2  2  2  0  2  
51  51  0  2  2  2  2  2  2  2  0  2  2  2  2  0  0  2  2  0  2  2  0  2  0  2  2  2  2  2  
