0  2  0  3  0  4  4  0  3  0  3  3  0  3  3  0  3  3  3  3  0  3  3  3  3  3  0  0  10  10  
11  11  0  0  3  0  0  0  3  3  3  3  0  0  0  3  3  0  3  0  3  0  3  0  3  3  3  3  3  0  
0  11  0  0  3  0  0  3  3  3  3  3  3  3  3  3  0  0  3  0  3  3  0  0  0  3  3  3  3  3  
0  0  11  0  0  3  0  0  3  0  0  0  3  3  3  0  0  14  0  0  3  3  0  0  3  3  3  0  0  0  
17  0  11  0  0  3  3  3  3  0  3  0  3  3  3  0  19  0  0  3  3  3  0  3  0  3  3  0  0  22  
0  17  0  0  3  3  3  0  3  0  3  3  0  0  3  0  25  0  3  3  3  3  3  3  3  0  3  3  3  3  
0  17  17  17  0  3  3  3  3  3  3  3  3  3  0  27  0  3  3  0  0  3  0  3  3  3  0  0  3  3  
3  0  0  0  17  17  0  3  3  0  3  0  0  0  3  0  0  30  0  3  3  0  0  3  3  0  3  3  3  3  
3  3  0  32  0  17  0  3  3  0  0  0  3  3  0  3  3  0  0  3  0  0  3  3  0  36  0  0  3  0  
3  0  3  0  0  3  0  3  3  0  3  3  3  0  3  0  0  3  0  3  3  0  42  0  0  0  0  0  3  3  
3  3  3  3  0  3  3  3  0  3  3  3  3  3  3  0  0  3  0  3  3  0  42  0  45  0  46  46  0  3  
0  3  3  0  3  3  3  3  3  0  0  0  3  0  0  3  0  3  3  3  3  3  3  0  0  0  46  46  0  49  
3  0  3  0  0  3  3  0  3  3  3  3  3  3  0  3  0  0  3  3  3  0  3  3  0  3  0  0  0  49  
0  3  3  3  3  3  3  3  3  3  0  3  0  0  0  3  3  0  3  3  3  3  0  0  3  0  3  3  3  3  
0  3  3  0  0  0  3  3  0  0  54  0  0  3  0  0  3  3  3  3  3  3  0  0  3  3  3  3  0  3  
56  56  0  0  0  0  3  3  3  3  3  0  0  3  3  3  3  3  0  3  3  0  3  3  3  0  0  0  3  3  
0  56  56  0  3  3  3  3  3  3  3  0  0  3  3  3  0  0  0  0  3  3  0  3  3  0  3  3  3  3  
56  56  56  0  3  3  3  3  0  3  0  3  3  3  0  3  3  0  63  63  63  0  0  3  3  3  0  0  3  3  
56  56  56  0  0  0  3  3  3  3  3  0  3  3  0  3  0  65  0  63  0  0  3  3  0  3  0  3  0  3  
56  56  0  56  0  69  0  3  0  3  3  3  0  3  0  3  3  3  0  63  63  0  63  0  0  0  3  3  3  0  
56  0  73  0  74  0  3  3  3  0  3  3  0  3  0  3  3  0  0  63  63  63  63  0  76  0  3  3  3  0  
0  0  0  73  0  74  0  0  3  0  0  0  3  0  0  3  3  3  0  63  63  63  63  0  76  76  0  0  0  3  
0  80  0  0  0  74  0  3  3  3  0  3  3  0  3  3  0  3  0  0  63  63  63  0  0  0  63  63  0  3  
85  0  80  0  0  0  74  0  3  3  3  0  3  3  0  3  3  0  3  0  0  63  63  63  0  0  0  63  63  0  
85  0  0  0  86  86  0  3  3  0  3  3  3  0  88  0  3  3  3  0  0  63  63  63  63  63  63  63  63  63  
89  0  0  86  86  86  86  0  0  3  3  0  3  0  3  0  0  0  3  0  92  0  63  63  63  0  0  63  0  63  
89  0  89  0  86  0  86  0  0  3  0  3  3  3  3  3  3  3  3  3  0  0  63  63  63  0  0  63  0  0  
0  89  89  89  0  0  89  0  0  0  3  3  0  3  0  3  0  3  3  0  3  0  0  0  63  63  63  0  63  63  
89  89  0  0  89  89  89  0  3  3  3  3  0  3  0  0  3  3  3  3  3  0  0  63  63  63  63  0  63  63  
0  0  89  89  89  89  0  89  0  3  3  3  0  3  3  3  0  3  0  3  3  0  102  0  0  63  63  63  0  0  
