2  0  0  3  0  0  0  0  4  0  0  0  0  0  0  0  0  0  5  0  0  6  0  0  0  7  0  8  0  9  
0  2  0  0  0  10  0  11  0  4  4  4  4  0  4  0  0  4  4  0  14  0  6  6  0  0  0  0  0  15  
0  2  0  0  0  10  0  0  0  0  0  0  4  4  4  4  4  4  0  0  0  0  0  0  0  0  0  16  0  0  
0  0  0  0  0  0  0  0  0  17  0  0  0  0  4  0  0  0  0  18  0  0  0  0  0  0  0  19  0  0  
0  0  20  0  21  0  22  0  0  0  0  0  23  0  4  0  0  0  24  0  0  25  0  0  0  26  0  0  27  0  
0  0  0  0  0  0  0  0  0  0  0  28  28  0  0  0  0  29  0  0  25  25  25  0  0  0  0  0  0  27  
0  0  31  0  32  0  33  0  0  0  0  0  0  0  0  34  0  29  29  29  0  0  0  0  0  0  0  35  0  27  
0  0  0  0  36  0  0  0  0  0  0  0  0  0  0  0  0  29  29  29  0  0  0  38  0  0  0  0  0  0  
39  0  0  0  36  36  0  0  36  36  36  36  0  41  0  0  0  0  29  0  0  0  0  0  0  0  0  42  42  0  
43  0  0  0  36  36  36  36  36  36  0  36  36  0  0  0  0  0  0  0  0  0  0  0  45  0  0  46  0  42  
0  47  0  0  0  0  0  0  0  0  0  0  36  0  0  48  0  49  0  0  0  0  50  0  0  51  0  0  0  42  
0  52  0  0  0  53  0  0  0  0  0  0  0  0  54  0  0  49  49  0  0  0  56  0  0  0  0  0  57  57  
52  52  52  52  0  0  0  59  0  0  0  0  0  0  0  0  60  0  49  0  0  0  0  0  0  0  0  0  57  0  
61  0  0  52  0  0  62  0  0  63  0  64  0  0  0  0  0  60  0  49  49  0  65  0  0  66  66  66  0  0  
0  0  0  0  0  67  0  68  68  0  0  0  0  69  69  0  0  0  70  0  0  0  0  0  66  66  0  0  0  0  
72  0  72  0  72  72  0  0  0  0  0  0  75  0  69  69  69  0  0  70  0  0  0  76  76  0  0  77  0  78  
72  72  72  0  72  0  0  79  0  0  0  75  75  75  0  0  0  81  81  0  0  0  82  0  0  83  83  0  0  0  
0  0  0  72  72  72  72  0  0  0  0  0  0  75  75  0  0  0  0  0  0  0  82  82  0  0  0  83  0  85  
0  0  0  0  0  72  72  0  86  0  87  0  0  0  0  88  0  0  0  0  89  89  0  82  82  82  0  0  85  85  
0  0  0  91  0  92  0  0  0  86  0  87  87  87  0  0  0  93  0  0  0  0  0  0  0  0  0  85  85  85  
0  95  0  91  91  0  0  0  86  86  0  87  0  0  0  0  0  93  0  97  0  0  98  98  0  99  0  0  0  0  
0  100  0  0  0  0  101  0  0  86  0  0  0  0  102  0  103  0  93  0  0  0  104  0  0  0  0  0  0  0  
105  0  0  0  0  0  0  0  106  0  0  0  0  0  102  0  103  0  93  93  0  0  0  107  0  0  0  0  0  108  
109  0  0  0  0  110  110  0  0  0  111  0  0  0  0  0  112  0  113  0  93  93  93  0  107  0  0  0  0  0  
0  0  0  0  114  0  110  0  0  115  0  0  116  0  0  0  0  0  0  0  0  93  0  0  0  0  0  0  0  0  
0  0  0  117  0  114  0  0  0  0  115  0  0  0  0  118  0  119  0  0  0  0  0  120  0  0  0  0  121  0  
0  0  122  0  123  0  124  0  125  125  0  0  0  0  0  0  0  0  0  0  126  0  0  0  0  127  0  121  121  0  
0  0  0  0  129  0  0  124  124  0  125  125  0  0  130  130  0  0  0  0  0  0  0  0  0  131  0  0  0  0  
0  0  0  0  0  0  0  124  0  0  0  0  0  0  0  130  0  0  132  0  0  0  133  0  134  0  0  0  0  0  
0  135  135  0  0  0  0  0  0  0  136  136  0  0  137  0  0  0  0  0  0  0  0  0  0  0  0  138  0  0  
