0  0  0  0  0  2  0  0  0  0  0  3  3  3  3  0  0  0  0  0  0  4  0  4  0  4  0  0  0  0  
7  0  0  8  8  8  0  9  0  0  0  3  3  0  0  0  0  0  0  4  4  4  4  4  4  4  4  0  0  12  
7  7  0  0  8  0  0  0  13  13  0  3  3  3  0  0  0  0  0  0  0  4  0  0  4  4  0  0  14  0  
7  7  0  16  16  0  17  0  18  0  0  3  3  0  3  0  20  0  0  21  0  22  0  0  0  0  0  23  0  0  
7  7  0  16  16  0  0  24  0  25  0  3  3  0  3  0  0  0  0  21  0  22  0  0  22  0  27  0  28  0  
0  0  7  7  0  16  16  0  0  0  0  0  0  3  3  0  0  0  0  0  0  0  22  22  22  22  0  0  29  0  
0  0  0  0  30  0  16  16  0  31  31  0  32  0  0  0  0  0  0  0  0  0  22  22  0  0  0  0  29  29  
0  33  33  33  33  0  0  0  0  0  0  0  0  32  0  34  0  34  0  0  0  0  36  0  0  37  0  38  38  0  
33  33  0  33  0  0  34  34  34  34  34  34  0  0  34  34  34  34  0  42  0  0  36  36  36  0  38  38  0  44  
0  33  0  33  33  0  46  0  34  34  0  34  34  34  34  34  34  0  34  0  42  42  0  36  0  0  0  0  0  47  
33  33  0  33  33  0  46  0  34  34  34  34  34  0  0  34  0  34  34  0  0  42  42  0  0  0  0  0  0  47  
0  0  0  0  33  0  46  46  0  34  34  34  34  34  0  34  34  34  34  0  0  0  42  42  42  42  0  0  0  52  
0  0  53  53  0  0  0  0  0  0  0  34  0  34  0  0  0  0  0  0  0  42  42  42  42  42  42  0  0  52  
55  55  0  0  0  56  0  57  57  57  0  34  34  34  0  59  0  0  0  60  0  0  0  42  0  0  0  0  61  0  
55  0  0  0  0  0  0  57  0  0  34  34  0  34  34  0  0  0  0  0  0  34  34  0  0  0  61  61  61  61  
65  0  66  66  0  67  0  57  57  0  34  34  0  0  0  34  34  34  34  34  0  0  0  34  0  70  0  0  0  61  
0  0  66  0  0  0  0  57  0  71  0  0  34  34  34  34  34  0  0  0  34  34  0  34  0  70  70  70  70  0  
0  57  0  0  57  57  57  57  57  0  71  0  0  0  0  0  34  34  34  0  34  34  34  0  34  0  70  70  70  70  
0  57  57  57  57  57  57  0  0  0  0  77  0  0  78  78  0  34  34  34  34  0  34  34  34  0  70  0  70  70  
0  57  0  57  57  0  57  57  57  57  57  57  0  0  78  78  0  81  0  34  34  34  0  34  0  34  0  70  0  70  
57  57  0  57  57  57  0  57  57  0  0  0  83  0  0  0  81  81  81  0  34  34  34  0  0  0  0  0  70  70  
86  0  57  57  57  0  0  0  0  0  87  0  0  83  0  0  0  81  81  0  0  34  0  34  34  0  0  0  0  70  
86  0  0  0  0  88  0  88  88  0  0  90  90  0  34  0  81  81  81  81  0  34  0  0  34  34  34  0  0  70  
93  0  0  94  94  0  88  88  88  88  0  0  90  90  0  34  34  0  0  0  81  0  0  0  0  34  34  0  95  95  
93  0  96  0  0  0  0  88  0  88  0  97  0  0  0  34  34  34  34  34  0  34  34  34  34  34  34  34  0  95  
99  0  100  0  100  100  0  0  0  0  0  0  97  0  0  34  34  0  34  34  34  0  34  0  34  34  34  34  0  103  
99  0  100  100  100  0  0  0  104  0  0  0  0  0  34  34  0  106  0  34  34  34  0  0  34  0  0  0  0  0  
99  99  0  100  100  100  0  108  0  104  104  104  0  0  0  34  0  109  0  0  0  34  34  0  34  34  34  0  111  111  
99  0  0  100  100  0  0  0  104  104  104  104  104  0  0  0  0  109  0  34  34  34  34  34  0  34  0  0  111  0  
114  0  0  115  0  0  0  116  0  0  0  0  104  0  117  117  117  117  0  34  34  34  0  34  34  34  34  34  0  111  
