2  2  0  0  3  3  3  3  3  3  3  3  0  3  3  3  3  3  3  0  0  3  3  3  3  3  3  3  3  0  
3  0  0  0  3  3  3  3  3  3  3  0  3  0  3  3  3  3  0  3  3  0  3  0  3  3  0  3  3  3  
3  3  3  3  3  0  3  3  3  3  0  3  0  3  0  3  3  0  10  0  3  0  0  11  0  0  0  3  3  0  
0  0  3  3  0  3  0  3  3  0  3  3  3  3  3  0  3  3  0  0  0  3  0  3  0  3  3  3  3  3  
3  3  3  3  0  3  3  3  3  0  0  3  0  3  0  3  3  3  0  3  3  3  3  3  3  3  0  0  3  0  
3  3  3  3  0  3  3  0  3  0  3  3  3  3  3  0  0  3  3  3  3  3  3  3  3  3  3  0  0  3  
3  0  3  0  3  0  3  0  3  3  3  3  3  3  3  3  3  3  3  0  3  3  0  0  0  3  0  0  3  3  
3  3  3  0  0  3  0  0  3  0  0  3  3  0  0  3  0  0  0  3  3  0  0  0  0  3  3  3  0  3  
3  0  3  0  3  3  0  0  3  3  0  3  0  26  0  0  0  3  3  0  3  3  3  3  3  3  0  0  3  3  
0  3  3  0  0  3  3  3  3  3  0  0  0  3  0  3  3  3  3  3  3  3  3  0  0  3  3  3  3  3  
3  3  0  0  3  3  3  3  3  0  3  0  3  3  0  3  0  0  0  0  3  3  3  3  3  3  3  0  0  3  
0  3  3  0  0  0  0  0  0  3  3  3  3  3  0  35  0  3  3  3  3  3  3  3  3  3  0  0  3  0  
3  3  3  3  3  3  3  3  3  0  0  3  3  0  0  0  3  3  3  3  3  3  3  3  3  0  3  0  3  0  
41  0  3  3  3  3  3  3  0  0  3  3  3  3  3  3  3  3  3  0  3  3  3  3  3  3  0  3  3  3  
0  0  3  0  3  0  3  3  3  3  0  3  3  0  0  3  3  3  0  3  3  3  0  3  3  3  0  3  3  3  
3  3  3  3  0  3  3  3  3  3  3  3  3  3  3  3  0  3  0  3  3  0  3  0  0  3  3  0  0  3  
3  3  0  3  3  3  3  3  0  3  3  3  3  3  0  3  0  0  3  3  3  3  3  3  0  3  0  3  3  3  
3  3  3  3  0  3  0  3  0  3  3  3  3  0  3  3  3  3  3  0  3  3  0  0  3  3  3  3  3  3  
3  3  3  0  0  3  3  3  3  3  3  3  3  3  3  3  3  3  3  0  3  0  3  0  3  0  0  3  3  3  
0  0  3  3  3  3  3  3  3  0  0  3  3  3  3  3  3  3  3  3  3  0  3  3  0  0  3  3  3  3  
3  3  3  3  3  3  0  0  3  3  3  3  0  0  3  3  3  3  3  3  3  3  0  3  3  3  0  3  3  3  
54  0  3  0  3  3  3  3  3  3  3  3  3  0  3  3  0  0  3  3  3  3  0  0  0  0  3  0  0  3  
0  56  0  3  3  3  0  0  3  3  0  3  3  3  3  3  3  3  3  0  3  3  3  3  3  0  3  3  0  3  
56  56  56  56  0  0  3  0  3  3  3  3  3  0  0  3  3  3  0  0  60  0  3  3  0  0  3  3  3  0  
56  56  0  56  56  0  3  3  3  0  3  3  3  3  0  3  3  0  3  3  0  3  3  3  0  3  0  3  0  0  
56  56  0  56  56  56  0  3  3  3  3  3  3  3  3  3  0  3  3  3  3  3  0  0  3  3  3  3  3  0  
56  0  56  56  56  56  56  0  0  0  0  3  0  0  3  3  3  3  3  3  0  3  0  3  3  3  3  3  3  3  
69  0  0  56  56  0  0  56  0  70  0  71  0  3  3  3  3  3  0  3  3  3  3  3  3  3  3  3  3  3  
0  56  56  56  56  56  0  56  56  0  56  0  3  3  3  3  3  3  3  3  3  3  3  3  3  3  3  3  3  3  
56  56  56  0  56  56  56  0  0  56  56  56  0  0  3  3  0  3  0  3  3  3  3  0  3  0  3  0  3  0  
