1  2100.72
2  608.766
3  379.34
4  253.686
5  180.964
6  134.292
7  103.297
8  81.5301
9  65.7701
10  53.7342
11  44.6449
12  37.2666
13  31.4977
14  26.806
15  23.0052
16  19.8715
17  17.1105
18  14.9608
19  13.0325
20  11.4155
21  10.003
22  8.8798
23  7.8329
24  6.9638
25  6.1548
26  5.4775
27  4.8651
28  4.368
29  3.8837
30  3.5004
31  3.1159
32  2.8161
33  2.5201
34  2.2879
35  2.0384
36  1.8663
37  1.6697
38  1.5195
39  1.3781
40  1.2619
41  1.1224
42  1.0174
43  0.9375
44  0.841
45  0.7497
46  0.6774
47  0.6456
48  0.5836
49  0.5205
50  0.476
51  0.4375
52  0.3909
53  0.3563
54  0.3314
55  0.3053
56  0.2726
57  0.2511
58  0.2266
59  0.2275
60  0.2009
61  0.1718
62  0.1606
63  0.1526
64  0.1377
65  0.1292
66  0.1174
67  0.1098
68  0.0952
69  0.084
70  0.0796
71  0.0775
72  0.0709
73  0.0599
74  0.0622
75  0.0528
76  0.047
77  0.0428
78  0.0414
79  0.0368
80  0.0341
81  0.0289
82  0.0298
83  0.0282
84  0.0263
85  0.0228
86  0.0237
87  0.0192
88  0.0176
89  0.0158
90  0.0149
91  0.0122
92  0.0128
93  0.012
94  0.0096
95  0.012
96  0.0102
97  0.0076
98  0.007
99  0.0081
100  0.0072
101  0.0068
102  0.006
103  0.0045
104  0.0048
105  0.0049
106  0.0048
107  0.0045
108  0.0035
109  0.0031
110  0.0028
111  0.0024
112  0.0035
113  0.0024
114  0.0023
115  0.0019
116  0.0018
117  0.0015
118  0.0012
119  0.0017
120  0.0011
121  0.0018
122  0.0013
123  0.0012
124  0.0016
125  0.0014
126  0.0005
127  0.0006
128  0.0003
129  0.0006
130  0.0003
131  0.0006
132  0.0006
133  0.0005
134  0.0003
135  0.0006
136  0.0002
137  0.0004
138  0.0004
139  0.0002
140  0.0004
141  0.0006
142  0.0002
143  0.0001
144  0.0004
145  0.0003
146  0.0003
147  0.0002
148  0.0001
151  0.0002
152  0.0001
153  0.0004
155  0.0001
157  0.0001
158  0.0001
159  0.0002
160  0.0001
163  0.0001
165  0.0001
169  0.0001
170  0.0001
171  0.0001
179  0.0001
180  0.0001
189  0.0001
