1  55.4843
2  4.1939
3  1.6116
4  0.7152
5  0.3489
6  0.1796
7  0.1127
8  0.0707
9  0.0477
10  0.0301
11  0.0205
12  0.013
13  0.0105
14  0.0082
15  0.0053
16  0.0046
17  0.0041
18  0.0029
19  0.0025
20  0.0014
21  0.0015
22  0.001
23  0.0012
24  0.0009
25  0.0011
26  0.0005
27  0.0009
28  0.0005
29  0.0006
30  0.0007
31  0.0002
32  0.0002
33  0.0001
35  0.0003
36  0.0001
38  0.0002
39  0.0002
40  0.0002
41  0.0001
46  0.0001
47  0.0002
51  0.0001
31564  0.0001
31622  0.0001
31643  0.0001
31651  0.0001
31653  0.0001
31662  0.0001
31664  0.0002
31673  0.0001
31674  0.0001
31675  0.0002
31676  0.0001
31680  0.0001
31682  0.0002
31685  0.0002
31686  0.0003
31687  0.0002
31688  0.0002
31689  0.0001
31690  0.0002
31692  0.0001
31693  0.0002
31695  0.0001
31696  0.0004
31698  0.0002
31699  0.0002
31700  0.0001
31701  0.0001
31703  0.0001
31704  0.0002
31705  0.0004
31707  0.0001
31709  0.0002
31710  0.0001
31712  0.0003
31713  0.0002
31714  0.0005
31715  0.0002
31716  0.0004
31717  0.0003
31718  0.0002
31719  0.0003
31720  0.0003
31721  0.0004
31722  0.0001
31723  0.0003
31724  0.0006
31725  0.0003
31726  0.0002
31727  0.0003
31728  0.0004
31729  0.0004
31730  0.0003
31731  0.0002
31732  0.0006
31733  0.0005
31734  0.0003
31735  0.0003
31736  0.001
31737  0.0008
31738  0.0003
31739  0.0003
31740  0.0004
31741  0.0003
31742  0.0007
31743  0.0004
31744  0.0004
31745  0.0005
31746  0.0006
31747  0.0005
31748  0.0005
31749  0.0006
31750  0.0007
31751  0.0007
31752  0.0005
31753  0.0007
31754  0.0006
31755  0.0006
31756  0.0006
31757  0.0009
31758  0.0008
31759  0.0007
31760  0.0005
31761  0.0007
31762  0.0008
31763  0.0013
31764  0.0007
31765  0.0006
31766  0.0009
31767  0.0009
31768  0.0007
31769  0.0009
31770  0.0012
31771  0.001
31772  0.0013
31773  0.001
31774  0.0011
31775  0.0011
31776  0.001
31777  0.0016
31778  0.0014
31779  0.0007
31780  0.0017
31781  0.0007
31782  0.0018
31783  0.0012
31784  0.0019
31785  0.0015
31786  0.002
31787  0.0011
31788  0.0013
31789  0.0009
31790  0.0008
31791  0.0012
31792  0.0022
31793  0.0019
31794  0.0009
31795  0.0011
31796  0.0014
31797  0.0012
31798  0.0013
31799  0.0016
31800  0.0014
31801  0.0017
31802  0.002
31803  0.0016
31804  0.001
31805  0.0018
31806  0.0013
31807  0.002
31808  0.002
31809  0.002
31810  0.0015
31811  0.0025
31812  0.0023
31813  0.0021
31814  0.002
31815  0.0014
31816  0.0023
31817  0.0024
31818  0.0026
31819  0.0018
31820  0.0026
31821  0.003
31822  0.0021
31823  0.0027
31824  0.0021
31825  0.0028
31826  0.0021
31827  0.0021
31828  0.0017
31829  0.0023
31830  0.0031
31831  0.0027
31832  0.002
31833  0.0029
31834  0.0025
31835  0.0021
31836  0.0035
31837  0.0023
31838  0.0026
31839  0.0046
31840  0.0027
31841  0.0025
31842  0.0023
31843  0.0029
31844  0.0035
31845  0.0028
31846  0.0024
31847  0.0027
31848  0.0032
31849  0.0033
31850  0.0035
31851  0.0035
31852  0.0038
31853  0.0031
31854  0.0038
31855  0.0038
31856  0.0035
31857  0.0032
31858  0.004
31859  0.0031
31860  0.0038
31861  0.0042
31862  0.004
31863  0.0045
31864  0.0033
31865  0.0038
31866  0.0031
31867  0.003
31868  0.003
31869  0.0024
31870  0.0045
31871  0.0039
31872  0.0044
31873  0.0035
31874  0.0043
31875  0.0034
31876  0.0042
31877  0.0035
31878  0.0043
31879  0.0046
31880  0.0048
31881  0.0046
31882  0.0038
31883  0.0047
31884  0.0037
31885  0.0051
31886  0.0046
31887  0.0051
31888  0.0041
31889  0.0048
31890  0.0037
31891  0.0046
31892  0.0044
31893  0.004
31894  0.0045
31895  0.004
31896  0.0053
31897  0.0053
31898  0.004
31899  0.0046
31900  0.0045
31901  0.004
31902  0.005
31903  0.0043
31904  0.0045
31905  0.0054
31906  0.004
31907  0.0052
31908  0.0033
31909  0.0054
31910  0.0044
31911  0.0049
31912  0.0044
31913  0.0058
31914  0.0043
31915  0.0048
31916  0.005
31917  0.0055
31918  0.0042
31919  0.005
31920  0.0062
31921  0.0033
31922  0.0046
31923  0.0042
31924  0.0042
31925  0.0042
31926  0.0042
31927  0.0056
31928  0.0044
31929  0.0042
31930  0.0056
31931  0.006
31932  0.0058
31933  0.0038
31934  0.0048
31935  0.004
31936  0.0052
31937  0.0051
31938  0.0047
31939  0.0043
31940  0.0046
31941  0.0046
31942  0.0047
31943  0.0045
31944  0.0049
31945  0.0046
31946  0.0042
31947  0.0044
31948  0.0041
31949  0.005
31950  0.0054
31951  0.0044
31952  0.006
31953  0.0048
31954  0.0031
31955  0.0049
31956  0.0053
31957  0.0047
31958  0.0046
31959  0.0053
31960  0.0045
31961  0.0047
31962  0.0043
31963  0.0043
31964  0.0042
31965  0.0037
31966  0.0049
31967  0.0029
31968  0.0041
31969  0.0039
31970  0.0042
31971  0.0046
31972  0.0041
31973  0.0044
31974  0.0034
31975  0.0045
31976  0.0031
31977  0.0041
31978  0.0048
31979  0.0048
31980  0.0029
31981  0.0033
31982  0.0038
31983  0.0027
31984  0.003
31985  0.0041
31986  0.0036
31987  0.0028
31988  0.0031
31989  0.004
31990  0.0031
31991  0.0035
31992  0.0031
31993  0.0035
31994  0.0033
31995  0.004
31996  0.0027
31997  0.003
31998  0.0025
31999  0.0037
32000  0.0025
32001  0.0032
32002  0.0031
32003  0.0041
32004  0.0033
32005  0.003
32006  0.0033
32007  0.0023
32008  0.0031
32009  0.0024
32010  0.002
32011  0.0026
32012  0.0024
32013  0.0023
32014  0.0024
32015  0.0018
32016  0.0029
32017  0.0017
32018  0.0025
32019  0.0027
32020  0.002
32021  0.0021
32022  0.0022
32023  0.0015
32024  0.002
32025  0.0024
32026  0.0024
32027  0.0021
32028  0.002
32029  0.002
32030  0.0028
32031  0.0017
32032  0.002
32033  0.0022
32034  0.0023
32035  0.0017
32036  0.0023
32037  0.0021
32038  0.0019
32039  0.0015
32040  0.0018
32041  0.0032
32042  0.0017
32043  0.0019
32044  0.0013
32045  0.0013
32046  0.002
32047  0.0019
32048  0.0008
32049  0.0018
32050  0.0013
32051  0.002
32052  0.0014
32053  0.0011
32054  0.0014
32055  0.0014
32056  0.0013
32057  0.0014
32058  0.0008
32059  0.0014
32060  0.0015
32061  0.0011
32062  0.0014
32063  0.0006
32064  0.0014
32065  0.001
32066  0.0008
32067  0.0013
32068  0.001
32069  0.0008
32070  0.0006
32071  0.001
32072  0.0011
32073  0.0007
32074  0.0005
32075  0.0008
32076  0.0008
32077  0.0008
32078  0.0009
32079  0.0015
32080  0.0008
32081  0.0008
32082  0.0003
32083  0.0006
32084  0.0013
32085  0.0008
32086  0.0009
32087  0.0007
32088  0.0005
32089  0.0002
32090  0.0006
32091  0.0008
32092  0.0005
32093  0.0007
32094  0.0011
32095  0.0005
32096  0.0006
32097  0.0006
32098  0.0004
32099  0.0004
32100  0.0004
32101  0.0005
32102  0.0003
32103  0.0004
32104  0.0002
32105  0.0001
32106  0.0004
32107  0.0006
32108  0.0013
32109  0.0003
32110  0.0002
32111  0.0003
32112  0.0003
32113  0.0004
32114  0.0001
32115  0.0003
32116  0.0002
32117  0.0007
32118  0.0004
32119  0.0001
32120  0.0002
32121  0.0002
32122  0.0006
32123  0.0003
32124  0.0005
32125  0.0006
32126  0.0001
32127  0.0002
32128  0.0002
32129  0.0001
32130  0.0002
32131  0.0005
32132  0.0001
32133  0.0003
32134  0.0003
32135  0.0002
32136  0.0002
32137  0.0002
32138  0.0001
32140  0.0001
32141  0.0002
32142  0.0002
32143  0.0001
32144  0.0003
32145  0.0001
32146  0.0001
32149  0.0001
32150  0.0002
32152  0.0002
32154  0.0001
32157  0.0001
32158  0.0001
32160  0.0002
32163  0.0002
32164  0.0001
32166  0.0001
32167  0.0002
32171  0.0001
32173  0.0002
32175  0.0001
32178  0.0001
32180  0.0001
32182  0.0001
32185  0.0001
32187  0.0001
32192  0.0001
32195  0.0001
32196  0.0001
32201  0.0001
32204  0.0001
32211  0.0001
