1  1274.24
2  323.204
3  202.762
4  137.278
5  99.563
6  75.5114
7  59.8972
8  48.7738
9  40.5992
10  34.5642
11  29.6284
12  25.831
13  22.6927
14  20.1928
15  18.0837
16  16.2468
17  14.7142
18  13.4204
19  12.2903
20  11.2833
21  10.3572
22  9.5288
23  8.9156
24  8.2988
25  7.6766
26  7.1732
27  6.7153
28  6.3668
29  5.9773
30  5.566
31  5.3258
32  4.9755
33  4.7156
34  4.5013
35  4.279
36  4.0269
37  3.7986
38  3.6674
39  3.4815
40  3.3527
41  3.1758
42  3.0519
43  2.8958
44  2.8095
45  2.6611
46  2.5317
47  2.4505
48  2.3717
49  2.2618
50  2.1651
51  2.088
52  2.003
53  1.9428
54  1.8843
55  1.795
56  1.7287
57  1.6694
58  1.6253
59  1.565
60  1.5176
61  1.4557
62  1.4018
63  1.385
64  1.3322
65  1.3028
66  1.2154
67  1.1947
68  1.1644
69  1.1156
70  1.0905
71  1.0604
72  1.0257
73  1.0151
74  0.9751
75  0.9248
76  0.9075
77  0.8886
78  0.8595
79  0.8303
80  0.8212
81  0.7967
82  0.7458
83  0.748
84  0.7224
85  0.7119
86  0.6844
87  0.6765
88  0.6564
89  0.6424
90  0.619
91  0.6036
92  0.5842
93  0.5713
94  0.5719
95  0.5391
96  0.5353
97  0.5158
98  0.5009
99  0.5044
100  0.4935
101  0.4687
102  0.4577
103  0.442
104  0.4337
105  0.4384
106  0.4268
107  0.4022
108  0.4006
109  0.3901
110  0.3684
111  0.3628
112  0.3581
113  0.3388
114  0.3402
115  0.3362
116  0.3287
117  0.3186
118  0.3109
119  0.3023
120  0.2934
121  0.2974
122  0.2809
123  0.2832
124  0.2715
125  0.2802
126  0.2619
127  0.2553
128  0.2439
129  0.2506
130  0.2406
131  0.2306
132  0.2339
133  0.2154
134  0.2212
135  0.2187
136  0.2095
137  0.2095
138  0.2005
139  0.2027
140  0.1938
141  0.1902
142  0.1874
143  0.1807
144  0.18
145  0.1733
146  0.1662
147  0.1673
148  0.1609
149  0.1609
150  0.1564
151  0.155
152  0.1518
153  0.1508
154  0.1465
155  0.1412
156  0.1396
157  0.1341
158  0.1341
159  0.1298
160  0.1307
161  0.1327
162  0.1235
163  0.1216
164  0.1232
165  0.1151
166  0.113
167  0.1081
168  0.1072
169  0.1151
170  0.1089
171  0.0992
172  0.1098
173  0.0997
174  0.1006
175  0.0994
176  0.0907
177  0.0941
178  0.0968
179  0.0946
180  0.0954
181  0.0807
182  0.0844
183  0.0786
184  0.0808
185  0.0838
186  0.08
187  0.0793
188  0.0735
189  0.0765
190  0.0733
191  0.0708
192  0.0685
193  0.0706
194  0.0681
195  0.0639
196  0.0698
197  0.0645
198  0.0625
199  0.0648
200  0.0625
201  0.0595
202  0.0613
203  0.0637
204  0.0551
205  0.0563
206  0.0552
207  0.0539
208  0.0498
209  0.0509
210  0.0543
211  0.0496
212  0.0484
213  0.0488
214  0.0473
215  0.0449
216  0.0477
217  0.0453
218  0.0456
219  0.0435
220  0.0435
221  0.0445
222  0.0459
223  0.0405
224  0.0414
225  0.04
226  0.0366
227  0.0397
228  0.0396
229  0.0378
230  0.035
231  0.039
232  0.0369
233  0.0337
234  0.0332
235  0.0311
236  0.0363
237  0.0335
238  0.0305
239  0.0296
240  0.035
241  0.0324
242  0.0297
243  0.0295
244  0.0291
245  0.0299
246  0.029
247  0.0291
248  0.0266
249  0.0285
250  0.0288
251  0.023
252  0.0245
253  0.0261
254  0.0232
255  0.022
256  0.0251
257  0.0243
258  0.0243
259  0.0223
260  0.0215
261  0.0203
262  0.0254
263  0.0205
264  0.0201
265  0.019
266  0.0219
267  0.0167
268  0.0184
269  0.0191
270  0.0188
271  0.0198
272  0.0208
273  0.019
274  0.0155
275  0.0188
276  0.0174
277  0.0166
278  0.0171
279  0.02
280  0.0152
281  0.0161
282  0.0161
283  0.0132
284  0.0163
285  0.0173
286  0.0144
287  0.0153
288  0.0168
289  0.013
290  0.0148
291  0.0134
292  0.0129
293  0.0118
294  0.0149
295  0.0113
296  0.0109
297  0.0136
298  0.0122
299  0.0131
300  0.0145
301  0.0113
302  0.0125
303  0.011
304  0.013
305  0.0084
306  0.0111
307  0.0104
308  0.0102
309  0.0124
310  0.0105
311  0.0097
312  0.0099
313  0.0094
314  0.0134
315  0.0071
316  0.0084
317  0.0083
318  0.0089
319  0.01
320  0.0088
321  0.0091
322  0.0089
323  0.0064
324  0.0077
325  0.0062
326  0.0092
327  0.0074
328  0.0073
329  0.0074
330  0.0065
331  0.0065
332  0.0073
333  0.0081
334  0.0064
335  0.006
336  0.0066
337  0.0066
338  0.0063
339  0.0059
340  0.0042
341  0.0052
342  0.0057
343  0.0061
344  0.0072
345  0.0066
346  0.006
347  0.0055
348  0.0059
349  0.0057
350  0.0043
351  0.004
352  0.0053
353  0.0054
354  0.0062
355  0.0049
356  0.0052
357  0.0048
358  0.0052
359  0.0057
360  0.005
361  0.0049
362  0.0045
363  0.0057
364  0.0054
365  0.0041
366  0.0037
367  0.0052
368  0.0054
369  0.0047
370  0.0047
371  0.0057
372  0.0048
373  0.0035
374  0.0034
375  0.003
376  0.0037
377  0.0046
378  0.0035
379  0.0044
380  0.0043
381  0.0029
382  0.0027
383  0.0042
384  0.0033
385  0.003
386  0.0032
387  0.0037
388  0.0033
389  0.0031
390  0.0031
391  0.0031
392  0.0016
393  0.0042
394  0.0024
395  0.0032
396  0.0031
397  0.0021
398  0.0032
399  0.0026
400  0.0029
401  0.0026
402  0.0024
403  0.0022
404  0.003
405  0.0024
406  0.0029
407  0.0024
408  0.0023
409  0.0014
410  0.0024
411  0.0021
412  0.002
413  0.0023
414  0.0011
415  0.0022
416  0.0023
417  0.0014
418  0.0023
419  0.0022
420  0.0013
421  0.003
422  0.0021
423  0.0021
424  0.0024
425  0.002
426  0.0017
427  0.0013
428  0.0015
429  0.0017
430  0.0014
431  0.0011
432  0.0018
433  0.0014
434  0.0025
435  0.0019
436  0.0017
437  0.002
438  0.001
439  0.0012
440  0.0015
441  0.0009
442  0.0011
443  0.0014
444  0.0011
445  0.002
446  0.0017
447  0.0011
448  0.0016
449  0.0021
450  0.0012
451  0.0013
452  0.0007
453  0.0014
454  0.0009
455  0.0018
456  0.0011
457  0.0016
458  0.0011
459  0.0015
460  0.0011
461  0.0008
462  0.0013
463  0.0016
464  0.001
465  0.001
466  0.0018
467  0.0009
468  0.0014
469  0.0007
470  0.0008
471  0.0007
472  0.0011
473  0.0004
474  0.0007
475  0.0007
476  0.0012
477  0.001
478  0.0003
479  0.0013
480  0.0005
481  0.0006
482  0.0004
483  0.0004
484  0.0009
485  0.0008
486  0.0011
487  0.0006
488  0.0006
489  0.0008
490  0.0006
491  0.0007
492  0.0004
493  0.0002
494  0.0005
495  0.0007
496  0.0007
497  0.0004
498  0.0012
499  0.0003
500  0.0007
501  0.0005
502  0.0003
503  0.0007
504  0.0006
505  0.0009
506  0.0006
507  0.0008
508  0.0007
509  0.0005
510  0.0003
511  0.0007
512  0.0004
513  0.0009
514  0.0004
515  0.0004
516  0.0008
517  0.0008
518  0.0007
519  0.0004
520  0.0004
521  0.0004
522  0.0002
523  0.0003
524  0.0003
525  0.0005
526  0.0003
528  0.0003
529  0.0003
530  0.0006
531  0.0002
532  0.0004
533  0.0005
534  0.0005
535  0.0002
536  0.0003
538  0.0002
539  0.0002
540  0.0003
541  0.0003
542  0.0003
543  0.0003
544  0.0002
545  0.0005
546  0.0003
547  0.0002
548  0.0003
549  0.0002
550  0.0002
551  0.0004
552  0.0004
553  0.0002
554  0.0004
556  0.0002
557  0.0004
558  0.0002
559  0.0002
560  0.0003
561  0.0006
562  0.0003
563  0.0002
564  0.0003
565  0.0005
567  0.0003
568  0.0001
569  0.0003
570  0.0002
571  0.0001
572  0.0004
573  0.0002
575  0.0003
576  0.0001
577  0.0001
578  0.0005
580  0.0005
581  0.0004
582  0.0004
583  0.0001
584  0.0002
585  0.0004
586  0.0002
588  0.0001
590  0.0002
591  0.0003
593  0.0005
594  0.0001
595  0.0007
596  0.0004
597  0.0002
598  0.0002
599  0.0003
600  0.0004
601  0.0001
602  0.0001
603  0.0001
604  0.0004
605  0.0003
606  0.0002
608  0.0002
610  0.0004
611  0.0003
613  0.0002
614  0.0002
615  0.0002
617  0.0002
618  0.0003
620  0.0002
621  0.0002
622  0.0002
623  0.0002
624  0.0002
625  0.0004
626  0.0002
628  0.0001
629  0.0002
631  0.0001
632  0.0001
633  0.0001
634  0.0001
635  0.0002
637  0.0001
639  0.0001
640  0.0001
641  0.0001
642  0.0001
644  0.0002
646  0.0006
648  0.0002
649  0.0001
650  0.0002
652  0.0001
655  0.0001
656  0.0001
658  0.0001
661  0.0001
663  0.0002
664  0.0001
665  0.0001
669  0.0001
670  0.0001
671  0.0001
673  0.0003
677  0.0001
681  0.0001
683  0.0001
684  0.0001
689  0.0001
690  0.0002
691  0.0001
700  0.0002
705  0.0001
716  0.0001
725  0.0001
726  0.0001
730  0.0001
731  0.0001
732  0.0001
735  0.0001
737  0.0001
739  0.0001
746  0.0001
761  0.0001
769  0.0001
770  0.0001
780  0.0001
784  0.0001
794  0.0001
832  0.0001
834  0.0001
838  0.0001
843  0.0001
918  0.0001
1175  0.0001
