1  237.436
2  32.1074
3  15.9489
4  8.7918
5  5.3104
6  3.3906
7  2.3205
8  1.6583
9  1.215
10  0.9193
11  0.7077
12  0.5749
13  0.4484
14  0.3603
15  0.3096
16  0.2581
17  0.207
18  0.1811
19  0.1423
20  0.1295
21  0.1142
22  0.0968
23  0.0865
24  0.0764
25  0.067
26  0.0618
27  0.0532
28  0.0498
29  0.0457
30  0.0385
31  0.036
32  0.0331
33  0.0294
34  0.0251
35  0.023
36  0.0201
37  0.0183
38  0.0182
39  0.0164
40  0.0168
41  0.0131
42  0.0134
43  0.0133
44  0.0135
45  0.0106
46  0.0095
47  0.0073
48  0.0094
49  0.0084
50  0.0078
51  0.0069
52  0.0069
53  0.0047
54  0.0059
55  0.0054
56  0.0053
57  0.0042
58  0.0042
59  0.0046
60  0.0036
61  0.0031
62  0.0034
63  0.003
64  0.003
65  0.0025
66  0.0015
67  0.0026
68  0.0021
69  0.003
70  0.0026
71  0.0019
72  0.0027
73  0.003
74  0.0017
75  0.0017
76  0.0015
77  0.0019
78  0.0015
79  0.002
80  0.0013
81  0.0015
82  0.0014
83  0.0012
84  0.0014
85  0.0009
86  0.0009
87  0.0008
88  0.0011
89  0.0014
90  0.0008
91  0.0012
92  0.0008
93  0.0013
94  0.0005
95  0.0008
96  0.0004
97  0.0007
98  0.0001
99  0.0004
100  0.0005
101  0.0005
102  0.001
103  0.0007
104  0.0004
105  0.0004
106  0.0004
107  0.0004
108  0.0002
109  0.0009
110  0.0005
111  0.0005
112  0.0004
113  0.0005
114  0.0005
115  0.0011
116  0.0006
117  0.0005
118  0.0004
119  0.0001
120  0.0004
121  0.0006
122  0.0001
123  0.0001
124  0.0003
125  0.0002
126  0.0001
127  0.0003
128  0.0005
129  0.0001
131  0.0003
132  0.0003
133  0.0003
134  0.0002
136  0.0001
137  0.0002
138  0.0001
139  0.0002
140  0.0002
141  0.0002
142  0.0004
143  0.0002
144  0.0002
145  0.0002
147  0.0001
148  0.0002
149  0.0001
150  0.0001
151  0.0002
152  0.0001
153  0.0003
154  0.0001
156  0.0001
157  0.0001
158  0.0001
159  0.0001
160  0.0001
161  0.0003
162  0.0002
163  0.0001
164  0.0002
166  0.0004
168  0.0001
170  0.0001
171  0.0003
172  0.0001
173  0.0001
174  0.0001
175  0.0002
176  0.0001
178  0.0001
179  0.0002
184  0.0001
185  0.0001
186  0.0002
189  0.0003
192  0.0001
195  0.0001
196  0.0001
199  0.0001
201  0.0001
205  0.0001
206  0.0001
209  0.0001
211  0.0001
216  0.0001
218  0.0001
226  0.0001
228  0.0001
232  0.0001
241  0.0001
243  0.0001
259  0.0001
274  0.0001
277  0.0001
288  0.0002
293  0.0001
296  0.0001
300  0.0001
306  0.0001
313  0.0001
340  0.0001
383  0.0001
457  0.0001
527  0.0001
26849  0.0001
26850  0.0001
26857  0.0001
26873  0.0001
26886  0.0001
26936  0.0001
26937  0.0001
26945  0.0001
26951  0.0001
26957  0.0001
26958  0.0001
26959  0.0001
26983  0.0001
26991  0.0001
26992  0.0001
26996  0.0001
26997  0.0001
26998  0.0001
27006  0.0002
27010  0.0002
27013  0.0001
27017  0.0001
27018  0.0001
27023  0.0002
27024  0.0001
27025  0.0001
27026  0.0002
27030  0.0001
27032  0.0001
27033  0.0001
27034  0.0001
27036  0.0001
27039  0.0001
27040  0.0001
27043  0.0003
27044  0.0001
27045  0.0001
27046  0.0001
27047  0.0001
27048  0.0001
27049  0.0001
27050  0.0001
27056  0.0002
27057  0.0001
27060  0.0001
27061  0.0001
27063  0.0001
27064  0.0001
27065  0.0001
27066  0.0002
27068  0.0001
27070  0.0002
27072  0.0003
27073  0.0002
27074  0.0001
27075  0.0002
27077  0.0004
27080  0.0001
27081  0.0001
27083  0.0001
27084  0.0002
27085  0.0004
27086  0.0001
27087  0.0002
27089  0.0002
27090  0.0002
27091  0.0001
27092  0.0005
27093  0.0002
27094  0.0001
27095  0.0003
27096  0.0003
27097  0.0002
27098  0.0002
27099  0.0004
27100  0.0001
27101  0.0002
27102  0.0005
27103  0.0002
27104  0.0001
27105  0.0002
27106  0.0004
27107  0.0002
27108  0.0001
27109  0.0002
27110  0.0002
27111  0.0005
27112  0.0004
27113  0.0003
27114  0.0001
27115  0.0003
27116  0.0002
27117  0.0003
27119  0.0002
27120  0.0002
27121  0.0001
27122  0.0001
27124  0.0001
27125  0.0003
27128  0.0001
27129  0.0002
27130  0.0002
27131  0.0003
27132  0.0002
27133  0.0006
27134  0.0004
27135  0.0005
27137  0.0001
27138  0.0001
27139  0.0003
27140  0.0003
27141  0.0002
27142  0.0003
27143  0.0004
27144  0.0002
27145  0.0003
27146  0.0001
27147  0.0002
27148  0.0004
27149  0.0002
27150  0.0003
27151  0.0004
27152  0.0004
27153  0.0003
27154  0.0002
27155  0.0006
27156  0.0002
27157  0.0006
27158  0.0003
27159  0.0004
27160  0.0002
27161  0.0007
27162  0.001
27163  0.0006
27164  0.0003
27166  0.0004
27167  0.0001
27168  0.0003
27169  0.0006
27170  0.0002
27171  0.0012
27172  0.0012
27173  0.0005
27174  0.0004
27175  0.0007
27176  0.0006
27177  0.0005
27178  0.0003
27179  0.0003
27180  0.0002
27181  0.0005
27182  0.0007
27183  0.0005
27184  0.0003
27185  0.0002
27186  0.0006
27187  0.0008
27188  0.0012
27189  0.0005
27190  0.0006
27191  0.0009
27192  0.0005
27193  0.0004
27194  0.0006
27195  0.0004
27196  0.0008
27197  0.0009
27198  0.0005
27199  0.0005
27200  0.0011
27201  0.0007
27202  0.0008
27203  0.0008
27204  0.0007
27205  0.0003
27206  0.0005
27207  0.0005
27208  0.001
27209  0.0012
27210  0.0002
27211  0.0004
27212  0.0004
27213  0.0007
27214  0.0008
27215  0.0014
27216  0.0006
27217  0.0003
27218  0.0006
27219  0.0007
27220  0.0009
27221  0.0012
27222  0.0006
27223  0.0006
27224  0.0013
27225  0.001
27226  0.0004
27227  0.0006
27228  0.0011
27229  0.0005
27230  0.0009
27231  0.0005
27232  0.0008
27233  0.0006
27234  0.0007
27235  0.0007
27236  0.0014
27237  0.0009
27238  0.0012
27239  0.0013
27240  0.001
27241  0.0011
27242  0.0007
27243  0.0011
27244  0.0008
27245  0.0009
27246  0.0011
27247  0.0009
27248  0.001
27249  0.0014
27250  0.001
27251  0.0009
27252  0.0018
27253  0.0012
27254  0.0008
27255  0.0012
27256  0.0018
27257  0.0013
27258  0.0015
27259  0.0016
27260  0.0012
27261  0.0011
27262  0.0014
27263  0.0014
27264  0.0006
27265  0.0014
27266  0.0012
27267  0.0015
27268  0.001
27269  0.0011
27270  0.0014
27271  0.0017
27272  0.0016
27273  0.0019
27274  0.0013
27275  0.0019
27276  0.0027
27277  0.0017
27278  0.0009
27279  0.0016
27280  0.0018
27281  0.0018
27282  0.0013
27283  0.0016
27284  0.0014
27285  0.002
27286  0.0015
27287  0.0017
27288  0.0018
27289  0.0011
27290  0.0012
27291  0.0015
27292  0.0018
27293  0.0014
27294  0.002
27295  0.0017
27296  0.0016
27297  0.0011
27298  0.0019
27299  0.0018
27300  0.0015
27301  0.0017
27302  0.0015
27303  0.002
27304  0.0023
27305  0.0017
27306  0.0027
27307  0.0021
27308  0.0014
27309  0.0026
27310  0.0018
27311  0.0015
27312  0.0017
27313  0.002
27314  0.0015
27315  0.0013
27316  0.0016
27317  0.0015
27318  0.0019
27319  0.0018
27320  0.0027
27321  0.0025
27322  0.002
27323  0.0016
27324  0.0023
27325  0.0024
27326  0.002
27327  0.0017
27328  0.0022
27329  0.0011
27330  0.0025
27331  0.0027
27332  0.0026
27333  0.0021
27334  0.0028
27335  0.0017
27336  0.0022
27337  0.002
27338  0.0027
27339  0.0025
27340  0.0021
27341  0.0016
27342  0.0017
27343  0.0023
27344  0.0023
27345  0.0027
27346  0.002
27347  0.0024
27348  0.003
27349  0.0023
27350  0.0015
27351  0.0032
27352  0.002
27353  0.003
27354  0.002
27355  0.002
27356  0.0025
27357  0.0032
27358  0.0018
27359  0.0035
27360  0.002
27361  0.002
27362  0.002
27363  0.0026
27364  0.0024
27365  0.0032
27366  0.0024
27367  0.0024
27368  0.0023
27369  0.002
27370  0.0021
27371  0.0024
27372  0.0027
27373  0.0033
27374  0.0018
27375  0.0026
27376  0.0021
27377  0.0029
27378  0.0027
27379  0.0024
27380  0.0022
27381  0.0033
27382  0.0019
27383  0.0032
27384  0.0032
27385  0.0032
27386  0.0028
27387  0.0029
27388  0.0026
27389  0.0031
27390  0.0021
27391  0.0041
27392  0.0027
27393  0.0038
27394  0.0016
27395  0.0036
27396  0.0033
27397  0.003
27398  0.0039
27399  0.002
27400  0.0035
27401  0.0026
27402  0.0041
27403  0.0024
27404  0.0027
27405  0.0027
27406  0.0027
27407  0.0026
27408  0.0034
27409  0.0022
27410  0.0027
27411  0.0029
27412  0.0039
27413  0.0024
27414  0.0028
27415  0.0029
27416  0.0021
27417  0.0024
27418  0.0029
27419  0.0027
27420  0.0035
27421  0.0029
27422  0.0032
27423  0.0037
27424  0.0027
27425  0.0027
27426  0.0028
27427  0.0027
27428  0.0032
27429  0.0023
27430  0.0029
27431  0.0031
27432  0.0031
27433  0.003
27434  0.0045
27435  0.0031
27436  0.0041
27437  0.003
27438  0.0031
27439  0.0024
27440  0.0029
27441  0.003
27442  0.0026
27443  0.0023
27444  0.003
27445  0.0031
27446  0.003
27447  0.0027
27448  0.0037
27449  0.004
27450  0.0027
27451  0.0029
27452  0.0028
27453  0.0034
27454  0.0029
27455  0.0025
27456  0.0036
27457  0.0033
27458  0.0022
27459  0.003
27460  0.0031
27461  0.0028
27462  0.0029
27463  0.0026
27464  0.0031
27465  0.0024
27466  0.0026
27467  0.0026
27468  0.002
27469  0.003
27470  0.003
27471  0.0026
27472  0.0034
27473  0.0025
27474  0.0034
27475  0.0032
27476  0.0023
27477  0.0026
27478  0.0036
27479  0.003
27480  0.003
27481  0.0019
27482  0.0032
27483  0.0026
27484  0.0031
27485  0.0022
27486  0.002
27487  0.0039
27488  0.004
27489  0.0031
27490  0.0026
27491  0.0029
27492  0.0026
27493  0.0027
27494  0.0032
27495  0.0019
27496  0.003
27497  0.0032
27498  0.0032
27499  0.003
27500  0.0021
27501  0.0036
27502  0.0023
27503  0.0029
27504  0.0032
27505  0.0031
27506  0.0024
27507  0.0029
27508  0.0021
27509  0.0022
27510  0.0027
27511  0.0021
27512  0.0028
27513  0.0025
27514  0.0023
27515  0.0023
27516  0.0021
27517  0.0016
27518  0.002
27519  0.0027
27520  0.0023
27521  0.0023
27522  0.0019
27523  0.0027
27524  0.0026
27525  0.0032
27526  0.0023
27527  0.0025
27528  0.0026
27529  0.0025
27530  0.0028
27531  0.0021
27532  0.0036
27533  0.0013
27534  0.0017
27535  0.0026
27536  0.0024
27537  0.0028
27538  0.0022
27539  0.0029
27540  0.0015
27541  0.0021
27542  0.0021
27543  0.0015
27544  0.0019
27545  0.0024
27546  0.0025
27547  0.0021
27548  0.0018
27549  0.0021
27550  0.0022
27551  0.0021
27552  0.0018
27553  0.0015
27554  0.002
27555  0.0023
27556  0.0028
27557  0.0025
27558  0.0023
27559  0.0022
27560  0.0026
27561  0.0015
27562  0.0025
27563  0.0016
27564  0.0024
27565  0.0018
27566  0.0013
27567  0.0013
27568  0.002
27569  0.0018
27570  0.0014
27571  0.0018
27572  0.0021
27573  0.0018
27574  0.0016
27575  0.002
27576  0.0019
27577  0.0016
27578  0.001
27579  0.0015
27580  0.0015
27581  0.0016
27582  0.0018
27583  0.0017
27584  0.001
27585  0.0016
27586  0.0016
27587  0.0016
27588  0.0022
27589  0.0021
27590  0.0024
27591  0.0018
27592  0.0013
27593  0.0013
27594  0.0011
27595  0.0012
27596  0.0014
27597  0.0011
27598  0.0009
27599  0.0009
27600  0.002
27601  0.0011
27602  0.0007
27603  0.0008
27604  0.0013
27605  0.0015
27606  0.0012
27607  0.0013
27608  0.001
27609  0.002
27610  0.0019
27611  0.0014
27612  0.0015
27613  0.0007
27614  0.0012
27615  0.0013
27616  0.0015
27617  0.0007
27618  0.0013
27619  0.0009
27620  0.0008
27621  0.0008
27622  0.0006
27623  0.0017
27624  0.0006
27625  0.0007
27626  0.001
27627  0.0009
27628  0.0017
27629  0.0011
27630  0.0007
27631  0.0008
27632  0.0013
27633  0.0006
27634  0.0014
27635  0.0005
27636  0.0013
27637  0.0008
27638  0.0011
27639  0.0012
27640  0.0009
27641  0.001
27642  0.0008
27643  0.0012
27644  0.0002
27645  0.0008
27646  0.0008
27647  0.0009
27648  0.0004
27649  0.0009
27650  0.001
27651  0.0011
27652  0.0009
27653  0.0011
27654  0.0007
27655  0.0006
27656  0.001
27657  0.0009
27658  0.001
27659  0.0012
27660  0.0007
27661  0.0009
27662  0.0007
27663  0.0009
27664  0.0005
27665  0.0002
27666  0.0007
27667  0.0005
27668  0.0005
27669  0.0003
27670  0.0006
27671  0.0007
27672  0.0007
27673  0.0008
27674  0.0004
27675  0.0004
27676  0.0004
27677  0.0004
27678  0.0006
27679  0.0006
27680  0.0007
27681  0.0007
27682  0.0011
27683  0.0005
27684  0.0003
27685  0.0005
27686  0.0004
27687  0.0002
27688  0.0004
27689  0.0002
27690  0.0002
27691  0.0003
27692  0.0006
27693  0.0001
27694  0.0004
27695  0.0004
27696  0.0006
27697  0.0002
27698  0.0005
27699  0.0007
27700  0.0004
27701  0.0003
27702  0.0003
27703  0.0005
27704  0.0001
27705  0.0006
27706  0.0006
27707  0.0003
27708  0.0003
27709  0.0005
27710  0.0004
27711  0.0003
27712  0.0003
27713  0.0004
27714  0.0003
27715  0.0003
27716  0.0002
27717  0.0004
27718  0.0004
27719  0.0005
27720  0.0003
27721  0.0004
27722  0.0003
27723  0.0002
27724  0.0003
27725  0.0001
27726  0.0004
27727  0.0004
27728  0.0004
27729  0.0002
27730  0.0001
27731  0.0003
27732  0.0005
27734  0.0001
27735  0.0001
27736  0.0002
27737  0.0003
27738  0.0003
27739  0.0004
27740  0.0002
27741  0.0001
27742  0.0002
27743  0.0003
27744  0.0004
27747  0.0003
27748  0.0001
27749  0.0003
27750  0.0002
27751  0.0004
27752  0.0001
27753  0.0005
27756  0.0001
27758  0.0002
27759  0.0001
27760  0.0001
27761  0.0006
27763  0.0001
27767  0.0001
27769  0.0002
27770  0.0001
27772  0.0002
27773  0.0002
27775  0.0002
27776  0.0003
27778  0.0001
27779  0.0001
27780  0.0001
27784  0.0002
27785  0.0002
27786  0.0001
27788  0.0002
27791  0.0001
27793  0.0002
27794  0.0002
27796  0.0001
27798  0.0001
27799  0.0001
27801  0.0001
27803  0.0001
27808  0.0002
27810  0.0002
27812  0.0001
27821  0.0001
27822  0.0001
27826  0.0001
27840  0.0001
27843  0.0001
27851  0.0001
27855  0.0001
27861  0.0001
27864  0.0001
27871  0.0001
27878  0.0001
