1  2904.27
2  854.556
3  483.25
4  291.759
5  186.519
6  124.172
7  84.9758
8  59.798
9  42.8744
10  31.049
11  22.7674
12  16.8225
13  12.5776
14  9.5063
15  7.1672
16  5.4488
17  4.1723
18  3.1727
19  2.4742
20  1.888
21  1.4617
22  1.1368
23  0.8679
24  0.6867
25  0.5448
26  0.4205
27  0.33
28  0.2619
29  0.2122
30  0.1685
31  0.1275
32  0.0966
33  0.0778
34  0.066
35  0.0504
36  0.0371
37  0.0331
38  0.0247
39  0.0191
40  0.0147
41  0.0122
42  0.0084
43  0.0081
44  0.0062
45  0.0046
46  0.0029
47  0.0037
48  0.0029
49  0.0031
50  0.0011
51  0.0018
52  0.0009
53  0.001
54  0.0008
55  0.0003
56  0.0007
57  0.0004
58  0.0003
59  0.0002
63  0.0001
64  0.0002
68  0.0002
69  0.0002
