0  2  2  0  0  2  0  0  2  2  2  0  0  0  0  2  2  2  2  0  2  2  2  2  2  0  2  0  2  0  2  2  0  2  2  2  2  2  0  0  2  2  2  2  2  2  0  0  2  0  0  0  0  2  0  0  0  2  2  2  0  2  2  2  0  0  0  2  0  2  0  2  2  0  0  0  0  2  0  0  2  0  0  0  0  2  2  0  0  0  2  2  2  2  2  0  2  0  0  0  
0  0  3  0  4  3  0  0  0  3  0  3  4  5  6  0  0  0  3  0  0  3  3  0  3  3  0  3  0  0  0  3  0  0  3  0  3  3  3  4  0  3  0  3  3  0  3  0  3  3  0  0  0  0  0  0  1  0  3  0  0  0  3  0  3  4  4  3  3  0  0  0  0  3  4  5  0  3  3  0  3  0  1  1  0  3  3  3  0  4  3  0  3  0  3  3  3  0  1  1  
0  4  0  0  4  4  5  0  0  0  0  4  0  6  7  0  0  4  0  0  4  0  0  4  4  0  4  0  14  15  0  0  0  0  0  0  0  4  0  5  4  4  4  0  4  0  4  4  4  0  1  1  1  1  0  1  0  0  0  1  0  0  0  0  4  0  4  0  0  1  1  1  0  0  5  0  0  0  4  0  0  0  0  0  4  0  0  4  5  4  0  0  4  4  0  0  0  1  0  1  
6  5  0  0  0  0  5  6  7  8  9  0  0  0  7  0  6  5  5  6  0  0  0  0  5  5  5  0  13  13  0  1  1  1  1  0  0  5  0  6  5  0  0  0  0  0  0  5  5  5  6  0  1  1  1  0  1  0  0  1  1  1  0  1  0  0  0  0  1  1  0  0  0  0  0  6  0  1  0  0  0  1  1  0  5  0  6  5  0  5  5  6  0  5  5  6  0  0  1  1  
6  0  1  1  1  0  6  0  8  9  10  11  0  0  0  7  0  0  0  7  8  8  7  6  6  6  0  13  12  0  1  1  0  1  1  0  0  6  7  6  0  0  0  1  0  0  0  0  0  6  0  1  0  1  0  1  1  0  1  0  1  0  0  0  0  1  0  0  0  0  0  0  1  0  0  7  0  0  1  0  1  0  1  0  0  0  0  0  0  6  6  7  6  0  0  0  1  1  1  1  
7  0  0  0  1  0  0  7  8  0  10  0  0  0  1  0  0  1  1  0  0  9  8  7  0  0  7  0  0  11  0  1  1  1  0  0  0  0  7  0  0  0  0  0  0  1  0  1  1  0  0  0  0  0  0  0  1  0  1  0  1  1  0  0  1  1  0  56  0  55  0  0  1  1  0  8  8  9  10  0  0  1  1  0  12  11  10  9  8  7  7  7  7  0  0  0  1  0  1  0  
8  0  0  1  1  1  0  0  0  0  0  0  0  1  0  0  0  0  0  1  0  0  0  0  0  8  8  9  10  0  0  0  1  1  1  1  1  0  0  0  0  0  0  1  0  1  0  0  1  0  1  0  1  1  0  0  1  1  0  0  0  1  1  1  0  0  56  55  0  54  0  0  1  0  9  9  9  0  11  0  0  0  1  0  0  0  10  0  8  8  0  8  8  0  0  0  0  1  1  1  
9  0  0  0  0  0  0  1  1  0  0  0  0  0  1  0  1  1  0  1  0  1  1  1  1  0  9  0  10  11  0  1  1  1  1  0  1  1  1  0  0  1  1  1  0  0  0  1  1  1  1  1  0  1  1  1  1  1  1  1  0  1  1  1  1  0  57  0  54  53  53  0  50  0  0  0  10  0  12  0  1  1  0  0  14  13  0  10  9  0  9  9  0  0  0  46  0  0  1  0  
0  0  0  0  1  0  0  0  0  1  1  0  0  1  1  0  1  1  1  0  1  1  0  1  0  10  10  0  0  12  0  0  1  1  0  1  0  0  1  0  0  1  1  1  0  1  0  1  1  0  1  0  1  1  0  0  1  1  0  1  1  0  0  1  0  58  0  0  0  52  0  50  49  49  48  0  0  13  0  1  0  0  16  0  13  12  11  10  10  10  10  0  47  46  45  0  46  0  0  0  
0  1  0  0  1  0  0  0  1  1  0  1  0  1  0  0  0  1  0  0  0  1  1  0  0  11  0  11  12  0  13  14  0  0  0  0  0  1  1  1  0  1  1  0  0  0  0  1  1  0  0  1  0  0  1  0  1  0  0  0  0  0  1  0  0  0  0  0  50  50  51  0  49  48  0  47  0  0  0  0  1  0  16  15  14  0  12  11  0  11  0  0  48  0  0  44  44  45  0  1  
1  1  1  1  0  1  1  0  0  0  1  1  0  0  0  1  0  0  1  0  1  1  1  0  12  0  12  12  0  14  0  0  0  0  1  1  1  0  0  0  1  1  0  1  0  1  1  1  0  0  0  0  0  1  1  1  1  0  0  0  1  1  1  0  0  0  51  50  49  0  0  0  0  47  46  0  44  0  45  0  0  17  16  15  0  13  12  0  0  0  0  0  49  0  0  43  0  0  0  1  
0  0  1  0  1  0  0  0  1  0  0  1  0  1  0  1  1  1  1  0  1  0  0  0  0  0  13  0  0  0  15  16  17  0  1  1  0  1  1  1  1  1  0  1  1  0  1  1  1  0  1  1  0  0  0  1  0  0  0  66  67  0  1  1  1  0  52  51  0  48  0  49  48  47  46  45  44  43  0  44  45  0  0  0  16  0  13  13  14  0  52  51  50  0  0  0  42  43  44  45  
0  1  1  0  0  1  0  0  1  0  0  0  0  0  1  0  1  0  1  1  1  0  0  0  15  14  0  0  0  0  16  17  18  0  0  1  0  1  1  0  0  0  0  0  1  0  1  0  0  1  0  0  1  0  0  0  0  66  65  66  0  1  0  0  1  0  0  52  0  47  48  0  0  0  0  44  43  42  43  44  45  46  0  0  17  0  0  0  0  53  0  0  0  1  0  41  42  0  0  46  
0  1  1  1  0  0  1  0  1  0  0  1  1  0  0  1  1  0  0  1  0  1  1  1  0  15  0  0  1  0  0  0  0  0  1  1  1  1  0  0  0  0  1  0  1  0  0  1  1  1  1  1  0  0  1  0  1  0  0  64  0  63  0  0  1  0  0  53  0  0  46  0  1  0  0  40  0  0  41  0  0  0  0  0  18  0  0  27  27  28  0  0  0  0  0  0  40  41  42  0  
1  1  1  1  1  1  1  1  0  0  1  1  0  1  0  0  0  0  1  0  1  0  0  1  0  0  1  1  1  0  0  1  1  0  0  1  1  0  1  0  1  1  1  0  0  0  1  0  1  0  1  0  0  0  0  0  1  0  64  63  62  0  60  0  0  55  54  54  0  0  45  0  0  41  40  39  0  40  0  31  0  21  20  19  0  28  27  26  27  28  0  1  1  0  38  39  40  41  42  43  
0  0  0  1  1  1  1  0  1  1  0  0  1  0  1  0  0  1  0  1  1  1  0  1  1  0  0  1  1  0  1  0  1  0  1  0  1  1  0  0  1  0  0  1  1  0  0  0  1  1  1  0  0  73  72  0  1  0  64  63  62  61  60  59  58  0  55  55  0  0  0  44  43  42  41  0  38  38  39  0  30  0  0  0  20  21  0  0  25  26  0  33  0  0  36  37  0  0  42  0  
0  0  0  0  1  1  0  0  1  0  0  0  0  0  0  1  1  1  0  1  1  0  1  1  1  1  1  1  0  1  0  0  1  1  0  0  0  1  0  0  0  1  1  1  1  1  1  0  1  0  0  74  73  72  71  0  0  0  0  0  62  61  60  0  57  56  0  0  47  46  45  44  43  42  0  0  37  0  0  30  29  28  29  0  21  22  23  24  0  0  32  33  34  35  36  37  38  0  0  1  
1  1  1  1  1  0  0  1  0  1  0  1  0  0  0  0  1  1  1  1  0  1  0  0  1  0  0  1  1  1  0  1  1  0  1  0  1  1  0  1  0  1  0  1  0  0  1  1  1  0  0  0  74  0  71  70  0  69  0  0  62  61  60  59  58  0  0  0  0  0  46  0  0  43  43  0  36  36  37  0  0  0  27  0  22  22  23  0  0  0  30  31  0  35  0  0  0  39  40  41  
1  1  1  1  1  1  0  1  0  1  1  0  1  1  1  0  1  0  0  1  0  0  0  1  1  1  0  1  0  1  1  0  1  1  0  1  0  0  1  1  0  0  0  0  0  0  1  1  1  0  1  0  0  71  70  69  68  69  0  0  62  61  0  59  59  60  0  0  49  0  46  45  44  0  0  0  35  0  38  0  0  27  26  0  23  23  0  27  28  29  0  0  36  36  0  41  40  0  41  0  
1  1  1  0  1  1  1  0  1  1  1  1  0  1  0  0  1  0  0  0  0  0  1  0  1  1  1  0  1  0  1  1  0  0  0  1  1  0  1  1  1  0  0  1  0  0  1  1  0  0  0  0  1  0  70  69  68  67  0  64  63  62  62  0  0  60  61  0  0  48  47  0  0  45  46  0  0  34  0  0  29  28  0  25  24  0  24  25  26  27  0  38  37  37  37  38  0  41  42  0  
0  0  0  1  1  0  0  0  1  1  0  0  0  1  1  1  0  1  1  0  0  0  1  1  1  1  0  1  0  0  0  0  1  1  1  0  1  1  1  1  1  0  1  0  0  1  1  0  1  1  0  1  0  0  0  69  0  66  65  64  63  0  0  1  0  61  0  0  49  48  48  47  46  46  0  0  34  33  0  30  0  0  26  25  0  0  25  26  0  0  39  0  0  38  38  0  0  0  0  0  
0  0  0  0  1  0  0  1  1  1  0  0  0  1  0  1  1  0  0  0  1  0  0  1  0  0  1  1  0  0  1  0  0  0  0  1  1  1  1  1  0  0  1  1  0  1  1  0  0  0  0  0  1  1  1  0  0  67  66  0  64  64  0  0  0  0  0  0  0  0  49  0  0  47  47  48  0  33  32  31  0  0  27  0  26  27  0  0  0  0  40  40  41  0  0  39  0  42  0  1  
1  0  1  0  1  1  0  1  0  1  0  1  1  1  0  1  0  1  0  0  1  1  1  0  0  0  0  1  1  1  1  0  0  0  0  1  1  0  0  1  0  1  1  0  0  1  1  0  0  0  1  0  0  0  0  0  0  0  0  0  0  65  66  0  1  1  1  1  0  0  0  0  48  0  48  49  0  33  32  32  33  0  0  0  27  28  29  30  31  0  0  0  0  0  0  40  41  0  1  0  
1  1  0  0  0  0  0  1  1  1  1  1  1  0  0  0  0  0  1  1  1  0  1  1  1  0  0  0  1  1  0  1  1  1  0  1  1  1  1  1  1  1  1  0  1  0  1  0  1  1  0  1  1  1  0  73  0  0  70  0  0  66  0  0  0  1  0  0  1  1  0  50  49  49  0  49  0  0  0  0  0  0  0  29  28  28  0  0  31  0  34  35  36  37  38  39  40  41  42  0  
1  1  0  1  0  0  1  0  0  1  0  1  1  0  1  1  1  0  0  0  0  0  1  1  0  1  0  0  0  0  1  1  0  1  0  1  1  0  1  1  1  0  0  0  1  0  1  1  0  1  1  1  0  0  73  72  71  70  69  68  67  67  68  0  1  1  0  0  0  0  51  50  50  0  0  50  0  37  0  34  33  32  0  29  29  0  0  0  32  33  0  0  0  38  0  40  41  42  43  0  
1  1  1  0  1  0  0  1  1  0  1  1  0  0  0  0  0  0  1  0  1  0  1  1  1  0  1  1  1  1  1  1  0  0  0  0  1  0  1  1  1  1  1  0  0  0  1  0  1  0  1  1  0  0  0  0  0  0  70  69  0  0  68  0  0  1  1  0  54  53  52  0  0  0  1  0  0  37  36  35  0  32  31  30  0  0  35  34  33  0  34  35  36  0  0  40  0  0  0  44  
0  1  1  0  0  1  0  1  1  0  1  0  0  0  0  0  1  1  0  0  1  0  1  1  1  1  0  0  1  1  1  1  0  1  1  0  0  0  0  0  1  1  1  1  1  0  1  0  1  1  1  0  1  0  0  73  72  71  0  0  0  0  69  0  0  0  1  0  0  53  53  0  0  1  1  0  0  37  36  0  33  32  31  0  38  0  35  0  0  0  35  0  37  38  39  0  1  1  0  0  
0  0  0  1  0  0  1  1  1  0  1  1  0  0  0  0  0  1  1  1  1  0  1  0  0  0  1  1  0  0  0  0  1  0  1  0  0  0  0  1  0  1  1  1  0  0  0  0  1  1  0  0  1  1  0  74  73  72  0  73  72  71  70  70  0  59  58  0  0  54  54  0  0  65  0  1  0  0  0  0  34  33  32  0  0  37  36  36  37  0  36  0  38  0  39  0  0  0  0  0  
0  0  0  1  1  0  1  1  1  0  0  1  1  0  1  1  1  1  0  1  1  0  0  0  1  0  1  1  0  0  1  1  1  1  1  1  1  1  1  1  0  1  0  1  1  0  0  1  0  1  0  0  0  0  75  74  0  73  0  73  0  0  71  71  0  0  57  56  55  0  0  0  64  0  1  1  0  0  36  35  0  0  33  0  0  0  37  37  0  37  37  38  39  0  0  1  0  0  0  1  
0  0  1  0  1  0  0  1  1  0  0  1  0  1  0  0  0  0  1  0  0  1  1  0  1  0  0  1  0  0  1  1  0  1  0  1  0  0  1  1  1  1  1  1  0  1  0  1  1  1  1  1  1  1  0  0  0  74  0  74  74  0  0  72  0  78  0  0  0  56  0  0  62  63  0  0  0  0  37  0  36  37  0  0  0  39  38  38  38  38  0  0  0  40  0  0  0  1  0  0  
1  1  1  0  1  0  1  0  1  0  0  0  0  0  0  0  0  0  1  0  1  1  1  1  0  1  0  1  0  1  0  0  1  1  1  0  0  1  0  1  1  0  0  0  0  1  0  1  0  0  1  1  0  1  0  0  75  0  0  75  0  0  0  73  0  77  0  0  57  57  0  61  0  0  1  1  1  0  0  37  0  0  0  0  40  39  0  39  0  39  40  41  41  41  42  0  1  0  1  1  
0  1  1  1  0  0  0  0  1  0  1  0  1  1  1  1  1  0  1  0  1  1  1  1  1  1  0  1  0  1  0  1  0  1  0  1  1  1  0  0  0  1  0  0  1  0  0  0  0  1  0  0  0  0  1  0  0  76  0  0  76  0  0  0  74  75  76  0  0  0  58  59  60  0  131  0  0  1  0  0  0  0  1  1  0  40  40  40  40  0  0  0  42  42  0  43  44  0  0  1  
1  0  0  0  0  1  0  1  1  1  0  1  0  1  1  1  0  1  0  1  1  1  0  1  1  0  1  1  0  0  0  0  1  1  0  1  0  0  0  1  0  1  1  0  0  1  0  1  0  0  1  1  1  0  1  0  77  0  78  77  0  0  1  0  75  0  0  0  136  0  0  0  0  131  130  0  0  1  0  0  1  1  1  0  0  0  41  0  0  45  44  43  43  0  0  0  45  46  0  1  
0  0  0  0  0  1  0  0  1  0  0  1  1  0  1  0  1  0  0  0  0  0  1  1  1  1  1  1  1  1  0  1  0  1  0  1  0  0  0  1  0  0  1  1  0  1  1  1  0  0  1  1  0  0  1  1  0  78  79  78  78  79  80  0  0  0  0  137  136  135  134  0  0  0  130  129  128  127  0  127  128  0  0  0  0  43  42  42  43  0  45  0  0  44  45  46  46  46  0  54  
1  0  0  1  0  1  1  1  1  0  0  1  1  1  0  0  1  0  1  0  0  1  0  1  0  1  0  1  0  1  0  0  0  1  1  0  1  1  0  0  0  0  0  1  0  0  0  0  1  0  0  0  1  0  0  1  0  79  79  79  0  0  81  0  0  0  137  136  135  134  133  132  131  130  129  128  127  126  126  0  128  129  130  0  0  0  0  43  44  45  46  47  0  45  0  0  0  0  53  0  
0  1  1  0  1  0  0  1  0  1  1  1  0  0  1  1  1  0  1  0  0  0  1  0  1  0  0  0  0  1  1  0  1  0  0  0  1  1  1  1  0  1  1  1  1  1  1  1  1  1  1  0  0  1  0  1  1  0  0  0  0  0  0  82  0  0  88  0  136  0  134  133  132  131  0  0  0  126  125  125  126  127  128  0  130  0  0  0  0  0  46  47  0  0  46  47  48  49  0  52  
0  1  1  0  0  1  0  1  1  0  1  0  1  1  0  0  0  0  1  0  1  1  1  0  1  0  1  1  1  1  1  1  0  0  1  0  0  0  1  1  0  0  1  0  0  0  0  1  0  1  1  0  0  0  1  0  0  0  1  1  1  0  0  83  0  87  0  0  0  0  0  0  0  132  0  0  0  125  124  0  126  127  128  129  130  0  0  0  141  0  47  0  0  47  0  48  0  50  51  0  
0  1  0  1  1  1  1  0  0  0  1  0  1  1  1  1  0  0  1  0  1  1  0  1  1  0  1  0  1  1  0  1  0  0  1  0  1  0  1  0  0  1  0  1  0  0  0  0  1  0  0  1  1  0  0  0  0  0  1  0  0  1  0  0  84  85  86  87  0  1  1  0  0  133  0  136  137  0  0  123  0  125  126  0  0  131  0  0  0  140  0  0  142  0  48  0  0  51  0  52  
1  0  1  1  0  0  1  0  1  0  1  1  1  0  1  1  0  0  0  1  1  1  0  0  1  1  0  0  1  0  0  1  1  1  0  0  0  0  1  0  0  1  1  0  0  1  0  0  0  0  0  0  1  0  0  0  1  1  1  0  0  0  86  85  85  86  87  0  0  0  0  0  0  134  135  136  0  0  122  123  124  0  0  0  0  132  133  0  0  139  0  141  0  49  0  53  52  52  0  53  
1  0  0  0  0  0  0  1  0  0  0  1  0  0  1  1  1  0  1  0  1  0  0  1  1  1  1  0  1  1  0  1  0  0  1  1  0  1  0  1  1  1  0  1  0  1  0  0  112  113  114  115  116  0  1  1  1  1  0  0  0  0  87  86  0  0  0  88  0  1  1  1  1  0  0  0  0  0  120  121  122  0  1  1  0  0  0  134  0  137  138  139  140  0  0  0  53  53  0  0  
1  0  0  1  0  1  1  1  1  1  1  0  1  0  0  1  1  1  1  0  0  0  1  0  1  1  0  1  1  0  0  1  1  1  0  1  1  1  1  1  0  1  0  0  1  1  0  111  0  0  0  0  0  1  1  0  0  0  0  90  89  88  0  0  0  0  0  0  0  0  0  0  0  0  0  117  0  119  120  0  122  0  0  1  1  0  0  135  136  0  139  140  141  0  55  54  54  0  1  1  
1  0  0  0  1  1  0  1  1  1  1  0  1  0  0  0  0  1  1  1  1  1  1  0  156  0  0  0  1  0  158  157  0  0  1  1  0  1  1  1  0  0  0  0  0  0  0  0  110  109  108  107  106  0  0  0  0  96  0  91  90  0  89  0  1  0  126  126  0  124  125  0  117  116  115  0  116  117  118  119  120  121  122  0  0  0  0  136  0  0  0  140  141  0  0  55  0  0  0  0  
0  0  0  1  1  1  1  0  0  1  1  1  0  1  0  1  1  0  0  1  1  0  0  0  155  0  153  0  0  0  0  156  0  0  0  0  0  0  0  1  1  0  0  1  0  1  0  111  110  0  0  106  105  104  103  0  95  0  92  91  91  90  90  0  1  0  125  0  123  124  0  118  117  0  114  115  116  117  118  119  0  122  0  0  139  138  137  0  1  0  0  141  0  57  56  56  57  58  0  1  
1  0  0  1  0  1  0  1  1  0  0  0  1  1  1  1  1  0  1  0  1  1  0  0  0  154  153  152  0  153  0  154  155  156  0  1  0  0  1  0  1  1  0  1  1  0  0  112  111  0  0  0  106  105  0  102  0  94  93  92  0  91  0  91  0  0  0  124  123  122  0  119  0  0  0  113  114  115  116  0  120  0  123  0  140  139  138  138  139  0  0  142  142  0  0  57  57  58  0  0  
1  1  1  1  1  0  1  0  1  1  1  1  1  0  0  0  0  1  0  0  0  0  0  0  0  0  152  151  152  152  153  0  0  157  0  0  1  1  1  1  0  1  1  0  1  0  113  112  112  0  107  106  105  0  0  101  0  0  93  0  0  92  92  0  0  1  0  0  122  121  120  0  110  0  112  0  114  0  0  0  121  0  0  0  0  0  139  139  140  141  142  0  0  0  0  58  58  0  0  1  
0  0  0  1  0  1  1  1  1  0  0  0  1  1  0  162  161  161  0  1  0  0  0  1  1  0  0  151  150  0  151  0  0  158  158  159  160  0  0  0  1  0  0  1  1  0  0  113  113  0  107  106  0  104  0  0  100  99  0  0  94  93  0  93  0  96  0  0  0  0  0  0  108  109  0  111  112  113  114  0  0  122  123  0  144  143  0  140  0  0  0  143  144  145  0  0  0  59  60  61  
1  1  1  1  1  0  0  0  0  1  1  0  0  0  163  0  160  0  1  0  0  1  1  0  1  0  151  150  149  150  0  147  0  0  0  0  0  1  1  1  0  0  0  1  1  1  0  0  0  108  0  105  104  103  0  100  0  98  97  0  94  0  0  94  95  96  0  103  104  105  106  107  108  109  110  111  0  0  115  116  0  0  0  144  143  142  141  0  0  0  0  0  145  0  62  61  60  0  61  0  
1  1  0  0  1  0  1  0  0  1  0  1  1  0  0  164  0  159  159  0  1  1  1  0  0  0  0  0  149  148  0  146  146  147  0  0  147  0  0  1  0  1  1  0  1  0  0  113  0  0  109  0  0  103  102  0  99  98  97  96  95  95  96  0  95  96  0  102  102  103  104  105  0  109  0  111  112  0  0  0  0  147  146  145  144  0  142  0  152  0  154  155  0  0  0  0  61  0  0  0  
1  1  1  0  1  0  1  0  0  0  1  0  0  166  165  0  0  158  0  0  0  1  1  0  0  149  0  0  0  147  146  145  0  146  145  0  146  0  0  0  0  1  1  1  0  0  113  112  111  110  0  105  0  102  101  100  99  0  97  0  96  96  97  96  96  97  0  101  0  103  104  0  110  0  0  112  113  114  115  116  0  0  146  145  144  143  0  151  152  153  0  156  157  0  63  62  62  0  1  0  
0  0  1  0  1  0  0  0  1  1  0  0  168  167  166  166  0  0  157  157  0  0  1  0  0  149  148  0  0  148  0  0  144  143  0  144  144  145  0  147  0  0  0  1  0  0  0  0  112  111  0  0  104  103  102  101  100  0  0  0  0  0  0  0  0  97  98  99  100  101  102  103  0  0  0  113  113  114  115  0  0  0  0  146  0  144  144  0  150  151  152  153  0  0  0  63  63  63  0  0  
0  0  0  1  0  0  0  1  0  1  0  0  0  0  0  0  0  0  156  0  1  0  1  0  0  0  147  148  0  149  0  0  0  142  143  143  144  145  146  147  0  1  0  0  0  115  114  0  112  0  109  0  0  0  102  0  0  0  1  1  0  0  1  0  98  98  0  0  101  0  0  0  1  0  0  114  0  0  116  117  0  0  0  147  0  145  0  149  150  0  153  154  155  156  0  0  64  0  1  1  
1  0  1  0  0  0  1  0  0  1  1  0  0  0  162  0  158  157  156  155  0  0  1  1  0  0  0  146  0  150  150  0  0  141  141  142  142  143  0  145  0  1  0  118  117  116  0  113  112  111  0  108  107  106  0  103  0  0  0  0  0  0  1  0  99  0  99  0  102  0  1  0  0  0  0  0  0  118  117  0  118  0  0  148  0  146  146  147  148  0  0  154  155  156  0  1  0  0  0  1  
0  1  0  0  1  1  0  1  0  1  1  0  163  162  161  0  158  0  0  154  0  0  0  0  148  0  146  145  0  0  0  142  0  140  0  141  142  143  144  145  0  0  0  118  0  115  114  113  0  110  109  0  106  105  104  0  1  1  1  1  1  1  1  0  100  0  100  101  0  1  0  0  0  0  0  0  0  118  118  119  0  1  0  0  0  0  147  0  0  0  155  0  156  0  0  1  0  0  0  0  
0  1  0  1  0  0  1  1  0  1  1  1  0  162  161  160  159  0  155  154  153  0  150  149  148  147  146  145  144  143  0  0  141  140  139  139  140  141  0  0  0  121  0  119  0  116  0  114  0  111  110  0  107  0  0  0  0  1  1  0  0  1  0  0  101  0  101  0  0  1  0  0  1  0  1  0  0  0  0  0  120  0  1  1  1  0  0  148  0  157  156  0  157  0  160  0  0  1  0  0  
1  1  0  1  1  0  1  1  0  0  0  1  0  162  161  160  160  0  0  0  152  151  0  148  147  146  145  0  143  142  141  142  0  0  138  0  0  0  1  0  121  120  119  118  117  0  115  0  112  111  111  0  108  0  1  1  1  0  1  1  0  1  0  102  0  102  102  103  0  0  0  0  0  0  0  1  0  0  122  121  121  0  0  1  1  0  0  0  0  0  157  158  158  159  160  0  1  0  1  0  
0  0  0  1  1  0  1  0  1  1  0  0  0  163  0  161  161  0  164  165  0  0  0  0  0  146  145  144  143  0  141  140  0  0  0  137  137  0  1  0  122  121  0  0  118  118  0  116  0  0  0  110  109  0  0  0  1  1  1  0  1  1  1  0  0  103  0  103  104  105  106  107  108  109  110  0  0  0  0  0  122  0  1  1  1  0  0  0  1  1  0  0  0  0  0  0  1  1  0  1  
1  1  0  1  1  1  0  1  1  1  1  0  0  0  162  0  162  163  0  166  0  0  0  0  146  145  144  143  142  0  140  139  138  137  136  136  0  0  0  0  0  121  120  119  119  0  0  117  0  0  111  110  110  0  1  1  0  1  0  1  1  1  1  0  0  0  0  104  105  106  107  108  109  0  0  0  0  1  1  0  0  0  0  1  0  1  1  0  0  1  0  0  1  0  1  0  0  0  0  1  
1  0  0  1  0  0  1  0  1  0  1  0  0  164  163  0  0  163  164  165  166  0  1  1  0  146  145  144  0  141  0  0  139  0  136  135  135  136  137  138  0  0  121  0  120  0  119  118  0  0  112  0  111  0  0  1  1  1  1  1  1  1  0  1  0  108  0  105  105  0  0  108  109  110  0  0  0  1  1  1  0  1  1  1  1  0  1  0  1  1  1  1  0  0  1  0  0  1  1  0  
0  0  0  0  0  1  1  1  0  1  1  1  0  0  0  0  0  0  0  166  167  0  1  1  0  0  145  0  141  140  139  0  0  0  135  134  135  0  0  0  0  0  0  0  121  0  119  0  0  113  113  112  0  0  0  0  1  1  0  1  1  0  0  1  0  107  106  0  0  110  109  0  0  0  1  0  1  0  0  0  0  0  0  1  1  1  0  0  1  0  0  1  0  0  0  0  1  1  1  0  
1  0  0  1  0  1  0  1  1  0  1  0  0  0  0  0  1  1  0  167  0  0  0  0  0  147  146  0  0  0  139  138  137  0  0  134  133  0  0  128  127  0  124  123  122  121  120  120  0  0  0  113  0  0  127  126  0  1  1  0  0  0  1  1  1  0  0  0  1  0  110  110  111  0  1  0  0  1  1  0  1  0  1  1  0  1  1  1  0  0  1  0  1  0  0  0  0  0  0  0  
1  1  0  1  1  0  1  1  0  0  0  1  0  1  0  0  0  1  0  0  152  0  1  0  148  147  0  142  141  140  0  0  136  135  134  133  132  0  0  127  126  125  0  0  0  121  121  0  1  0  0  114  0  0  126  125  0  0  1  1  1  1  0  0  1  1  0  1  0  0  0  111  0  0  1  0  1  1  0  0  0  1  0  1  0  1  0  1  1  1  1  1  0  1  1  0  1  0  1  1  
0  1  1  0  0  0  0  0  0  1  1  0  1  1  0  1  1  1  0  0  0  151  150  0  0  0  0  143  0  141  0  0  0  0  0  0  0  131  130  0  127  126  126  0  0  122  122  122  0  0  0  0  115  116  117  0  124  124  0  0  1  0  0  0  0  1  1  1  0  0  1  0  0  1  1  1  0  1  0  0  0  1  1  0  0  1  1  1  1  1  0  0  1  0  0  0  1  0  1  0  
0  1  0  1  1  1  0  1  1  1  0  1  0  1  0  1  0  0  0  0  0  150  149  148  147  0  144  0  142  0  0  0  149  0  1  1  0  130  129  128  0  0  127  128  0  0  0  123  124  0  0  116  0  117  0  0  123  0  1  0  1  1  0  1  1  0  0  1  0  1  0  0  1  0  1  0  1  1  0  1  1  1  1  1  1  0  0  1  1  1  1  0  0  0  1  1  0  0  1  0  
0  0  0  0  0  1  1  1  0  1  1  1  0  1  0  1  0  0  0  0  0  151  0  149  0  146  145  145  0  143  144  0  147  148  0  1  0  0  130  0  129  0  0  0  129  0  0  0  124  125  126  0  0  0  118  119  0  122  0  0  1  1  1  0  0  0  0  1  0  1  1  0  1  0  0  0  0  1  0  1  0  0  0  1  1  0  1  1  0  0  0  1  1  1  0  1  1  1  1  1  
0  1  0  0  1  1  1  1  0  1  1  1  0  1  0  0  1  0  156  155  0  152  0  150  0  0  146  146  0  144  145  146  147  0  0  0  0  0  0  130  130  131  131  130  0  0  0  0  0  126  0  121  120  119  119  120  121  0  0  1  1  1  1  1  0  1  1  0  0  1  0  0  0  1  0  0  1  0  1  1  0  1  1  0  0  0  1  0  1  0  0  0  1  1  0  0  1  0  0  0  
0  0  1  0  1  0  0  0  0  1  0  0  0  0  1  1  0  0  157  0  154  153  0  0  0  0  0  0  147  0  145  0  147  148  0  1  0  0  0  131  131  131  132  131  0  0  1  0  1  0  0  0  121  0  120  120  0  122  0  0  0  0  1  1  0  0  1  1  0  1  1  1  1  0  1  1  1  0  0  1  1  1  0  0  1  1  0  1  1  1  0  0  1  1  0  0  0  0  0  0  
0  0  0  0  0  0  1  1  1  0  0  167  168  0  0  0  0  158  158  0  154  154  155  0  1  0  0  0  148  0  146  0  148  0  0  0  1  1  0  132  132  132  132  132  133  0  0  1  1  0  0  0  0  121  121  0  0  123  0  1  1  1  0  1  0  1  0  0  0  1  0  1  1  0  0  0  0  1  1  1  0  1  0  1  1  1  1  0  1  1  1  0  1  1  0  0  1  1  1  1  
0  0  1  1  1  1  0  0  1  1  0  167  166  0  162  161  160  159  159  0  155  0  0  155  0  0  151  150  149  148  147  0  147  147  148  0  150  0  0  0  133  133  0  0  0  134  135  0  0  0  0  124  123  122  0  122  123  124  124  125  0  1  0  1  1  1  0  1  0  1  0  0  1  1  1  0  1  0  0  1  1  0  1  0  1  0  0  1  1  1  1  0  0  0  1  1  1  0  1  1  
1  0  0  0  0  0  1  0  0  0  167  166  165  0  0  161  160  0  160  0  0  156  155  154  153  152  0  0  149  148  0  147  146  147  148  149  150  151  0  0  0  134  135  136  135  0  0  0  0  127  0  124  123  123  123  123  0  0  125  0  0  1  1  1  1  0  1  0  0  1  0  1  0  1  0  1  0  0  1  0  1  0  1  1  1  1  1  1  0  0  0  0  0  1  0  0  1  0  0  1  
1  1  1  0  0  1  0  1  1  0  0  0  165  164  163  162  161  0  160  159  158  157  156  0  154  0  0  0  150  149  149  148  0  145  0  0  0  151  0  137  136  135  135  136  0  136  136  0  128  127  126  125  0  0  0  124  0  127  126  126  0  1  0  0  0  0  0  0  0  1  0  0  1  0  0  1  0  1  0  1  0  1  1  1  1  1  1  1  1  0  1  1  0  1  0  0  1  0  1  0  
0  1  1  1  0  0  0  0  0  0  0  0  165  164  163  0  0  161  160  159  0  157  0  0  0  0  0  0  150  150  149  0  0  144  143  142  0  0  0  0  136  136  0  0  0  135  136  0  128  0  0  126  0  1  0  0  128  127  127  127  0  1  1  1  1  1  1  1  0  1  1  1  0  0  0  0  1  1  0  0  1  0  0  1  1  1  1  1  1  1  0  1  0  1  1  0  0  0  0  1  
1  0  0  0  1  0  0  1  1  0  1  0  0  165  164  0  0  0  0  0  0  158  158  0  165  0  167  0  151  151  150  150  0  0  144  0  141  140  139  138  137  137  0  0  135  0  134  0  129  0  0  127  0  0  0  0  0  128  0  0  0  1  0  0  0  0  1  0  0  0  1  0  1  0  0  1  1  1  1  0  0  1  0  0  0  0  0  0  0  1  1  0  0  0  1  1  0  0  1  1  
1  0  1  1  0  0  0  1  0  1  0  0  0  165  0  1  0  1  0  1  0  159  0  0  164  0  166  0  0  0  151  0  0  145  0  142  0  140  0  0  0  138  0  0  134  133  0  130  0  0  0  0  0  0  1  1  0  0  1  1  0  1  0  0  1  0  0  0  0  1  1  1  1  0  1  0  1  0  0  0  1  0  1  1  1  1  0  0  0  1  1  1  1  1  0  1  1  1  1  0  
1  1  1  1  0  1  0  0  0  0  0  168  167  166  166  0  1  1  0  163  0  160  160  161  162  163  164  165  0  0  152  0  0  145  144  143  0  0  0  0  140  139  139  0  0  0  132  131  131  132  133  0  0  137  0  1  0  0  0  0  0  1  1  0  1  1  0  1  1  1  0  0  0  1  1  1  1  1  1  1  1  0  1  0  1  0  0  0  0  0  1  0  1  0  0  1  1  0  0  1  
1  1  1  1  1  0  0  0  1  170  169  0  0  0  0  0  0  0  163  162  161  161  161  162  0  164  165  0  0  0  0  0  146  0  144  0  0  1  0  0  0  140  140  0  0  133  132  0  132  0  134  135  136  137  0  0  0  1  0  1  1  0  1  1  0  0  0  1  1  1  1  1  0  1  0  0  0  1  0  0  1  1  1  0  1  0  1  1  1  1  0  1  0  0  1  0  0  0  1  0  
1  1  1  1  0  1  1  0  1  0  170  0  1  0  1  0  0  0  0  0  162  0  162  0  0  165  0  0  0  0  1  0  0  0  0  0  0  1  1  0  1  0  141  0  0  134  133  0  0  0  0  0  136  0  138  0  0  0  0  144  0  0  0  0  0  0  0  0  0  1  0  1  1  1  0  0  1  0  1  1  1  1  0  0  0  0  1  1  0  0  0  0  1  1  0  0  1  1  0  0  
1  0  1  1  1  0  1  0  0  1  1  1  0  1  0  0  1  0  164  163  0  163  0  167  166  0  0  1  1  0  1  1  1  0  1  1  1  0  0  1  0  142  0  136  135  134  0  1  0  0  0  0  137  0  139  140  141  142  143  144  0  0  0  0  0  0  1  0  0  0  0  1  1  0  0  1  0  0  0  0  0  1  0  1  0  1  1  1  1  0  0  1  1  0  1  0  1  1  1  0  
0  0  1  0  0  1  0  1  1  0  1  1  0  1  0  0  0  1  0  0  0  164  0  0  0  0  1  1  1  0  1  0  1  1  1  1  1  1  0  0  0  143  0  0  0  135  135  136  0  1  1  0  138  0  0  0  141  0  143  0  145  146  147  148  0  1  0  1  1  1  1  0  0  1  1  0  0  1  0  0  0  0  0  1  1  1  1  1  1  0  0  0  0  1  1  0  1  1  1  0  
0  1  1  1  1  0  1  1  0  1  0  1  0  0  0  1  0  1  1  0  165  0  1  0  0  0  0  1  0  1  0  1  0  1  0  1  0  0  0  147  0  144  0  137  136  136  136  137  0  0  0  0  139  0  143  142  142  0  0  146  146  0  148  0  0  0  0  1  0  0  1  1  0  0  1  1  1  1  0  0  0  0  1  1  0  1  0  0  1  0  1  1  1  0  1  1  0  1  0  1  
1  0  1  0  0  1  0  1  1  1  1  1  0  1  0  0  0  1  1  0  166  166  0  0  1  1  1  1  1  0  0  0  0  1  1  0  1  0  148  147  146  145  0  0  0  137  0  137  0  143  0  144  0  140  0  0  143  143  144  0  0  147  148  0  1  0  1  0  1  1  0  0  1  0  0  1  0  0  1  0  1  1  0  1  1  1  0  0  1  1  0  0  1  1  1  0  0  1  0  1  
1  0  1  1  0  0  0  0  1  1  1  0  0  0  0  1  1  0  1  0  0  0  1  1  1  0  1  1  0  1  0  0  0  1  0  0  1  0  0  0  0  146  0  0  0  138  0  138  0  142  143  0  0  141  142  143  144  0  145  0  148  148  0  0  0  0  0  1  0  0  0  0  0  1  1  1  0  0  0  1  0  1  0  1  1  1  0  0  1  1  1  1  1  0  1  1  0  0  1  1  
1  0  1  1  1  0  0  0  1  0  0  1  0  1  1  0  1  1  0  0  1  1  0  1  1  0  1  1  1  0  0  1  0  1  0  1  0  0  0  0  0  0  147  0  1  0  139  0  139  140  141  142  0  142  0  143  144  0  0  146  147  0  0  1  1  0  0  0  0  1  0  0  1  0  0  1  1  1  0  0  0  1  1  0  0  1  0  1  1  1  1  0  0  1  0  1  1  0  0  1  
1  1  1  0  1  0  1  0  1  1  1  1  1  0  1  1  1  0  1  0  1  1  0  0  1  0  0  1  0  1  0  0  1  0  0  0  0  0  0  0  149  148  148  0  0  140  140  140  0  141  142  143  143  143  144  144  0  0  0  147  0  1  0  0  1  0  1  0  0  1  0  0  0  0  1  0  0  1  1  0  0  1  1  1  0  0  1  0  0  0  0  0  0  1  0  0  1  0  0  0  
1  0  0  0  0  1  1  0  1  0  1  0  0  1  0  1  0  0  0  0  0  0  1  0  1  1  0  1  1  1  0  0  1  0  0  158  157  0  0  151  150  0  0  149  150  0  0  0  0  142  0  143  0  0  144  0  145  146  0  148  0  0  0  1  0  1  0  1  0  0  1  1  0  0  1  0  0  0  0  1  1  0  1  1  0  1  0  0  1  0  0  1  1  0  1  1  1  1  0  1  
1  1  0  1  1  0  1  1  1  1  0  1  0  0  1  0  0  0  0  0  1  1  1  1  1  0  0  0  1  0  1  1  0  0  158  0  156  0  0  0  151  0  150  0  151  0  1  0  143  143  0  144  0  0  145  146  0  0  0  0  0  1  0  0  0  1  0  0  0  1  0  0  1  1  1  0  1  0  1  0  1  1  0  1  0  1  0  1  1  1  1  1  1  1  0  0  1  1  1  0  
1  1  1  1  0  0  1  1  1  0  0  1  1  1  1  0  1  0  0  0  1  0  0  1  1  0  0  1  0  0  1  0  0  1  0  157  156  155  154  153  152  0  0  151  152  0  1  0  144  0  144  0  0  0  146  146  0  1  0  1  1  1  1  0  0  1  0  0  1  0  1  0  1  1  0  1  0  0  1  0  0  1  0  0  1  1  0  1  1  1  1  1  0  1  1  0  1  1  1  1  
0  0  0  1  1  0  1  0  1  0  0  1  1  1  1  0  0  1  1  0  1  0  0  1  1  1  0  1  1  0  0  1  0  1  0  0  156  155  154  153  0  153  152  152  153  0  0  145  0  0  145  146  0  147  147  0  0  1  0  0  0  0  1  1  0  0  1  0  1  1  1  1  0  0  0  1  1  0  1  0  1  1  1  0  0  1  0  1  0  0  1  1  1  1  1  0  1  0  1  1  
1  1  0  0  1  1  1  0  1  1  1  1  1  1  0  0  0  0  1  0  0  0  0  0  0  0  1  0  0  0  0  163  0  161  0  0  157  0  0  154  0  154  0  0  0  154  155  0  146  147  0  146  147  0  0  0  1  0  1  1  1  0  1  0  0  1  1  1  1  1  0  0  0  0  0  0  0  1  0  1  0  0  1  0  1  0  1  1  0  0  0  1  1  0  0  0  1  0  0  1  
1  0  1  0  0  1  1  0  0  0  0  1  1  0  1  1  0  0  1  1  0  1  0  1  1  1  0  168  0  0  163  162  161  160  159  158  0  0  155  0  0  155  156  157  0  0  0  0  147  0  147  0  0  0  0  1  1  0  1  0  0  1  0  1  1  0  1  1  1  0  0  0  1  1  1  0  0  1  0  1  0  1  0  1  0  0  0  1  1  1  0  0  1  1  1  1  1  0  1  1  
0  1  0  1  0  0  1  0  1  1  0  1  1  0  0  0  1  1  1  0  1  0  0  0  0  1  0  168  167  0  164  163  162  161  160  159  159  160  0  0  1  0  0  157  158  159  160  0  0  0  148  0  0  0  0  0  0  0  1  1  0  0  1  0  0  0  0  1  1  0  0  1  1  0  1  1  1  1  0  1  0  1  0  0  0  1  0  1  0  1  0  0  0  0  1  0  0  0  1  1  
1  0  1  1  1  0  1  0  1  0  1  0  0  1  1  1  0  1  0  1  1  0  1  1  0  1  0  0  166  165  164  0  0  0  160  160  0  161  0  1  0  1  0  0  0  0  0  0  0  149  149  0  0  0  0  0  1  0  1  1  1  0  1  0  0  1  1  1  1  0  1  0  0  0  0  1  1  0  0  0  1  1  0  1  1  1  1  0  0  1  1  0  0  0  1  1  0  0  0  1  
1  0  1  1  1  0  1  0  1  0  1  0  1  0  1  1  1  1  1  0  0  1  0  0  0  0  1  0  167  166  165  165  0  162  161  0  161  0  0  168  0  1  0  0  1  0  0  1  1  0  150  150  0  1  1  1  0  0  0  0  0  0  0  0  1  1  0  1  1  0  1  1  1  1  1  0  0  0  0  1  1  0  0  1  1  0  0  1  0  1  0  1  1  1  1  1  0  1  0  1  
1  0  1  0  0  0  1  0  0  0  1  1  1  0  1  1  0  0  0  0  1  1  1  1  1  1  0  168  167  0  0  164  163  162  0  0  162  163  0  167  0  0  0  1  0  1  1  0  0  0  0  0  1  1  0  0  1  1  1  1  0  1  1  1  0  0  0  1  1  1  1  0  0  1  1  0  1  0  1  0  0  0  1  0  0  0  0  1  0  0  1  0  0  0  0  0  0  1  0  0  
1  0  0  1  0  0  0  1  0  0  1  0  0  1  0  1  1  1  1  0  1  1  0  0  1  1  0  169  168  167  166  165  164  0  163  164  163  0  164  165  166  167  168  0  0  0  0  0  1  0  0  0  1  1  0  1  1  1  1  0  0  0  0  1  1  0  1  1  1  1  1  1  0  0  1  0  1  0  0  1  1  1  0  1  0  1  1  1  0  1  1  0  0  0  1  1  1  0  0  1  
0  1  1  0  0  1  1  0  1  1  0  1  0  1  0  0  0  0  0  1  1  0  0  1  0  1  0  169  168  0  166  0  165  164  0  164  164  165  165  166  0  0  0  0  0  0  0  1  1  1  1  0  1  1  0  0  0  0  0  1  0  1  0  1  0  1  0  0  1  1  1  1  1  0  0  1  1  1  0  0  0  0  0  1  0  1  1  0  1  1  1  1  0  1  0  1  1  0  1  0  
1  1  0  1  1  1  1  1  0  0  1  0  0  0  0  0  1  1  0  1  1  1  1  1  1  0  1  0  169  0  0  0  166  165  0  165  0  165  166  0  167  0  1  1  0  1  0  0  0  1  0  1  1  1  1  1  1  1  1  1  1  1  1  0  0  1  1  1  0  1  0  0  0  1  0  1  1  0  1  1  0  1  0  0  1  1  1  1  1  0  1  1  1  1  0  0  0  0  0  1  
0  0  0  0  1  1  1  1  0  0  0  0  0  1  1  1  1  1  1  0  1  1  1  0  1  0  0  170  0  0  0  167  0  0  166  0  166  166  167  0  0  0  1  0  0  0  1  0  1  0  1  0  1  1  1  0  0  1  0  0  1  0  1  0  0  0  1  0  1  1  0  1  1  0  0  1  1  0  1  1  1  0  1  1  0  0  1  0  0  1  1  0  0  1  1  1  0  0  0  1  
1  1  0  0  1  1  0  1  0  1  1  0  1  1  0  1  1  0  1  0  1  1  1  1  1  0  1  1  1  1  0  0  0  0  167  0  167  167  0  0  1  1  1  0  0  1  1  0  1  0  0  1  0  0  1  0  1  0  1  0  1  0  0  0  1  0  0  1  1  1  0  0  0  0  0  0  1  0  0  1  1  1  1  1  1  1  1  0  1  1  0  0  0  0  1  1  0  1  1  1  
1  0  1  1  1  0  0  1  1  1  1  0  0  1  0  1  0  1  1  0  0  1  1  0  1  0  0  0  1  1  1  0  0  168  168  0  168  0  0  0  0  0  1  0  1  1  1  1  0  1  0  1  1  1  1  0  1  0  0  0  0  0  1  0  0  1  0  0  0  0  1  0  0  1  1  1  1  1  1  0  0  0  1  1  0  0  0  1  0  0  0  0  0  1  0  1  0  0  1  0  
0  0  0  0  0  0  0  0  1  1  1  0  1  1  1  0  1  1  0  1  0  1  0  0  1  1  1  0  0  0  1  0  1  0  0  169  169  0  0  0  0  1  0  1  0  1  0  0  1  0  1  1  0  0  1  1  1  1  0  0  1  0  1  0  0  0  1  1  1  0  0  0  1  1  1  0  0  1  0  0  1  1  0  0  0  1  0  1  1  1  0  1  0  1  0  1  1  0  1  1  
