0  0  2  2  0  2  0  2  0  2  0  2  0  0  2  2  0  0  2  2  0  2  0  2  2  0  2  2  2  2  2  0  0  2  2  2  2  0  0  0  2  0  0  2  0  0  2  2  2  2  2  0  2  2  2  2  2  2  0  0  2  0  0  0  2  2  2  2  2  2  2  0  0  2  2  2  0  0  0  0  0  2  2  2  2  2  0  0  2  2  0  0  2  0  2  2  2  0  0  2  
0  4  3  0  0  0  3  3  3  3  3  0  0  1  0  3  3  4  0  0  3  0  3  3  3  0  3  3  0  0  3  3  4  3  3  0  0  3  0  0  3  3  4  0  0  0  3  0  0  0  0  0  3  3  3  3  0  3  0  4  3  0  1  0  0  3  0  3  0  3  3  3  0  0  0  0  3  4  0  5  4  3  0  3  0  3  3  4  3  0  0  4  3  0  0  3  3  3  0  0  
5  0  0  7  0  4  4  4  4  4  4  0  0  0  4  4  0  0  0  4  4  0  4  4  0  4  4  4  5  4  4  4  4  0  4  5  0  4  5  0  0  0  5  6  5  4  0  8  0  6  5  4  4  0  4  4  4  4  0  4  0  1  0  5  4  0  0  4  4  4  0  0  9  10  0  4  4  5  6  5  0  4  4  4  0  0  4  0  0  6  5  4  4  5  0  4  0  0  1  1  
6  0  0  0  6  5  0  0  0  5  0  5  0  0  5  5  0  8  0  5  5  5  5  5  5  5  5  5  5  0  5  5  5  5  5  5  0  0  5  6  7  8  0  0  6  0  5  6  7  0  0  0  5  5  5  5  0  0  0  0  5  0  0  6  0  5  6  5  5  0  0  10  9  8  0  5  5  5  0  0  6  0  5  5  5  0  5  5  0  7  6  5  0  0  6  5  5  0  1  1  
7  8  9  0  0  6  7  0  6  0  0  0  0  6  0  6  0  7  6  0  0  6  0  0  0  6  0  0  0  0  6  0  0  6  6  0  0  0  6  7  0  9  0  0  0  6  6  0  0  9  0  6  0  6  6  6  0  0  0  0  0  0  7  7  6  6  0  0  0  0  0  0  8  7  6  6  0  6  0  7  0  6  0  6  6  0  6  0  8  0  6  6  0  7  6  6  0  1  0  1  
8  8  9  0  0  7  0  0  7  7  8  9  8  7  7  0  0  8  0  7  0  0  7  0  0  7  7  8  9  0  7  0  0  7  0  0  0  1  0  0  0  10  0  0  0  7  0  0  0  9  8  7  7  7  0  7  7  8  0  0  0  0  8  0  0  0  0  0  0  16  16  0  0  0  0  7  0  0  7  8  0  7  0  7  0  0  7  0  0  0  0  7  7  8  0  7  7  8  0  1  
9  9  0  0  0  0  1  0  8  0  0  9  8  8  8  0  0  9  8  8  9  0  8  0  8  8  8  0  0  8  0  0  0  8  9  0  1  0  16  15  0  11  10  9  8  0  0  0  10  9  0  0  0  0  8  8  0  9  10  11  12  0  9  10  0  18  18  0  16  15  0  11  10  9  8  0  9  8  8  9  0  0  8  8  9  0  8  0  10  9  8  0  8  0  8  8  0  0  0  0  
0  10  10  11  12  13  0  0  0  0  0  0  9  0  9  9  0  0  0  9  9  10  9  0  9  9  0  0  0  0  9  10  10  9  0  10  0  0  0  15  14  0  11  0  9  9  0  0  11  10  10  11  12  13  0  9  0  10  10  0  12  11  10  0  11  0  17  17  16  15  14  0  0  10  0  0  10  9  9  0  10  0  0  9  9  10  9  0  11  10  0  0  9  9  0  9  9  10  11  0  
0  11  11  0  13  14  15  14  13  12  11  10  10  10  0  0  0  16  0  0  10  10  10  10  0  10  11  0  11  10  10  11  10  0  11  0  0  0  15  14  13  12  0  0  10  0  13  12  11  11  11  0  13  0  10  10  11  0  11  12  12  11  11  12  12  0  16  0  15  14  13  12  11  0  12  11  10  10  0  0  0  0  10  10  10  0  0  12  0  11  0  0  10  10  10  10  10  11  12  13  
13  12  12  12  0  14  15  15  14  13  0  11  11  0  11  12  0  16  15  0  0  11  11  11  11  11  11  12  0  0  0  0  0  11  0  0  15  0  16  15  14  13  13  12  11  0  14  0  12  0  12  0  0  12  11  11  0  0  12  0  13  12  12  0  0  13  14  15  16  15  14  0  12  12  13  0  11  11  0  0  0  12  11  11  11  11  0  13  13  12  12  13  0  0  11  0  11  0  12  0  
13  13  13  13  14  15  16  15  14  0  0  12  0  0  12  0  16  15  14  13  12  12  0  0  12  12  0  13  14  0  0  0  12  12  13  14  15  16  0  15  14  0  0  12  12  0  14  13  0  0  0  14  13  12  12  12  13  0  13  14  13  13  0  0  14  14  0  16  16  0  0  0  0  13  14  0  0  0  0  0  0  12  0  0  12  12  0  0  13  13  0  14  13  12  12  12  12  0  13  0  
14  14  14  14  14  15  0  16  0  15  16  0  13  14  0  13  14  0  15  14  0  13  13  0  13  0  13  14  14  0  17  0  13  13  13  0  0  0  17  0  15  0  0  13  13  13  14  0  14  15  16  0  0  13  0  0  13  0  14  14  14  14  14  15  0  15  15  16  0  17  17  16  15  14  0  0  0  0  16  15  14  13  13  0  13  0  0  15  14  14  0  15  14  13  0  0  0  13  14  14  
0  0  15  15  15  16  0  0  16  0  17  0  0  15  14  0  15  16  0  15  0  14  14  0  14  0  0  15  15  16  0  0  14  0  14  15  16  17  0  16  16  15  14  14  14  14  15  0  0  0  0  15  14  14  15  14  14  15  0  15  0  0  15  16  16  0  16  17  18  0  17  0  0  15  16  17  18  17  16  15  14  14  14  14  0  17  16  15  15  0  16  15  14  14  0  0  0  0  15  15  
22  0  0  16  0  0  17  18  0  0  0  0  0  16  0  15  16  0  17  16  0  0  0  0  15  15  16  16  16  0  0  1  0  0  15  0  0  17  18  0  17  0  0  15  15  0  15  0  0  1  0  0  15  0  0  15  15  0  0  0  16  0  0  16  17  0  0  17  18  19  18  0  1  0  16  0  0  0  17  16  0  15  15  15  15  0  17  0  16  0  17  0  15  15  0  0  19  0  16  16  
21  20  0  17  18  0  0  19  20  21  0  0  0  0  0  16  0  18  0  17  0  1  0  16  0  16  17  17  17  0  1  0  1  0  16  17  18  18  0  18  0  0  16  16  16  0  0  1  0  0  17  16  0  0  16  16  16  0  0  0  17  0  0  17  18  19  0  18  19  0  0  0  1  0  17  18  19  0  0  17  0  16  16  16  16  0  0  17  0  0  17  16  16  0  0  19  18  17  0  0  
0  0  19  18  0  19  20  20  20  0  0  1  0  0  18  17  0  19  0  0  18  19  0  17  17  0  17  0  0  0  22  0  0  0  17  17  0  0  19  19  19  18  17  17  0  17  18  19  0  19  18  17  17  18  0  17  0  17  0  0  0  0  19  18  0  0  20  19  0  20  21  0  24  0  18  18  19  20  19  18  18  0  17  0  0  17  18  0  0  19  18  17  0  0  0  20  19  18  18  19  
22  0  19  0  20  20  0  21  0  0  0  0  20  19  18  18  19  20  0  19  0  19  18  18  0  18  18  19  20  21  0  25  26  0  18  0  0  20  0  20  0  18  18  0  0  18  19  20  20  0  0  0  18  19  0  18  0  18  0  22  23  0  0  0  25  0  20  20  0  21  22  23  0  0  19  19  0  20  0  19  0  18  18  0  18  18  0  0  0  19  0  18  0  0  21  20  19  0  19  20  
0  21  20  20  21  21  0  22  22  23  23  22  21  0  0  19  19  20  21  0  0  0  19  19  0  19  19  19  20  21  22  23  24  0  0  19  20  0  0  0  20  19  19  0  0  19  19  20  21  0  0  0  0  0  0  0  0  0  19  20  21  0  27  26  25  24  0  21  21  22  22  0  0  21  20  20  20  0  21  20  0  19  19  19  19  19  19  20  0  0  20  19  19  0  22  0  0  20  0  0  
22  0  21  0  0  22  0  23  23  24  23  22  22  21  20  20  0  21  22  22  21  20  20  20  20  0  20  20  0  0  23  0  25  0  20  0  21  22  23  0  20  20  0  1  0  0  20  0  22  0  0  28  29  30  31  32  0  0  0  0  0  28  0  0  24  23  22  0  0  23  0  23  22  21  21  21  0  22  0  0  20  20  20  20  0  0  20  0  1  0  0  20  20  0  23  24  0  21  22  23  
23  23  22  22  0  23  0  24  24  24  24  23  23  22  21  21  0  0  0  23  22  0  21  0  0  21  21  0  21  0  24  24  25  0  21  0  0  0  23  0  0  21  21  22  0  0  21  21  0  23  24  0  27  0  0  32  0  1  0  0  30  29  29  0  0  24  23  23  0  0  24  24  23  22  22  0  0  0  23  0  0  0  0  0  21  22  21  0  24  0  0  21  0  21  0  0  0  0  0  23  
0  0  0  0  0  0  0  0  0  25  24  24  23  22  22  22  23  0  0  23  23  22  0  23  22  22  22  0  22  23  24  25  0  0  22  0  0  0  0  0  22  0  22  23  23  22  0  22  23  24  25  26  0  0  33  0  1  1  1  0  0  30  30  0  0  24  24  24  25  25  25  24  23  0  0  26  25  24  24  25  26  27  0  0  22  22  22  23  0  23  22  22  22  22  0  0  0  1  0  24  
0  0  40  0  0  32  31  31  32  0  25  0  24  23  0  0  0  0  29  0  0  23  0  24  23  23  0  0  0  23  0  25  26  0  23  0  0  27  0  24  23  23  23  23  0  0  23  0  23  24  25  0  27  28  0  34  35  0  0  0  0  0  29  0  0  25  0  25  0  0  0  25  24  24  25  26  26  25  25  0  0  27  0  0  23  0  23  23  24  0  0  0  0  23  23  0  1  1  0  25  
38  39  0  34  33  0  30  0  0  26  26  25  0  24  0  30  29  28  0  0  24  24  25  0  0  24  0  25  24  24  25  26  0  0  0  0  27  26  25  24  0  24  0  24  25  0  24  0  0  25  0  28  28  29  0  35  35  34  33  32  31  0  28  27  26  26  26  26  27  28  0  25  25  0  0  0  26  0  26  27  28  0  0  24  0  24  0  24  0  39  38  37  0  24  24  0  1  0  0  0  
0  37  0  35  0  0  30  29  28  27  27  0  26  25  0  0  0  0  27  26  25  25  25  26  0  0  0  26  25  0  25  26  27  0  0  29  28  27  0  25  0  25  0  0  25  26  0  25  26  26  0  29  29  0  0  0  0  35  34  0  31  30  29  28  0  0  27  27  27  0  0  0  0  0  0  0  27  27  27  0  28  28  0  25  0  25  0  0  25  0  0  0  36  0  0  0  1  0  1  1  
0  36  0  0  0  0  30  29  28  0  28  27  0  26  27  28  29  28  27  26  26  26  0  27  28  29  0  26  0  26  0  0  0  0  30  29  0  0  0  0  0  0  1  0  26  27  0  0  0  27  0  0  30  31  0  37  36  0  0  32  0  30  0  0  0  0  28  28  28  29  30  0  40  0  0  0  28  28  0  0  28  27  26  0  0  26  27  0  0  35  34  35  36  37  0  0  0  0  1  1  
38  0  35  34  33  32  31  0  29  29  29  28  28  27  27  0  0  0  28  0  27  27  27  28  28  0  30  0  27  0  0  35  34  33  0  30  0  33  34  0  0  32  0  0  0  27  28  0  0  28  28  0  31  31  32  0  37  36  35  0  0  31  0  0  0  0  0  29  29  0  0  31  0  39  0  40  0  0  29  30  0  0  27  0  28  27  27  28  29  30  0  33  0  0  38  39  40  41  42  0  
37  36  35  0  0  0  31  30  0  30  29  29  28  28  0  0  0  29  29  28  0  28  28  29  0  31  31  0  28  29  0  0  33  32  31  31  32  33  0  0  0  31  30  29  28  0  29  30  0  0  29  30  31  32  0  0  36  35  34  33  32  32  0  0  34  33  0  30  30  31  0  32  0  38  39  40  0  0  0  0  29  28  28  29  0  28  28  29  30  31  32  33  34  0  39  0  0  0  43  0  
38  37  36  0  0  36  0  0  0  31  30  30  29  0  29  30  0  30  0  29  29  0  29  0  30  31  0  30  29  0  0  0  0  0  32  0  32  0  34  0  40  0  0  30  0  0  0  30  31  0  0  0  31  32  0  35  36  0  0  0  33  0  33  0  0  0  32  31  31  31  0  33  0  36  37  38  0  34  0  31  30  29  29  29  30  29  0  0  0  0  0  33  34  35  36  0  46  45  44  44  
38  37  37  37  36  35  34  33  32  31  0  0  0  30  30  31  31  0  30  30  30  30  30  0  0  32  0  30  0  37  36  35  34  33  0  33  0  35  35  0  39  0  31  0  33  32  31  31  0  38  37  0  0  33  34  0  37  0  0  0  34  0  0  0  1  0  0  32  32  0  34  34  35  0  0  0  0  33  32  31  30  0  30  30  30  30  0  37  36  35  34  0  35  0  0  47  0  45  0  45  
39  0  38  0  37  0  35  0  33  32  32  33  32  31  31  31  32  0  31  0  0  31  0  31  32  0  0  0  0  38  37  36  0  34  0  0  34  35  0  0  0  38  0  0  34  33  32  0  0  39  0  36  35  34  34  0  0  0  39  0  0  35  36  37  0  0  34  33  33  33  34  35  0  36  37  0  35  34  33  32  31  31  31  31  31  0  31  32  0  0  35  35  36  36  37  0  0  44  45  46  
40  0  39  0  38  0  0  34  33  0  0  0  0  32  0  32  33  0  32  33  32  0  32  32  0  0  0  40  39  38  37  37  0  0  0  0  35  36  37  38  0  37  36  35  34  33  0  0  40  39  0  36  35  35  35  36  37  38  39  0  36  0  0  38  0  35  0  0  34  0  35  0  37  37  0  0  0  34  33  32  0  32  32  0  32  32  0  33  0  36  36  36  0  0  38  0  43  44  45  46  
0  0  0  0  39  39  40  0  34  34  35  35  34  33  0  33  33  34  0  33  33  33  33  33  33  34  35  0  40  0  38  0  38  0  0  0  0  36  37  38  0  38  0  36  0  0  34  35  0  0  38  37  36  0  0  36  37  38  39  38  37  37  38  0  0  36  36  0  35  0  0  36  0  0  38  37  36  35  0  0  0  0  33  33  0  0  0  34  0  37  37  37  0  40  0  39  0  42  43  44  
0  42  41  40  40  40  0  35  0  0  0  0  34  0  34  34  34  0  0  34  0  34  34  34  34  35  0  39  0  39  39  0  0  0  41  0  0  37  0  0  0  0  37  37  36  35  35  36  37  38  38  0  37  38  37  37  38  39  0  38  38  38  0  1  0  37  37  36  0  1  0  37  38  39  38  37  0  36  37  38  39  0  34  0  1  0  0  35  0  0  38  38  39  40  40  40  41  0  44  45  
0  43  42  0  41  41  0  36  36  0  0  36  35  35  35  35  35  0  1  0  0  0  35  0  0  35  36  37  38  0  0  40  0  0  0  40  39  38  0  0  41  0  38  38  0  36  36  36  37  38  39  0  0  38  38  0  38  39  40  0  0  39  39  40  0  0  0  0  0  43  0  38  38  39  39  38  0  0  0  38  39  38  0  35  36  0  1  0  36  37  0  39  39  0  41  41  41  42  0  45  
44  43  43  0  42  0  0  37  37  38  0  36  0  36  0  0  36  0  0  39  0  36  36  0  0  36  37  38  39  0  41  0  0  0  0  40  0  39  0  0  40  39  39  38  37  0  0  0  0  39  40  41  0  39  39  39  39  40  41  41  40  40  0  41  42  43  44  44  43  42  0  39  39  0  0  0  42  0  39  39  0  37  36  36  37  0  0  37  0  38  39  40  40  41  42  0  42  43  44  0  
45  44  44  44  43  0  49  0  0  0  38  37  0  37  0  0  37  0  43  0  38  37  0  0  38  37  37  38  39  40  41  0  0  47  0  0  41  40  40  41  41  40  40  0  38  38  39  40  0  40  40  41  41  40  40  40  0  40  0  0  41  0  41  42  42  43  44  45  44  0  41  40  40  40  41  42  42  41  40  0  39  38  0  0  37  38  0  38  38  39  0  40  41  0  42  43  0  43  0  0  
0  45  45  44  0  48  49  50  0  39  38  38  38  38  39  38  0  42  0  39  0  0  40  39  0  38  38  39  0  41  0  1  0  46  0  0  0  41  0  0  41  41  40  39  0  39  0  0  41  41  0  42  41  41  41  0  0  0  43  42  42  42  0  43  0  0  45  0  45  0  41  0  41  41  42  43  0  41  41  0  0  0  1  0  38  0  0  0  39  40  41  41  42  43  43  44  44  44  45  46  
0  46  46  0  45  46  47  0  0  40  0  0  0  0  39  0  39  0  41  40  40  41  0  0  40  39  39  39  40  41  0  0  0  0  45  44  43  42  0  1  0  42  0  0  40  40  40  41  42  42  42  43  42  42  0  0  0  45  44  43  43  0  43  44  0  47  46  46  45  0  42  0  0  42  0  0  43  42  0  42  0  1  1  1  0  0  0  41  40  0  41  42  42  43  0  44  45  45  0  0  
0  47  47  0  0  0  0  44  0  41  0  1  0  0  40  40  0  0  0  0  41  42  42  41  40  40  40  40  0  0  51  0  0  46  45  44  43  43  0  0  43  43  0  0  41  41  41  0  43  43  43  0  0  43  44  0  46  45  0  44  44  0  44  45  46  47  46  45  44  43  0  46  0  43  44  0  43  43  43  43  0  1  1  0  44  43  42  41  0  42  42  0  0  44  45  45  46  46  0  1  
0  48  48  0  50  0  47  0  43  42  0  45  0  42  41  41  0  0  45  0  42  42  43  42  41  41  0  0  0  52  51  50  0  47  0  0  44  44  0  45  44  44  0  47  0  0  42  0  0  0  44  0  45  44  0  45  46  0  46  0  0  45  45  45  0  47  47  46  45  0  44  45  45  44  44  45  0  44  0  44  44  0  1  0  45  44  0  0  42  0  43  43  0  45  45  0  46  47  47  48  
0  0  0  49  0  47  46  0  43  43  44  44  43  0  42  42  43  44  45  0  43  43  43  42  42  0  0  0  0  52  0  49  48  47  46  45  0  0  0  0  0  0  47  46  0  43  0  47  46  45  45  46  0  45  46  46  47  0  0  1  0  46  46  0  48  0  0  0  46  45  0  46  45  45  45  46  0  0  45  0  45  0  0  46  45  0  44  43  0  0  0  0  46  0  0  47  47  0  0  49  
52  51  50  49  48  47  46  45  44  44  44  45  44  44  43  43  43  44  45  45  44  0  44  43  43  0  0  0  53  52  51  50  49  48  47  46  46  47  48  49  0  49  48  0  45  44  44  0  47  0  0  46  0  46  46  47  47  0  1  1  0  47  47  0  49  49  49  48  47  46  0  47  46  0  46  46  0  51  0  46  46  0  0  47  46  46  45  0  0  55  0  48  47  0  49  48  0  48  49  50  
52  0  0  49  0  0  46  0  45  45  45  45  45  44  44  44  44  0  46  45  45  45  0  44  0  56  55  54  0  52  51  50  49  48  0  47  0  48  49  0  50  49  0  46  0  45  45  46  47  0  0  47  47  47  47  48  48  0  1  0  0  48  0  0  50  50  49  0  0  47  0  0  47  0  0  0  0  50  0  47  0  0  48  47  47  0  0  0  54  0  0  0  48  49  0  49  49  0  0  51  
0  0  0  50  0  53  0  47  46  46  46  0  46  45  45  0  45  45  0  46  0  46  46  0  45  0  0  55  0  53  52  0  50  49  49  48  48  0  49  0  0  49  48  47  47  0  46  46  47  48  49  0  48  0  48  0  0  49  0  1  0  0  49  0  51  0  0  0  0  0  48  0  0  0  53  52  51  50  49  48  48  49  0  0  48  48  49  50  0  53  0  1  0  49  0  50  50  50  51  0  
53  52  51  51  52  53  0  47  47  0  47  0  0  46  46  46  46  0  47  0  47  47  47  46  46  47  0  0  0  53  52  51  50  50  49  49  49  0  0  51  50  0  48  48  48  0  47  47  48  49  0  49  49  49  49  0  50  50  0  1  0  50  50  51  0  53  52  51  50  49  49  50  51  0  0  0  51  50  0  49  49  0  50  49  0  0  50  51  52  0  1  0  0  50  0  51  0  0  52  53  
54  0  52  52  52  0  0  48  0  0  0  0  48  47  47  0  47  0  48  48  48  48  48  0  0  0  48  0  0  54  0  52  51  0  50  0  50  0  0  0  51  50  49  49  49  49  48  0  0  0  0  50  50  50  50  0  51  51  0  54  0  51  51  0  52  53  53  52  0  0  0  50  51  0  54  0  52  51  51  50  50  50  51  50  0  0  51  51  52  53  54  0  0  51  51  52  52  53  0  53  
54  53  53  0  0  50  49  49  50  0  0  49  48  48  48  48  48  49  49  49  0  0  49  50  0  0  49  0  55  0  53  52  52  0  51  51  51  0  0  0  0  0  50  50  50  49  49  50  51  0  51  0  0  51  51  52  52  52  53  0  52  52  52  0  0  54  0  0  0  1  0  51  52  53  54  0  0  52  0  0  51  0  0  0  0  52  0  52  53  54  0  1  0  52  0  53  53  0  0  54  
55  54  0  0  52  51  50  50  0  51  51  50  49  49  0  49  49  49  50  50  50  51  50  50  51  52  0  50  0  0  54  53  0  0  52  0  0  52  53  0  53  52  51  51  51  50  50  0  51  52  0  52  0  52  52  52  0  53  53  0  53  53  53  0  0  55  0  0  0  57  0  52  52  53  54  55  54  53  0  55  0  52  0  55  54  53  0  0  53  0  55  0  0  53  53  0  54  54  0  55  
55  55  0  53  0  51  51  51  0  0  51  0  50  0  0  50  50  0  51  0  51  51  0  51  52  53  0  51  0  55  0  0  54  53  53  0  0  0  54  54  0  0  52  52  51  51  51  0  52  0  53  0  53  0  53  53  54  0  54  54  54  0  0  0  0  56  57  58  57  56  0  53  0  54  0  55  54  54  0  54  53  0  56  0  54  54  55  0  54  0  0  55  54  0  0  55  0  0  56  0  
56  56  0  54  54  0  0  0  52  53  52  0  51  0  52  51  51  51  52  0  52  52  0  52  52  53  0  52  52  53  54  0  0  54  54  54  55  56  0  0  0  0  53  53  0  52  0  52  0  0  54  0  54  54  54  0  0  55  0  0  0  0  0  64  0  0  0  58  0  0  55  54  54  0  55  56  0  0  0  55  54  0  0  57  0  0  55  56  55  55  0  0  0  0  57  56  0  1  0  57  
57  0  0  0  0  59  0  0  53  0  0  0  52  53  52  52  52  0  53  53  53  0  53  53  53  54  53  0  0  54  55  0  55  0  0  0  56  57  58  59  60  0  0  0  53  0  0  53  54  55  0  55  0  0  55  0  0  0  69  68  67  0  0  63  62  0  59  58  57  56  55  0  0  0  0  57  58  59  0  55  55  0  0  58  0  56  56  0  56  0  0  60  59  58  57  0  0  1  0  0  
0  0  1  0  0  59  58  57  0  54  55  54  53  0  53  53  0  0  54  54  54  54  0  0  54  54  54  54  0  0  0  0  0  0  1  0  0  0  58  59  60  0  0  59  0  54  55  54  54  55  0  56  0  0  56  0  67  68  69  68  67  66  65  64  0  61  60  59  58  0  56  56  0  59  60  0  0  59  0  56  56  0  0  59  0  0  57  57  57  57  58  0  60  59  0  0  0  1  0  1  
0  1  1  0  59  58  57  56  55  55  55  0  54  54  54  0  56  55  55  55  55  0  0  55  55  55  55  55  56  57  0  0  1  0  0  0  60  59  0  60  61  60  59  58  0  55  0  0  55  0  0  57  58  0  0  66  0  69  0  68  0  0  65  65  0  0  0  0  0  57  57  57  58  59  0  0  60  0  0  57  57  0  0  0  0  58  0  58  58  58  0  61  0  60  0  0  1  0  0  1  
0  65  0  0  60  59  0  0  56  56  56  56  0  55  55  55  56  0  0  56  0  56  0  56  56  56  56  56  56  0  58  59  60  0  64  63  0  60  60  61  0  61  0  0  57  56  56  0  0  56  0  58  58  0  0  65  65  66  0  0  69  70  0  0  0  0  0  65  0  0  58  58  58  59  60  61  0  61  0  58  0  58  0  61  0  59  0  59  59  59  59  60  0  0  61  62  0  0  1  0  
0  64  63  0  60  0  0  0  57  57  0  57  0  56  56  0  0  1  0  57  57  0  0  57  57  57  57  57  57  58  59  60  61  0  0  62  61  61  0  62  0  0  1  0  0  57  57  0  57  0  0  0  59  60  0  64  65  66  67  68  69  69  68  67  66  65  64  0  0  59  59  59  59  60  61  62  0  62  0  0  0  59  60  0  0  0  60  60  60  0  0  61  62  0  62  0  66  0  0  0  
0  0  63  62  61  0  65  0  58  58  58  58  58  0  0  57  58  59  0  0  0  58  59  58  58  0  0  58  0  0  59  60  0  0  64  63  0  62  0  63  63  0  70  0  61  0  58  0  58  0  62  61  60  60  61  62  63  64  65  66  67  68  69  0  67  66  0  63  0  60  60  0  60  0  0  62  63  63  0  65  0  60  0  0  64  0  0  61  61  61  62  62  62  63  0  63  64  65  0  0  
66  0  63  0  62  0  64  0  59  59  59  59  59  59  58  0  0  0  64  65  0  0  59  0  59  60  59  59  60  0  60  61  62  0  64  0  0  63  64  64  0  69  0  61  60  59  59  0  0  0  0  0  61  0  62  0  0  0  0  0  0  69  0  0  66  65  0  62  61  0  61  61  61  0  0  63  64  64  0  64  0  61  62  63  64  63  62  0  62  0  0  0  0  0  0  64  0  66  0  1  
66  65  64  0  0  63  64  63  0  60  60  60  0  60  59  59  60  61  62  63  0  1  0  60  60  0  60  60  60  0  61  0  0  0  65  65  65  64  64  65  0  0  68  0  61  0  0  60  61  0  64  0  62  0  63  63  0  70  0  0  71  70  70  0  66  65  64  63  0  62  62  62  62  0  69  0  64  65  0  64  63  62  62  0  64  0  0  63  63  0  72  71  70  0  0  0  65  0  67  0  
66  0  0  0  0  64  63  62  61  61  0  0  0  60  0  0  61  62  0  64  0  1  0  61  61  61  61  0  0  62  62  0  66  66  66  0  0  65  65  0  69  0  67  0  62  62  61  0  62  63  0  63  63  0  64  0  69  70  71  72  0  71  0  0  66  65  0  64  63  0  63  0  0  68  0  65  65  66  0  64  0  63  0  65  65  66  0  64  0  0  71  0  69  68  67  66  66  67  68  0  
0  67  68  67  66  65  0  63  0  62  62  0  62  61  0  63  62  62  63  64  0  0  0  62  0  62  62  0  0  0  0  63  64  65  66  67  0  66  66  0  69  68  67  66  0  63  0  0  0  63  0  64  64  0  0  65  0  68  69  0  72  71  0  69  0  66  66  65  64  64  64  64  65  66  67  0  66  66  66  65  0  64  64  0  0  66  66  65  0  68  69  70  0  69  68  67  67  0  0  69  
0  68  68  0  0  65  64  0  63  0  0  0  62  0  0  63  63  63  64  65  66  0  0  63  63  63  0  71  0  0  0  0  65  66  67  68  0  67  0  0  68  67  66  65  64  0  1  0  0  0  65  65  0  1  0  66  67  68  69  0  0  70  69  68  67  0  66  65  65  65  0  65  66  0  68  0  67  0  66  0  0  0  0  0  67  67  66  66  67  0  0  71  70  69  68  68  68  0  70  0  
0  69  69  69  0  0  0  65  64  64  65  66  0  0  65  64  0  0  64  65  0  0  65  64  64  64  0  71  70  69  68  67  66  0  67  0  0  68  68  69  0  0  67  0  65  0  0  0  0  67  66  66  0  78  0  0  67  68  69  0  72  71  0  69  68  0  67  66  66  66  66  0  0  0  69  0  68  68  0  67  68  0  71  72  0  0  67  67  67  0  0  0  0  70  0  0  69  69  0  71  
70  0  70  69  68  67  66  0  65  65  66  67  0  66  0  65  66  0  0  0  1  0  0  65  65  0  0  71  70  69  68  0  67  68  68  0  0  69  69  0  0  0  0  66  66  0  70  0  0  0  67  0  0  77  78  0  0  69  70  0  0  71  70  69  69  68  0  67  67  67  67  68  69  70  0  69  69  69  68  68  69  70  0  0  0  68  68  0  68  69  0  72  71  0  0  0  70  70  71  0  
71  0  0  70  0  68  0  0  66  66  0  67  68  0  67  66  66  67  68  0  0  0  67  66  66  66  67  0  70  70  69  69  0  68  69  69  70  0  0  70  71  0  74  0  67  67  68  69  70  71  0  0  0  0  76  0  71  70  0  0  74  0  71  0  0  69  69  0  0  68  68  68  69  0  71  70  0  70  69  0  69  0  71  72  73  0  0  69  0  0  70  71  72  0  75  0  0  0  0  72  
0  73  0  70  69  69  0  67  0  67  0  0  69  68  0  67  67  0  69  70  69  68  67  67  0  0  68  69  0  70  70  70  69  69  70  70  71  0  71  71  72  73  0  0  0  0  0  70  71  0  0  0  0  75  0  72  0  71  72  73  74  0  0  71  70  70  70  71  0  0  69  0  70  0  71  71  71  0  0  70  70  71  72  73  74  75  0  70  0  71  0  72  73  74  0  79  80  81  0  0  
0  0  72  71  0  0  69  68  68  68  0  73  0  0  69  68  68  0  0  70  0  69  68  68  0  71  0  69  0  0  71  71  0  0  0  71  71  0  0  72  0  0  74  75  76  0  0  71  0  0  0  76  0  75  74  73  73  72  72  73  0  0  0  72  0  0  71  0  0  75  0  70  0  71  0  72  0  72  72  71  71  0  72  73  74  75  0  71  0  0  72  73  0  0  75  0  78  79  0  1  
0  73  0  72  73  0  69  69  0  0  0  72  71  70  69  0  0  0  0  71  70  0  69  69  70  71  70  70  71  0  72  72  73  73  72  0  0  74  73  73  0  75  75  76  0  0  72  72  73  74  75  76  76  0  0  74  0  0  73  0  75  74  73  73  0  0  72  73  74  0  71  71  72  72  73  73  73  73  72  72  0  0  73  0  75  76  0  72  0  0  73  74  75  76  76  77  78  79  0  1  
0  0  0  73  73  0  70  0  0  74  74  73  72  71  0  0  0  84  0  72  71  0  0  70  70  71  0  0  71  0  0  73  0  74  73  73  0  0  74  74  74  75  0  76  77  0  0  73  73  74  75  76  77  0  0  75  0  75  74  74  75  0  74  0  74  74  73  73  74  0  72  0  72  0  0  0  0  74  73  73  0  0  74  0  76  76  77  0  73  0  0  0  75  76  77  77  78  79  0  1  
0  75  74  0  72  71  71  72  73  0  0  0  72  0  0  77  0  83  0  0  0  72  71  71  71  0  0  72  0  75  74  0  75  74  74  74  0  75  75  0  75  76  0  0  76  75  74  0  74  75  76  77  0  0  0  0  76  75  75  75  0  0  0  0  0  74  0  0  0  0  0  73  73  0  0  1  0  74  74  0  0  75  0  77  0  0  78  0  74  0  0  76  0  77  0  78  79  80  0  1  
78  0  75  0  73  72  72  72  73  74  0  0  73  73  74  75  76  0  82  83  84  0  72  0  0  72  73  73  73  74  75  0  0  75  75  75  75  76  0  76  76  76  77  78  77  76  0  75  0  0  76  77  78  79  0  0  0  76  76  0  76  0  86  0  76  75  0  78  0  76  75  74  74  0  79  0  0  75  0  75  0  76  76  77  0  0  79  0  75  0  0  77  77  78  78  0  0  0  0  0  
77  76  0  74  0  0  73  0  0  75  0  0  74  74  0  76  0  81  82  83  0  73  73  74  73  0  74  74  74  75  76  0  76  76  0  76  0  77  0  77  77  0  78  78  77  77  76  0  78  77  0  78  0  80  81  80  0  77  0  77  0  85  0  0  0  76  77  0  0  0  0  0  75  0  78  77  76  76  0  0  0  77  0  78  0  0  79  0  76  77  78  0  78  79  79  0  1  0  86  87  
78  0  0  0  0  0  74  74  75  76  76  76  75  0  75  0  0  79  80  81  0  74  74  74  74  74  0  0  0  75  76  77  0  77  77  77  0  0  78  0  78  0  79  79  78  0  0  77  0  78  78  0  0  81  0  80  79  78  78  0  0  84  84  0  80  0  77  78  79  80  0  0  76  76  77  0  0  77  0  1  0  78  78  79  0  80  79  78  77  0  78  0  0  79  80  80  0  0  0  85  
0  0  0  101  100  0  75  75  0  0  0  76  76  0  76  77  78  0  0  0  0  0  0  75  75  75  0  1  0  76  77  78  78  78  78  78  0  79  0  0  79  80  80  79  79  80  0  78  79  0  0  0  82  82  0  80  0  79  79  0  83  83  0  80  79  78  78  0  0  79  78  77  77  77  78  79  0  0  1  0  79  79  0  80  81  0  79  0  78  79  79  80  80  80  0  81  82  83  84  0  
0  0  101  100  0  99  0  0  0  79  78  77  0  77  0  0  0  79  80  81  82  83  0  76  76  0  0  82  0  77  77  78  0  0  0  79  79  80  80  0  80  80  81  80  80  0  0  0  79  0  82  83  0  83  83  0  0  80  80  80  81  82  82  81  0  0  79  79  0  0  79  78  0  78  78  79  80  81  0  0  80  80  80  81  0  82  0  80  79  0  80  80  81  0  81  82  0  0  84  85  
0  101  100  99  99  98  97  98  0  79  78  78  78  0  0  83  0  80  0  82  0  0  77  77  77  0  81  0  78  0  78  79  0  81  80  0  0  81  0  0  81  81  0  0  81  82  0  0  80  81  0  84  84  0  84  0  81  81  0  0  0  83  82  0  81  80  0  80  0  0  79  79  79  0  79  80  81  82  82  81  0  0  0  0  83  83  0  80  80  81  81  81  82  82  82  83  0  0  0  0  
103  102  0  99  98  98  0  96  97  0  0  0  0  79  0  83  82  81  0  83  82  0  0  78  0  0  81  80  79  79  79  79  0  0  0  0  1  0  82  0  0  82  0  0  82  82  0  0  81  81  82  83  0  85  0  85  0  0  82  83  84  84  83  83  82  0  81  0  81  0  0  80  0  80  80  0  81  82  83  82  0  0  87  86  0  83  82  81  0  81  82  82  0  83  83  0  84  0  0  0  
102  0  99  98  97  0  95  0  0  0  0  89  0  0  84  83  82  0  84  0  81  80  79  0  83  0  81  80  80  80  0  0  90  91  0  0  0  83  83  0  83  83  0  83  83  0  83  82  82  0  0  84  85  86  86  86  0  83  0  84  0  0  0  0  83  82  82  0  0  0  81  0  81  0  81  82  82  83  0  0  88  87  86  85  84  83  82  82  0  82  83  83  0  84  84  85  0  0  1  0  
102  101  100  0  97  96  0  94  93  92  92  0  88  0  0  0  83  0  0  0  0  0  0  80  81  82  0  81  0  0  81  0  0  89  0  86  85  84  0  84  0  0  84  84  0  84  84  0  0  0  0  85  0  86  0  87  0  84  84  0  0  0  93  93  0  83  83  83  0  0  0  82  0  82  82  0  0  0  84  85  86  87  87  86  85  84  83  83  0  83  0  0  0  0  85  0  86  0  1  1  
0  0  0  97  96  95  0  93  92  91  0  88  87  86  85  84  84  0  1  0  83  82  81  0  82  0  0  82  0  82  82  0  0  88  87  86  85  0  85  85  86  85  0  85  0  85  85  86  0  0  86  86  0  87  87  86  85  85  0  0  93  0  92  0  0  0  84  84  85  84  83  83  0  83  83  84  0  85  0  86  0  88  0  86  85  0  84  84  0  0  89  88  87  86  86  87  87  0  0  1  
0  0  0  98  0  0  94  93  92  91  90  89  88  87  86  0  0  85  0  0  84  0  82  82  83  83  84  0  0  0  83  83  0  86  87  0  86  0  86  0  86  0  86  86  86  86  86  0  0  0  0  87  0  88  0  87  86  0  0  90  91  92  91  91  0  0  85  0  85  85  0  0  84  84  84  84  85  86  86  0  87  88  88  87  86  86  85  0  85  0  0  0  88  0  87  87  0  88  0  1  
100  99  98  97  96  95  94  0  92  91  90  89  88  0  87  87  86  0  0  0  85  0  83  83  84  84  0  0  85  84  84  84  85  86  87  87  87  0  0  87  0  87  0  0  87  87  0  0  1  0  88  0  89  0  88  0  87  88  89  90  91  91  90  0  87  86  0  86  86  0  86  85  0  85  0  85  0  0  87  0  88  89  88  0  87  86  86  0  86  87  88  0  89  0  0  0  0  89  0  1  
101  0  0  98  97  96  0  94  93  92  91  0  89  89  0  0  87  87  88  0  86  0  0  0  84  85  85  0  0  0  85  85  85  86  87  88  0  0  0  88  88  0  88  0  88  88  0  0  0  0  0  89  0  90  0  89  0  88  89  90  0  91  90  89  88  0  87  87  87  87  87  0  0  0  86  86  0  89  88  88  89  0  89  0  0  87  0  0  87  87  88  0  0  90  91  92  93  0  90  91  
0  104  0  98  0  97  0  94  0  92  0  90  90  0  89  88  88  88  88  87  87  0  0  0  0  86  86  0  0  86  86  86  86  0  88  89  90  0  89  89  89  89  89  0  0  89  0  0  0  95  0  0  91  0  0  0  89  89  90  91  0  91  90  89  89  88  0  0  88  88  88  89  90  0  87  87  88  89  89  89  90  90  0  1  0  0  89  88  0  0  89  90  0  91  92  93  0  91  0  92  
0  0  103  0  98  97  96  95  0  93  0  91  0  91  0  89  89  89  0  88  88  0  91  0  0  87  0  87  0  87  87  0  87  0  89  0  90  91  0  90  90  0  90  0  93  0  90  0  93  94  94  93  92  0  0  91  90  0  90  91  0  0  91  0  0  89  0  90  89  0  89  0  0  89  88  88  0  0  0  0  0  91  91  0  0  0  0  0  89  90  0  0  0  0  92  93  0  92  92  93  
0  102  0  99  98  97  96  95  94  0  92  92  92  0  0  90  90  0  0  89  89  0  90  89  88  88  0  88  0  88  88  88  88  89  90  91  0  0  91  91  0  0  91  92  0  0  91  92  93  94  0  93  93  0  92  91  91  91  0  0  1  0  0  1  0  90  0  0  90  90  90  91  0  89  89  0  96  95  94  93  92  92  92  0  0  0  0  90  90  91  0  99  98  0  93  94  0  93  93  94  
103  102  101  100  0  98  0  96  0  0  93  0  0  93  0  91  91  91  92  0  0  90  0  0  89  0  89  0  89  89  0  89  89  0  90  0  92  0  92  0  92  0  92  92  93  93  92  92  0  0  95  94  94  0  0  0  0  92  0  1  1  0  102  102  103  0  91  92  0  0  0  91  0  90  0  90  91  0  95  0  0  0  0  93  94  0  1  0  91  0  0  99  98  97  0  94  0  0  94  94  
103  102  0  101  0  98  97  0  1  0  94  95  94  93  92  92  92  92  93  92  91  0  0  90  90  0  90  90  90  0  90  90  90  91  91  92  0  0  93  93  93  93  0  93  0  93  93  0  0  96  95  0  95  96  97  98  0  0  1  0  103  102  101  0  1  0  0  93  0  0  92  92  0  0  91  91  0  95  96  97  96  95  94  94  0  0  1  0  92  0  0  98  97  96  95  95  96  95  95  0  
0  0  103  0  0  99  0  98  0  0  0  0  0  94  93  93  93  93  0  0  92  0  92  91  91  0  91  91  91  91  91  91  91  91  92  0  93  0  0  0  94  94  94  94  94  94  0  94  95  0  0  96  96  96  97  98  99  0  1  1  103  102  101  100  99  0  97  0  94  94  93  93  93  93  92  0  92  93  94  95  96  96  95  95  0  100  101  0  93  93  94  0  98  0  0  96  96  96  0  0  
1  104  0  103  0  100  0  0  1  0  1  0  95  94  0  94  0  94  95  0  93  93  92  92  92  92  92  92  0  92  0  0  92  92  0  94  0  0  0  95  95  0  95  95  95  0  95  0  96  0  97  0  0  97  98  99  0  0  1  1  0  101  100  99  98  97  96  95  95  94  94  94  0  0  93  93  0  94  0  0  97  0  96  0  99  100  0  94  0  94  0  0  99  100  0  97  97  97  98  99  
1  1  1  0  102  101  101  0  1  1  1  104  0  0  0  95  95  95  95  0  94  94  93  93  93  0  93  93  93  0  0  0  93  93  0  95  0  98  97  96  96  96  96  96  0  96  96  96  97  97  0  0  0  98  0  99  100  101  0  0  1  0  101  0  99  98  97  0  96  0  95  0  0  1  0  94  94  95  95  96  97  0  97  0  0  98  0  95  0  0  0  0  0  100  101  0  98  98  0  0  
1  0  0  103  102  102  102  0  1  1  104  103  102  101  0  96  0  0  0  95  95  0  94  94  0  94  0  94  94  0  0  0  0  0  96  0  99  0  97  97  97  97  0  97  0  97  97  97  0  98  0  100  99  0  0  0  101  0  1  1  1  0  0  100  99  0  0  97  97  96  96  0  0  0  0  0  95  0  0  97  0  98  98  99  98  97  96  0  0  1  0  102  101  101  0  0  0  99  100  101  
1  0  1  104  103  0  0  103  104  1  104  103  102  101  100  0  97  98  99  0  96  96  0  0  95  0  0  95  0  0  0  100  101  0  97  0  100  100  0  98  98  0  98  98  0  98  0  0  98  0  99  100  100  0  0  103  102  102  103  1  0  1  0  101  100  100  0  0  98  97  97  97  98  99  100  101  0  96  0  0  0  99  99  99  0  98  97  0  0  0  1  0  102  102  0  1  1  0  0  101  
1  0  1  0  104  0  0  104  0  1  104  103  0  0  99  98  98  0  100  0  0  97  0  0  96  97  96  96  97  98  99  100  0  98  98  0  101  0  99  0  99  0  0  99  99  0  0  99  0  100  0  101  101  102  0  0  0  0  1  1  1  0  0  101  0  0  0  99  0  98  98  98  99  100  0  0  97  0  1  1  0  0  0  100  0  98  0  0  0  1  1  103  103  103  1  1  0  103  102  0  
1  1  0  1  0  1  0  1  0  1  0  104  104  1  0  0  99  99  100  101  0  0  98  98  97  97  97  0  97  98  0  0  100  99  0  0  102  0  100  100  0  100  0  100  100  100  101  100  0  0  101  102  102  0  103  1  1  0  1  1  0  0  1  0  102  103  1  0  0  0  0  0  99  0  101  0  98  98  99  0  0  1  0  101  0  99  99  100  0  0  1  1  1  0  0  0  0  0  103  0  
1  1  1  1  0  0  1  0  1  0  0  1  0  1  0  100  0  100  101  0  0  99  0  98  0  98  0  0  0  0  102  101  100  100  101  102  0  0  101  101  101  101  0  101  0  101  101  101  102  102  102  0  0  1  0  1  0  1  1  1  0  1  0  103  0  1  0  0  1  0  0  100  0  101  100  99  0  0  100  101  0  0  102  102  0  0  0  0  0  1  1  0  1  0  1  1  0  1  0  1  
1  0  0  1  0  0  0  0  1  0  1  0  0  1  1  0  101  101  101  0  0  100  0  99  0  0  99  0  1  1  103  102  101  0  0  0  0  103  102  0  102  0  0  0  102  102  102  0  102  103  0  103  1  0  1  0  1  1  0  0  0  0  0  1  1  1  1  1  1  0  0  101  101  102  101  0  100  0  101  101  102  103  0  103  0  1  1  1  0  0  0  1  0  1  0  1  0  1  1  0  
1  0  0  0  1  0  0  1  1  1  1  1  0  0  0  0  0  102  102  102  101  101  0  0  0  100  0  1  1  1  103  102  102  103  1  1  0  0  0  0  103  0  1  0  0  103  103  103  103  0  0  1  1  1  1  1  1  0  0  1  1  0  0  1  1  1  1  0  1  103  102  0  102  0  102  101  0  0  0  102  0  1  0  1  1  0  1  0  1  1  1  1  1  1  1  1  0  0  0  1  
1  0  1  1  0  1  0  0  0  0  0  1  0  1  1  1  0  0  0  0  102  102  102  103  0  101  101  102  103  0  0  0  0  103  0  0  0  0  1  1  1  0  1  1  1  1  1  1  0  1  0  1  0  1  1  1  1  1  1  0  1  1  1  1  1  0  0  1  0  1  0  103  103  0  103  0  0  1  0  103  103  0  0  0  0  0  1  0  1  1  0  1  1  0  0  0  1  1  0  0  
1  1  1  0  1  1  0  0  0  1  0  0  1  1  0  0  1  1  0  0  103  103  103  103  102  102  102  103  1  1  0  0  1  1  1  1  1  0  1  0  1  1  1  0  0  1  1  1  1  1  0  1  1  1  0  0  0  1  1  0  1  1  1  0  0  1  1  1  0  1  1  1  1  1  1  1  1  1  0  1  1  0  1  1  1  1  1  1  1  0  0  1  0  0  0  1  1  1  1  1  
0  1  0  1  1  1  0  0  1  1  1  1  1  0  1  1  0  0  1  1  0  104  104  0  0  103  103  0  0  0  0  0  0  1  0  1  1  1  1  1  1  1  1  1  1  1  0  0  0  0  0  1  0  0  0  0  1  1  0  1  0  1  1  1  1  1  1  1  0  1  1  1  0  1  1  1  1  0  0  1  1  1  0  1  0  0  1  1  1  1  1  1  1  0  1  1  0  0  1  1  
