2  0  0  0  0  0  3  3  0  4  0  5  5  0  6  0  0  7  0  0  0  0  8  0  9  0  10  10  10  0  10  10  0  10  0  0  13  13  13  0  0  14  0  0  0  0  15  0  0  16  
0  2  0  2  2  0  0  3  3  0  0  0  0  0  0  0  0  18  0  0  8  8  8  8  8  0  0  0  10  10  0  0  10  10  10  0  20  0  0  13  0  0  14  14  14  14  0  0  21  21  
0  2  2  2  0  22  22  0  0  23  23  0  0  0  24  24  24  0  25  25  0  0  0  8  0  26  26  26  0  10  0  10  10  0  0  28  0  29  0  0  30  30  0  0  0  14  0  0  21  0  
0  0  2  0  0  31  0  22  22  0  0  0  0  0  32  0  24  24  0  0  25  0  33  0  8  0  0  0  26  0  10  10  10  0  34  0  0  29  29  29  29  0  0  0  36  0  0  0  37  0  
0  0  2  0  31  31  31  0  22  0  0  32  32  32  32  0  0  0  40  0  0  0  33  0  0  41  0  0  0  0  10  10  0  34  34  0  43  0  29  29  0  0  44  0  0  0  0  37  37  0  
46  0  47  0  0  31  0  0  48  0  40  40  0  32  0  0  0  0  40  40  40  0  0  0  0  0  0  0  51  0  10  10  0  0  0  34  34  0  29  29  0  0  54  0  0  55  55  0  0  0  
46  46  0  0  31  31  0  0  0  0  0  40  0  0  0  0  0  0  40  40  0  57  57  57  57  57  57  57  0  58  0  10  0  59  0  0  0  0  0  0  0  60  0  61  0  0  0  62  62  62  
46  46  46  46  0  0  0  0  0  40  40  40  40  40  40  40  40  40  40  40  0  65  0  0  0  57  0  0  57  0  0  0  10  0  59  59  59  59  59  59  0  66  0  67  0  68  68  0  0  0  
0  0  46  0  0  69  69  0  70  0  40  40  0  40  40  40  40  0  0  0  65  65  0  72  0  0  73  0  57  0  74  0  0  0  0  0  59  0  0  0  66  66  0  67  0  0  0  76  76  0  
77  77  0  46  0  0  69  69  69  0  0  40  0  0  0  0  40  0  78  0  65  65  65  0  72  72  0  73  0  0  80  0  0  59  59  0  59  59  59  0  66  66  66  0  67  0  67  0  76  0  
77  0  0  0  69  0  69  69  0  0  0  40  0  0  40  40  40  0  0  87  0  65  0  0  0  0  88  0  80  80  80  80  0  59  59  59  59  0  59  59  0  0  66  0  67  67  67  0  76  0  
0  0  90  0  69  69  69  69  0  0  0  92  0  0  40  40  0  40  0  94  0  95  0  96  0  0  0  0  97  0  80  80  0  0  0  59  59  59  59  59  0  98  0  66  0  67  67  0  99  0  
0  100  0  101  0  0  0  0  102  102  0  92  92  0  0  0  103  0  104  0  105  0  96  96  96  0  107  0  97  0  0  80  80  0  59  59  59  0  0  0  0  98  0  66  0  67  0  0  0  109  
0  0  100  0  0  0  0  110  110  0  102  102  0  92  92  0  103  103  0  0  0  0  0  0  96  0  107  107  107  0  0  0  80  0  0  0  0  0  0  113  0  114  0  115  0  0  67  67  0  116  
0  117  0  0  0  102  0  0  0  0  102  102  0  92  92  0  103  103  0  119  119  0  0  0  0  0  0  107  0  120  120  120  0  0  0  121  0  0  0  0  0  0  122  0  123  0  67  0  0  116  
0  124  0  125  125  0  102  102  102  0  102  102  0  0  0  92  0  103  0  0  119  0  127  127  127  0  107  107  107  0  0  0  120  120  0  121  121  121  0  0  0  130  130  0  0  0  131  0  132  0  
0  0  133  0  125  125  0  102  102  102  102  102  0  0  0  0  134  0  135  135  0  127  127  127  127  0  107  107  0  107  107  0  120  0  0  0  0  0  138  0  139  0  0  131  131  131  131  0  0  141  
142  0  0  0  143  0  0  0  0  102  0  0  0  0  144  144  0  134  0  0  135  135  0  127  127  127  0  0  107  107  107  107  0  0  145  0  0  0  138  138  0  139  0  0  0  131  0  131  131  131  
142  0  147  147  0  148  0  0  0  0  144  144  144  144  144  0  0  0  135  135  135  0  127  0  127  0  152  0  0  0  107  0  0  145  145  0  154  154  0  138  0  0  138  0  0  0  0  0  0  131  
156  0  156  0  0  148  148  0  159  159  159  0  144  144  0  0  160  160  160  0  0  0  0  127  127  127  0  152  152  152  0  107  0  0  145  0  138  0  154  0  138  138  138  138  138  138  138  0  0  0  
156  156  156  0  148  148  0  159  159  0  0  0  0  0  0  160  160  160  160  0  165  0  0  0  0  0  152  152  0  0  0  107  0  0  145  0  138  138  0  138  138  138  138  138  0  138  0  0  168  168  
0  156  0  0  0  0  0  0  159  0  0  0  169  169  0  170  0  0  0  0  165  165  165  165  165  0  152  152  152  0  0  173  0  0  0  0  0  138  138  138  0  0  138  138  138  138  0  0  174  0  
0  156  0  0  175  0  0  176  0  0  0  177  0  0  170  170  0  0  0  165  0  165  0  0  0  152  152  152  0  0  173  173  0  173  0  138  138  138  0  138  138  0  0  138  138  138  138  138  0  0  
184  0  156  156  156  0  156  156  0  0  177  177  177  177  177  0  0  165  165  165  165  165  165  0  188  188  0  0  0  189  189  0  173  173  173  0  138  0  0  138  138  138  138  138  138  138  0  0  0  191  
184  0  156  0  156  156  156  0  192  0  177  177  177  0  0  0  0  0  0  0  165  165  165  165  0  0  189  189  189  189  189  0  173  173  0  0  0  194  0  0  0  0  0  0  0  0  195  195  0  191  
184  184  184  0  197  0  0  156  156  0  0  177  0  0  198  198  0  199  199  0  165  165  165  0  165  165  0  189  0  0  0  0  0  173  0  201  0  194  194  0  203  203  0  204  204  0  0  0  0  205  
184  0  184  184  0  206  206  0  0  207  0  177  177  177  0  0  208  0  0  0  0  165  165  0  165  165  165  0  165  0  165  165  0  0  211  0  0  194  0  203  203  0  0  204  0  0  213  0  214  0  
0  0  215  0  0  216  0  206  206  0  0  217  0  0  177  0  218  0  0  0  0  219  0  165  0  0  0  165  0  165  165  165  0  220  0  0  0  0  0  0  203  0  0  0  204  204  0  0  214  214  
222  0  0  0  216  216  0  0  206  206  206  0  224  0  0  225  0  0  226  0  219  219  0  165  0  0  165  165  0  165  165  165  0  0  229  229  229  0  203  203  203  0  0  204  204  0  232  0  214  0  
222  222  0  0  0  0  0  234  234  0  206  0  0  0  0  235  0  0  0  0  0  0  219  0  165  165  0  0  165  165  165  165  0  0  0  0  0  0  0  0  203  203  203  0  204  0  0  0  0  214  
222  222  0  236  0  0  0  234  234  234  0  0  0  0  237  0  0  0  238  0  219  219  219  0  165  0  0  0  0  0  0  165  165  165  0  240  240  240  0  0  203  0  0  0  204  204  0  0  241  0  
222  222  0  0  236  0  243  0  0  0  234  0  244  0  0  0  245  0  246  0  219  219  0  0  165  165  0  165  0  0  0  0  0  165  0  250  0  240  240  240  0  203  203  0  0  0  0  0  241  241  
0  222  222  222  0  0  0  252  252  0  0  0  244  0  0  0  0  0  0  0  219  0  165  165  165  0  165  165  165  0  0  255  0  0  0  250  250  0  240  240  240  0  0  0  0  0  0  0  241  0  
0  0  222  0  222  0  0  252  252  252  0  0  0  0  0  257  0  0  258  258  0  0  0  0  0  165  165  165  165  0  255  0  255  255  0  0  250  0  0  240  0  240  0  260  0  0  261  0  0  0  
262  262  0  263  0  252  0  252  252  0  0  0  0  257  0  257  257  257  0  0  0  0  0  0  165  165  165  165  165  0  255  255  255  0  0  250  250  250  250  0  0  240  240  0  261  261  261  0  0  269  
0  262  262  262  0  0  252  0  252  0  0  0  257  257  257  0  257  257  0  0  271  271  0  272  0  165  0  0  165  165  165  0  255  0  0  273  0  0  250  0  274  0  240  0  261  261  261  0  0  0  
0  262  0  262  0  0  252  252  252  0  276  0  0  257  0  0  257  0  277  0  271  0  272  272  272  0  0  0  165  165  0  0  0  0  279  0  279  0  0  281  0  0  0  282  0  0  0  0  0  0  
0  283  0  0  262  262  262  0  0  0  0  276  0  0  257  257  257  257  257  0  271  271  0  0  0  272  272  0  285  0  0  0  279  279  0  279  279  279  0  0  0  282  282  282  282  282  282  0  288  0  
289  0  0  0  0  262  0  276  276  0  276  276  0  0  0  257  0  0  0  0  0  271  271  271  271  0  0  0  0  0  279  0  0  279  279  279  0  279  0  0  282  282  282  282  0  282  282  282  0  0  
0  289  0  0  0  276  0  0  276  276  276  276  0  276  276  0  257  0  0  0  296  0  271  0  271  0  0  0  297  0  0  279  279  279  279  0  279  279  0  298  298  0  0  282  0  299  0  0  282  0  
0  0  0  276  276  276  276  276  276  276  0  276  276  276  0  0  0  0  301  0  0  271  271  0  0  0  0  0  0  303  303  0  279  279  0  304  0  0  0  298  0  298  0  0  298  0  0  282  282  0  
308  0  0  0  0  0  0  276  276  0  276  276  0  276  0  0  0  309  0  301  0  0  271  0  0  271  271  0  311  0  0  0  279  279  0  313  0  0  0  298  298  298  298  298  298  298  0  0  0  0  
308  0  0  0  315  315  0  0  0  0  0  0  0  0  316  0  0  309  309  0  271  271  271  271  0  271  271  271  0  0  0  318  0  0  313  313  0  320  0  0  298  298  298  0  298  0  0  0  321  321  
0  308  308  308  0  315  0  0  0  322  322  322  0  0  0  0  309  0  0  309  0  271  0  0  271  271  0  271  271  271  0  318  318  318  318  0  0  0  0  298  298  298  0  0  298  298  298  298  0  0  
0  0  0  0  0  315  315  0  0  0  0  0  327  0  309  0  309  309  309  309  0  271  0  329  0  271  271  271  271  0  330  0  0  318  0  0  0  331  331  0  298  0  0  0  298  298  298  298  0  332  
333  333  0  0  333  0  315  0  0  335  0  0  0  327  0  309  309  309  0  0  0  271  271  0  0  0  0  271  271  0  0  330  0  0  0  0  0  330  0  331  0  0  338  0  0  298  298  0  0  0  
0  333  333  333  333  0  315  315  0  335  0  339  0  0  309  309  0  0  0  341  0  0  271  271  0  271  271  271  0  0  330  330  0  0  0  330  0  330  330  0  345  0  0  298  298  298  298  298  298  298  
347  0  333  0  0  0  0  315  0  0  0  0  0  0  348  0  0  341  341  341  341  0  0  271  0  271  271  271  271  271  0  0  330  330  0  330  330  330  330  0  0  0  0  0  298  298  0  0  0  0  
0  0  333  333  0  0  352  0  352  352  352  0  0  354  0  0  355  0  341  0  0  0  271  271  271  0  0  271  271  0  0  357  0  330  0  0  330  0  0  358  0  0  0  0  0  298  0  0  359  0  
360  0  0  0  333  0  352  352  352  352  352  352  352  352  0  0  355  355  0  0  0  0  0  271  0  271  0  0  271  271  0  363  0  330  330  330  330  330  330  0  0  0  365  365  0  298  298  0  0  0  
