0  2  2  0  0  0  3  3  3  0  0  0  0  4  0  0  5  0  0  0  6  0  7  0  8  0  9  0  0  0  0  10  0  11  11  0  0  12  0  13  13  13  13  0  0  14  0  15  0  0  
0  16  0  2  0  17  17  0  0  3  0  0  0  0  4  0  0  0  0  18  0  6  0  0  0  8  8  0  19  0  20  20  0  0  11  0  21  0  12  0  0  13  0  13  0  0  0  0  0  22  
23  0  0  0  24  0  17  0  0  3  0  25  0  0  4  4  0  26  26  0  6  6  0  0  0  0  0  0  0  20  20  0  0  0  11  11  0  29  0  30  30  0  0  13  0  31  0  0  0  22  
32  0  0  0  24  24  0  0  24  24  0  0  0  35  0  4  0  26  26  26  26  0  0  0  0  37  0  38  0  0  20  0  0  39  39  0  11  0  29  0  0  0  0  13  13  0  31  0  41  0  
0  42  0  0  24  24  24  24  0  24  0  0  43  0  0  4  4  0  26  0  26  26  26  26  0  0  44  0  45  0  20  0  39  39  0  0  0  29  29  0  0  0  0  0  13  13  0  48  0  0  
0  0  0  0  24  24  0  0  24  24  24  0  0  0  0  4  4  0  51  0  52  0  0  26  0  0  0  44  0  0  53  0  0  39  39  0  0  0  0  0  0  54  0  0  13  13  0  56  0  0  
0  0  57  57  0  24  0  0  0  24  24  24  0  0  4  4  4  0  0  0  0  0  0  26  0  59  0  44  0  0  53  53  0  0  0  0  0  0  60  0  61  0  0  62  0  0  0  0  0  63  
0  64  0  57  0  24  24  24  24  24  0  0  0  66  66  0  0  0  0  0  67  67  0  26  26  0  0  0  0  69  0  0  53  0  0  70  0  0  0  60  0  0  0  0  0  0  0  0  0  0  
0  0  0  0  0  24  0  0  0  24  24  0  0  0  0  71  71  0  0  0  0  0  26  0  26  0  0  73  73  0  0  74  0  0  70  70  0  76  76  0  0  77  0  78  78  0  0  0  0  79  
0  0  80  80  0  0  0  81  81  0  0  24  0  82  0  83  0  71  71  0  0  0  0  26  26  26  26  0  73  73  0  84  0  0  0  70  0  85  0  76  76  0  0  0  78  78  0  86  0  0  
0  0  80  0  87  0  0  81  81  0  88  0  89  0  90  0  0  0  0  91  0  0  92  0  0  0  0  0  0  0  84  84  0  94  0  70  0  0  95  0  0  0  0  0  78  0  86  86  0  0  
0  0  97  0  0  0  98  0  81  0  88  88  0  0  100  0  0  0  0  0  0  0  0  0  0  101  101  101  101  101  0  0  0  0  94  0  0  102  0  95  0  0  0  0  78  78  0  0  0  0  
0  0  0  0  0  0  0  104  0  0  0  0  0  0  0  0  0  0  0  0  105  105  0  0  0  0  0  101  0  101  0  0  0  0  0  106  0  102  0  95  95  95  95  0  78  78  0  107  0  0  
108  108  0  109  0  110  110  110  0  0  0  0  0  0  0  0  0  0  111  0  112  0  0  0  0  113  0  0  0  0  0  0  0  114  0  115  0  0  102  102  0  0  0  0  0  0  0  0  0  0  
0  0  0  0  116  0  110  110  0  0  0  0  0  0  0  117  0  0  0  118  0  118  118  0  118  0  0  0  121  0  122  0  0  114  0  0  123  0  0  0  124  124  0  125  0  0  126  0  0  0  
0  127  0  0  128  0  0  110  0  129  0  0  0  0  0  0  0  130  0  118  118  118  118  118  118  118  0  0  132  0  122  122  122  0  0  134  134  0  135  0  0  0  0  136  0  0  0  0  0  0  
0  127  127  0  0  137  137  0  0  129  0  138  0  139  0  140  0  130  130  0  0  0  0  0  0  0  0  0  0  0  0  122  122  0  134  134  134  0  0  142  0  136  136  136  0  144  144  0  0  0  
0  0  0  0  145  0  0  137  0  0  0  0  0  0  0  146  0  0  0  0  147  0  147  0  149  149  149  149  149  149  0  0  0  0  134  134  0  134  0  151  0  0  136  0  0  0  144  0  0  0  
152  152  152  0  0  153  153  0  0  154  0  155  0  156  0  146  0  0  147  147  147  147  147  147  0  0  0  0  0  0  158  0  0  0  134  0  0  0  0  151  0  0  136  0  136  0  0  160  0  0  
161  0  0  0  0  0  153  0  162  0  0  0  155  0  0  146  146  0  147  147  0  0  0  147  147  147  0  0  165  0  0  0  166  166  0  134  134  0  0  0  151  151  0  136  0  136  0  0  160  0  
0  0  167  167  0  0  0  0  0  0  168  0  0  146  146  146  0  0  147  147  147  0  0  0  0  147  147  147  0  170  0  0  166  0  0  0  134  0  171  0  151  0  0  136  136  136  0  172  0  0  
173  173  0  167  167  0  0  0  0  0  168  168  0  0  146  146  0  175  175  0  0  0  0  0  0  0  0  0  0  0  0  166  166  166  0  0  134  134  0  171  0  0  178  0  0  0  0  0  0  0  
173  0  167  167  0  167  167  167  167  0  0  0  0  181  0  0  0  0  175  0  182  0  183  0  0  0  184  0  185  0  186  0  166  0  134  134  134  0  0  0  178  178  178  0  0  0  0  189  189  0  
190  0  191  0  167  167  167  0  0  167  0  192  192  192  0  0  175  175  0  175  175  0  0  0  0  194  194  0  0  0  0  0  0  0  0  0  0  134  0  0  195  0  0  0  0  0  0  0  189  189  
0  191  191  0  0  0  167  0  167  167  167  0  0  0  198  0  0  175  175  175  0  0  199  0  200  0  194  194  194  0  201  0  0  0  0  0  0  0  0  0  0  0  0  202  0  203  0  189  189  189  
0  205  0  191  191  0  0  167  0  0  0  0  0  206  0  0  0  0  0  175  0  0  0  0  0  0  207  0  0  194  0  0  0  0  0  0  0  0  0  208  208  0  0  0  0  0  203  0  0  0  
205  205  205  0  0  0  167  167  167  167  0  211  211  0  0  212  0  213  0  0  214  214  0  0  0  0  207  207  0  0  215  215  0  0  216  0  217  0  208  208  208  0  0  219  219  219  0  0  0  0  
0  0  0  0  0  0  0  0  167  0  167  0  0  0  220  0  0  0  0  0  0  0  214  214  0  0  221  0  0  222  222  0  215  0  0  216  0  0  223  0  0  208  0  0  219  0  0  0  224  224  
0  225  225  0  0  0  167  167  167  0  0  227  0  220  220  220  0  0  0  0  0  229  0  214  214  214  0  0  230  0  0  0  215  215  0  216  0  0  0  0  0  208  0  219  219  0  0  232  0  0  
233  233  0  0  234  0  235  0  167  167  0  236  0  220  220  0  0  238  0  0  0  239  0  0  0  214  0  240  0  0  241  0  242  0  215  0  0  243  0  244  244  0  208  208  0  219  0  0  0  0  
0  0  0  0  0  0  0  0  167  0  0  236  0  0  0  0  0  238  0  0  0  239  239  239  0  214  214  0  0  241  241  0  0  0  0  0  0  243  243  0  0  243  0  0  0  0  0  0  247  247  
0  0  248  0  0  0  0  0  249  0  0  0  0  250  0  0  251  0  0  0  252  0  239  0  0  0  214  214  0  253  0  241  0  0  254  0  255  0  243  243  243  243  243  243  0  256  256  0  0  0  
0  0  248  248  248  0  248  248  0  258  0  259  0  250  0  260  0  261  0  0  0  0  239  239  0  214  214  214  0  253  0  0  263  0  254  0  0  0  0  0  0  0  0  0  256  256  0  0  0  0  
0  0  0  0  248  248  248  248  248  0  0  0  259  259  0  0  260  260  0  265  265  265  265  0  0  265  0  0  0  0  253  0  0  0  0  0  0  0  0  267  267  267  267  267  0  256  0  268  0  269  
248  248  248  248  248  248  0  0  0  0  0  259  259  0  259  0  0  0  273  0  0  0  265  265  265  265  0  0  0  0  253  0  0  0  274  274  274  0  0  267  0  0  0  267  0  0  275  0  0  0  
276  0  0  248  0  0  248  0  277  277  0  278  0  259  259  259  0  259  0  0  280  280  0  265  0  0  0  281  0  0  0  253  0  274  274  274  0  0  283  283  0  284  284  284  0  284  284  0  0  286  
0  0  0  0  0  287  0  288  0  0  0  0  289  0  259  259  259  259  0  0  0  280  0  0  0  0  290  0  0  0  253  253  0  0  274  274  0  283  0  283  283  0  0  284  284  284  0  0  0  0  
0  0  288  288  288  288  0  288  288  288  0  0  0  0  295  0  259  0  259  0  296  0  0  0  0  0  290  290  290  290  0  0  0  0  0  0  274  0  283  283  283  0  0  284  284  0  284  284  284  0  
299  299  0  0  288  288  288  288  288  0  0  0  0  0  0  0  0  0  259  259  0  0  0  300  0  0  290  290  290  290  290  0  0  301  0  302  0  283  283  0  0  304  304  0  0  0  0  284  284  284  
0  0  299  0  0  0  288  288  0  0  305  0  0  306  0  0  307  0  308  0  0  0  0  309  0  310  0  290  290  0  0  290  0  0  0  311  0  311  0  283  0  0  304  304  0  0  0  0  0  284  
313  0  0  314  0  288  0  288  288  288  0  0  0  0  316  0  307  0  0  0  0  317  0  309  0  310  0  0  0  0  0  290  0  318  0  311  311  311  0  283  0  319  0  0  320  0  0  0  0  284  
321  0  322  0  0  0  288  288  288  0  288  288  0  323  0  0  324  0  325  0  326  0  0  327  0  328  0  0  0  0  0  329  0  0  0  0  0  311  311  311  0  330  0  0  0  0  331  331  0  0  
0  0  322  322  0  288  288  288  288  288  0  288  0  0  0  325  0  0  325  0  0  334  0  327  0  0  0  335  335  0  0  329  329  0  0  0  0  311  311  0  0  0  336  0  0  337  0  0  0  338  
339  0  0  0  0  0  0  0  0  288  288  288  0  340  0  0  325  325  325  325  0  0  0  327  327  0  0  0  335  335  0  329  329  0  0  343  343  0  311  0  0  0  0  0  344  0  0  0  0  345  
339  0  346  346  0  346  0  0  0  0  288  288  0  340  340  0  325  325  325  0  0  348  348  0  0  0  0  0  0  0  349  0  0  350  350  0  343  0  311  311  0  0  351  0  0  0  0  352  0  0  
0  0  0  346  0  346  346  0  354  354  0  288  0  340  340  0  325  325  325  325  325  0  0  0  0  0  357  357  357  0  0  349  0  0  0  0  0  343  0  311  311  0  0  0  0  0  358  0  0  359  
0  0  346  346  346  346  0  354  354  354  354  0  0  0  340  0  325  0  325  0  0  0  325  325  0  357  357  0  357  0  364  0  0  365  0  0  0  0  311  311  311  0  0  359  0  0  0  359  359  359  
0  0  0  346  346  346  0  0  0  354  354  0  0  369  369  0  370  0  325  325  325  325  325  325  0  0  357  0  372  0  373  0  374  374  0  0  375  0  0  311  311  311  311  0  359  359  359  359  359  359  
0  376  0  346  346  346  346  0  0  0  0  377  0  0  0  0  370  370  0  0  0  0  0  0  0  0  0  378  0  0  0  374  374  0  0  380  0  381  0  311  0  311  311  0  359  359  359  359  359  0  
0  382  0  383  0  346  0  0  0  384  384  384  0  0  0  0  0  0  0  0  385  0  0  0  386  386  0  0  378  0  0  0  0  374  0  0  0  381  381  381  0  388  0  311  311  0  0  0  359  359  
