2  2  2  2  2  0  2  2  2  2  2  2  0  2  2  0  2  2  0  2  2  2  0  2  2  2  0  2  2  2  2  2  2  0  2  2  0  2  2  2  0  2  2  2  2  2  0  0  12  12  
2  2  2  2  2  0  0  2  2  2  2  2  0  2  2  2  0  2  2  2  2  2  2  0  0  2  2  2  2  2  2  2  2  2  2  2  2  2  2  2  2  2  0  2  2  2  2  2  0  0  
2  2  2  2  2  2  0  2  2  2  2  2  2  2  2  2  2  2  2  2  2  2  2  0  2  2  2  2  2  2  2  2  2  2  2  0  2  2  2  2  2  2  2  0  2  2  2  2  0  16  
2  2  2  2  2  2  2  2  2  2  2  2  2  2  0  2  2  2  0  0  2  2  0  0  0  2  2  2  2  2  0  0  0  2  2  2  2  2  2  2  2  2  2  0  2  2  2  2  2  2  
2  2  2  0  0  2  2  2  2  2  2  2  2  2  2  0  2  0  0  2  2  2  2  2  2  2  2  2  2  2  2  2  2  2  2  2  2  0  2  0  0  2  0  2  0  2  2  2  2  2  
0  2  0  2  2  2  2  2  2  2  2  2  2  0  2  2  2  2  0  2  2  2  2  2  2  2  2  2  2  2  2  2  2  2  2  2  0  2  2  2  2  2  2  2  2  2  2  0  2  2  
2  0  2  0  2  2  2  2  2  0  2  2  2  2  2  2  2  2  0  2  2  0  2  2  2  2  0  2  2  2  2  2  2  0  2  2  2  2  0  2  2  2  2  0  2  2  2  2  2  0  
2  2  2  2  2  2  2  2  2  2  2  2  2  2  2  2  2  2  2  2  2  2  2  2  2  2  0  2  2  2  0  2  2  2  0  2  2  0  2  2  2  0  2  0  2  2  0  0  2  2  
2  2  2  2  2  2  2  0  0  2  2  0  2  2  0  0  2  2  2  2  2  0  2  2  2  2  2  2  2  2  2  2  2  0  2  2  2  2  0  2  0  0  2  2  2  2  2  2  0  2  
2  2  2  2  2  2  2  2  0  2  2  2  0  2  2  2  2  2  2  2  2  0  2  0  2  2  2  2  0  2  2  2  2  2  2  2  2  2  0  2  2  2  2  2  2  0  2  0  2  0  
2  2  2  2  0  2  2  2  2  2  2  2  0  2  2  2  0  2  2  0  2  2  2  0  2  2  2  2  2  2  2  2  0  0  2  2  0  0  2  2  2  0  2  2  2  2  2  2  0  33  
2  2  2  2  0  2  2  2  0  2  2  2  2  2  2  2  2  2  0  2  0  2  0  2  2  2  2  2  2  0  2  2  0  2  2  2  2  2  2  2  0  2  0  2  2  2  0  2  2  2  
2  2  0  2  2  0  2  2  2  2  2  0  2  2  2  2  2  2  2  0  2  0  0  2  2  2  2  2  2  0  0  2  2  2  2  0  2  2  2  2  0  2  2  2  2  2  2  2  2  2  
2  0  2  2  2  2  2  2  2  2  2  2  2  2  0  2  0  0  2  0  0  2  2  2  2  2  2  0  2  0  0  2  2  0  0  2  2  2  2  2  2  2  2  0  2  0  0  2  2  2  
2  2  0  2  2  0  2  0  2  2  2  2  2  0  2  2  0  2  0  0  2  2  2  2  2  2  2  0  0  0  2  2  0  2  2  2  2  2  2  0  0  2  2  2  2  2  0  0  2  2  
2  2  2  2  2  2  2  2  2  0  0  2  2  2  0  2  2  2  2  2  2  2  2  0  0  2  2  2  2  2  2  2  0  2  2  2  2  2  2  0  2  2  2  2  2  2  2  2  2  2  
2  2  2  0  2  2  2  2  2  2  0  2  2  2  0  2  2  2  2  2  2  0  2  2  2  2  2  2  2  2  2  2  0  0  2  2  0  2  2  0  2  2  2  2  2  2  2  2  2  2  
0  2  0  2  2  0  2  2  2  2  2  2  2  2  2  0  0  2  2  2  2  0  0  2  2  2  2  2  2  0  2  2  2  2  2  2  2  2  2  2  2  2  2  0  2  2  2  2  2  2  
2  0  2  2  2  2  2  2  2  0  2  2  2  2  2  2  2  2  2  0  2  0  50  0  0  2  2  0  0  2  2  0  2  2  2  2  2  2  2  2  2  2  2  2  2  2  2  2  2  2  
2  2  2  2  2  2  2  0  2  0  2  2  0  0  0  2  2  2  2  2  2  2  0  0  0  0  2  2  2  2  0  2  2  2  0  2  2  2  2  2  2  2  0  2  2  2  2  2  2  2  
2  0  2  2  0  2  2  2  2  0  2  0  2  2  2  2  2  2  2  2  0  2  2  2  0  2  2  2  2  2  0  2  2  0  0  2  2  2  2  2  0  2  2  2  2  2  2  0  2  2  
0  2  0  2  2  2  2  2  0  2  2  2  2  2  2  0  2  2  2  2  0  2  2  2  2  0  2  2  2  2  0  2  2  2  2  0  2  0  2  0  2  2  2  2  0  2  2  2  2  2  
2  2  2  2  2  2  2  2  2  2  2  0  0  2  2  2  2  2  2  2  2  2  0  2  2  2  0  2  2  2  2  2  2  2  2  0  2  2  0  2  2  2  0  0  0  2  2  2  0  0  
2  2  2  2  2  0  2  2  2  0  2  2  2  2  2  2  2  0  2  2  2  2  2  0  0  2  2  2  2  2  2  2  2  2  2  2  2  0  2  0  2  2  2  2  2  2  0  2  2  2  
2  2  0  0  2  0  2  2  2  2  0  2  0  2  2  0  2  2  2  2  2  2  2  2  2  2  2  2  2  2  0  2  2  2  2  2  2  2  2  2  0  2  2  2  0  2  2  2  0  2  
61  0  0  2  2  2  2  0  2  2  2  2  2  2  0  2  2  2  2  2  2  0  0  2  2  2  2  2  2  2  2  2  2  2  2  2  2  0  2  0  2  2  2  2  2  2  0  2  2  0  
0  0  2  2  2  0  0  2  2  2  0  2  0  2  0  2  2  2  2  2  2  2  2  0  2  2  2  2  2  2  2  2  2  2  2  2  2  2  2  2  2  2  2  2  2  0  2  2  2  2  
2  0  2  2  2  0  2  2  2  2  2  2  2  2  2  2  2  2  2  2  2  2  2  2  2  2  2  2  2  2  2  0  2  2  2  2  2  0  2  0  2  2  2  2  2  2  2  2  0  2  
2  0  2  2  2  2  0  2  2  0  2  2  2  0  2  2  2  2  2  2  2  2  2  2  2  2  2  2  0  2  2  2  0  2  2  2  2  2  2  2  2  2  2  2  0  2  2  2  2  0  
2  2  0  0  2  0  2  0  2  2  0  2  2  2  2  2  2  2  2  2  2  2  2  2  2  2  2  0  0  2  2  2  0  2  2  2  2  2  2  2  0  2  0  2  2  2  2  2  0  2  
2  2  0  2  2  2  2  2  2  0  2  0  0  2  2  2  2  0  0  2  2  2  2  2  2  2  2  2  2  2  2  2  0  2  2  2  2  0  2  2  2  0  2  0  2  2  2  2  2  0  
2  2  0  0  2  2  2  2  2  2  0  2  2  2  2  2  2  2  2  2  2  2  2  2  0  2  2  2  2  2  2  2  2  0  2  2  2  0  2  2  0  2  2  2  2  2  2  2  2  0  
2  0  0  2  2  2  2  0  2  0  2  2  2  2  0  2  2  0  2  2  0  2  2  2  2  2  2  2  2  2  2  2  2  2  0  2  2  0  2  2  2  2  0  2  2  2  2  2  2  2  
2  2  2  2  2  2  2  2  2  2  0  0  2  2  2  0  2  2  0  2  0  2  2  2  2  0  2  2  2  2  2  2  2  2  0  0  2  0  2  2  2  2  2  2  2  2  2  2  2  2  
2  2  2  2  2  2  2  2  2  2  0  0  2  2  2  2  2  0  0  2  2  2  0  2  2  2  2  2  2  2  0  2  0  0  0  2  2  2  2  2  2  2  2  2  2  0  0  2  2  2  
2  2  2  2  2  2  2  2  2  0  2  2  2  0  2  2  2  2  2  2  0  2  2  0  0  2  0  2  2  2  2  2  2  2  2  2  0  0  2  2  2  2  2  2  2  2  0  2  2  2  
2  2  2  2  0  2  2  2  2  2  2  0  2  2  2  2  2  0  2  2  2  2  2  2  2  2  0  0  0  2  2  2  2  2  2  2  0  0  2  2  2  2  2  0  2  0  2  2  0  2  
0  2  2  0  0  2  2  2  2  2  0  2  2  2  2  2  2  2  2  0  0  2  2  2  2  2  2  2  2  2  2  2  2  2  2  2  0  0  0  2  2  2  2  0  2  2  2  0  2  2  
2  0  2  2  0  2  2  2  0  2  0  0  0  2  2  0  0  2  0  2  2  0  2  0  2  2  0  2  2  2  2  2  2  2  2  2  2  0  2  2  2  2  2  2  2  2  2  2  2  2  
2  2  2  0  2  0  2  2  2  2  2  2  2  2  2  2  0  2  2  0  2  2  2  2  2  2  0  2  2  2  2  2  2  2  2  2  2  2  2  0  0  2  2  2  2  2  2  2  2  0  
2  2  2  2  2  2  2  2  2  2  2  0  2  0  2  2  2  2  2  2  2  2  0  0  0  2  2  2  2  2  2  2  2  2  2  2  2  0  2  2  2  2  2  2  0  0  2  2  2  2  
2  0  2  2  2  0  2  2  2  0  2  2  2  0  2  2  2  2  2  2  2  0  2  2  2  2  2  2  2  2  2  2  0  2  2  2  2  2  0  2  2  2  2  2  2  2  2  0  2  0  
2  2  2  0  2  2  2  2  2  2  2  2  2  2  0  2  2  2  2  2  2  0  2  2  2  2  2  0  2  2  2  2  0  2  2  2  2  2  2  0  0  2  0  2  2  2  0  0  2  2  
2  2  2  2  2  2  0  2  2  2  2  0  0  2  2  2  2  0  2  2  0  2  2  2  2  2  2  2  2  2  2  2  0  2  2  2  2  2  2  2  2  2  2  2  2  2  2  2  2  2  
2  2  2  2  2  0  2  0  2  2  2  2  2  0  2  2  2  2  2  2  2  2  2  2  2  2  2  2  2  2  2  2  2  2  2  2  0  2  0  2  0  2  2  2  2  2  2  0  2  2  
0  2  0  2  2  2  0  2  2  0  2  0  2  2  2  2  2  2  2  2  2  2  2  0  2  2  2  2  2  2  2  2  2  2  2  2  2  2  2  0  2  2  2  0  0  2  0  2  2  0  
0  2  2  2  2  2  2  0  2  2  2  2  2  2  2  2  0  2  2  2  2  2  0  2  2  2  2  2  2  2  0  2  2  2  2  0  2  2  2  0  2  2  0  2  2  2  2  2  2  2  
2  2  0  2  2  2  2  2  2  0  2  2  2  2  2  2  2  2  2  2  2  2  0  2  2  2  2  2  2  2  2  2  2  2  2  0  0  2  2  2  2  2  2  2  2  0  2  2  2  2  
2  2  2  2  0  2  0  2  2  2  2  2  2  2  2  0  2  2  2  0  2  2  2  2  2  2  0  0  2  2  2  0  2  2  2  2  2  2  2  2  2  2  2  0  2  0  0  2  2  2  
2  2  2  2  2  2  0  2  2  2  2  2  2  2  0  2  2  2  2  2  2  0  2  2  2  2  0  2  2  2  2  2  0  2  2  2  2  2  2  2  2  2  2  2  2  0  2  2  2  2  
