0  2  2  2  0  3  0  3  0  0  5  5  5  5  0  0  5  5  5  5  5  5  5  5  5  5  5  5  0  5  0  8  0  9  9  9  9  0  0  10  10  0  10  10  10  10  10  0  12  12  
0  13  0  2  2  0  3  0  3  3  0  5  5  5  0  14  0  5  0  0  5  5  0  0  5  0  5  0  5  5  5  0  0  9  9  0  9  9  0  0  10  0  10  10  0  10  0  0  0  0  
0  13  0  2  2  0  3  3  3  0  5  5  0  5  5  0  5  5  5  5  0  0  19  0  5  5  5  0  5  0  5  0  20  0  9  0  9  9  0  0  10  10  10  10  0  10  0  21  21  21  
22  0  0  0  2  0  0  0  0  3  0  0  5  0  0  0  5  5  5  5  5  0  0  0  0  5  0  5  0  5  0  5  0  0  10  0  0  9  0  0  10  0  10  10  10  10  0  26  0  21  
22  0  27  0  2  0  0  28  0  3  0  0  5  5  5  0  5  5  5  5  0  29  29  29  0  5  5  0  5  5  5  0  0  0  10  10  10  0  0  0  10  10  10  10  10  10  0  0  0  0  
0  0  31  0  0  2  0  28  28  28  0  0  0  0  5  5  5  5  0  5  0  33  0  0  0  0  5  5  0  5  0  0  34  34  0  10  0  10  10  10  0  0  0  10  10  10  10  0  35  0  
36  0  31  0  31  0  28  28  28  0  0  0  10  10  0  0  0  0  5  5  5  0  5  5  0  5  5  0  0  5  0  43  0  0  10  0  10  10  10  0  46  0  0  0  10  10  10  0  0  47  
48  0  0  31  31  31  0  28  0  0  0  0  0  10  10  0  49  0  5  5  5  5  5  5  0  0  5  0  0  5  5  0  43  43  0  10  10  0  10  10  10  0  10  10  10  0  0  10  10  10  
48  48  0  0  0  0  0  0  10  10  10  0  10  10  10  0  0  10  0  5  5  0  0  0  10  10  0  10  0  0  0  43  43  0  10  10  10  10  0  10  10  10  10  10  10  10  10  10  10  0  
48  48  48  48  0  0  0  61  0  10  10  0  62  0  10  10  10  10  10  0  0  0  0  10  10  10  10  10  10  10  10  0  0  43  0  0  10  0  10  10  0  10  10  0  10  10  10  0  10  10  
0  48  0  48  0  0  0  61  0  10  10  0  0  10  0  10  10  10  10  0  0  0  10  10  10  10  10  0  10  10  0  0  0  0  10  0  10  10  0  10  10  10  10  10  0  0  10  0  10  10  
0  67  0  0  48  48  0  0  0  10  10  0  10  10  10  10  0  10  10  0  0  70  0  10  10  0  0  0  0  10  10  10  0  10  0  10  0  0  10  10  10  0  10  10  0  0  10  0  0  0  
0  0  0  73  0  0  0  74  0  10  0  0  0  0  10  10  0  10  10  0  75  0  10  10  10  10  10  10  10  0  0  10  10  10  10  10  0  10  10  0  0  0  10  10  10  0  10  10  0  78  
0  10  10  10  0  10  10  10  0  0  10  0  10  0  10  10  10  10  10  10  0  0  10  10  10  0  10  0  0  10  0  10  0  10  10  0  10  10  10  0  0  10  10  10  10  10  10  0  10  0  
10  10  0  10  10  10  10  10  10  10  10  0  10  10  10  10  10  10  10  10  0  10  0  0  0  10  10  10  10  10  0  10  10  10  10  10  10  0  10  0  10  10  10  0  10  10  10  10  10  10  
0  0  10  10  10  10  10  10  0  0  10  0  10  10  10  10  10  10  10  0  10  0  10  10  10  10  0  10  10  10  10  10  10  10  0  10  0  0  10  0  0  0  0  0  0  0  10  10  0  0  
10  0  0  0  0  10  0  0  0  10  10  10  0  10  10  10  10  0  10  0  0  0  10  10  10  10  0  10  0  10  10  10  10  0  0  10  0  10  10  0  10  10  10  10  10  0  10  0  0  0  
10  10  10  10  10  0  0  10  10  10  0  0  10  10  10  10  10  10  0  10  10  10  10  10  10  10  0  0  0  98  0  10  0  10  10  10  0  0  10  0  10  10  0  10  10  10  10  10  10  10  
10  0  10  10  0  10  10  10  10  10  0  10  10  10  10  10  0  10  10  10  10  10  10  10  10  10  10  10  10  0  10  10  10  0  10  10  0  0  10  10  0  0  10  10  10  0  10  10  0  0  
10  10  10  10  0  0  10  10  0  10  0  10  10  10  10  0  10  10  10  10  0  10  0  10  10  10  10  10  10  10  0  10  10  10  10  10  10  10  10  10  0  10  10  10  10  10  0  10  0  0  
10  10  10  10  10  10  10  10  10  10  10  10  10  10  0  107  0  10  0  0  0  10  10  0  0  0  10  10  0  10  10  10  10  0  0  0  10  10  10  0  0  10  0  10  0  0  10  10  10  0  
0  0  10  10  0  0  10  0  0  0  10  0  10  10  0  0  0  0  10  10  0  109  0  10  0  0  10  10  10  10  10  10  10  10  10  10  0  0  10  10  0  10  10  0  0  10  10  10  10  0  
0  10  10  10  10  0  10  0  0  0  0  10  10  10  10  10  0  0  10  10  10  0  0  10  10  0  0  10  10  10  0  10  10  10  10  10  10  0  0  0  10  10  0  0  0  10  0  0  10  0  
0  0  10  10  0  0  0  0  0  0  10  10  10  0  10  10  10  10  10  10  10  10  0  0  10  10  0  0  10  0  10  10  0  10  0  10  0  0  10  0  10  10  10  0  119  0  10  10  10  10  
120  0  10  10  10  10  10  10  0  10  10  0  10  10  0  10  10  0  0  10  0  10  0  122  0  0  0  123  0  124  0  10  10  10  10  10  0  10  10  10  10  0  10  0  0  10  10  0  0  10  
10  0  10  10  10  0  0  10  0  0  0  0  0  10  10  10  10  0  0  129  0  0  10  0  0  10  0  123  123  123  0  10  10  10  0  10  10  0  0  0  0  10  10  10  10  10  10  10  10  10  
10  10  0  10  10  10  0  10  0  10  10  10  10  0  0  0  10  0  0  129  0  10  10  0  10  10  10  0  0  0  10  0  0  10  0  0  10  10  0  0  137  0  0  10  0  10  0  10  0  10  
138  0  10  10  10  10  10  0  10  0  10  0  10  0  10  0  0  10  10  10  0  0  0  0  0  10  0  10  10  10  10  10  0  10  10  0  10  10  10  10  0  0  0  10  10  0  0  143  0  0  
138  0  0  0  10  0  10  10  0  0  0  10  10  10  10  0  0  10  0  10  0  10  0  0  10  10  10  0  10  0  0  10  0  0  10  10  10  0  0  10  10  10  10  10  10  0  0  0  147  147  
0  138  0  148  148  0  0  0  0  10  0  10  10  0  0  10  0  0  10  0  10  0  10  10  10  10  10  10  10  0  10  10  10  0  152  0  0  10  0  10  10  10  0  10  10  10  0  154  154  0  
0  0  0  0  148  0  10  10  10  10  10  0  10  10  10  10  10  0  10  10  0  10  10  0  0  0  0  10  10  0  0  10  10  0  0  0  0  10  0  10  0  10  10  0  10  0  0  0  154  154  
0  0  10  10  10  0  10  10  0  10  10  0  0  10  0  0  10  0  159  0  10  0  10  0  10  10  0  0  10  10  0  0  10  10  10  10  10  0  0  0  10  10  0  10  10  10  0  0  0  154  
0  10  10  10  0  10  10  10  10  0  10  10  10  10  0  10  10  0  159  0  10  10  10  10  10  10  10  10  0  10  10  0  0  10  0  10  0  164  0  10  10  10  10  10  0  0  10  0  0  154  
167  167  0  0  10  10  0  10  0  0  10  10  10  10  10  10  10  10  10  0  0  10  10  10  0  0  10  0  10  10  0  10  0  10  10  0  10  10  0  0  0  10  10  10  10  10  10  10  0  0  
0  0  10  10  10  10  10  0  10  10  10  0  10  10  10  10  10  10  10  10  10  10  0  0  172  172  0  0  0  0  0  0  0  10  0  0  0  10  0  173  0  10  0  0  10  10  10  10  0  0  
174  174  0  10  10  10  10  0  10  10  10  10  10  10  0  10  0  10  10  0  0  0  10  0  0  0  0  176  0  177  0  178  178  178  0  178  0  10  10  10  0  0  10  10  10  0  0  0  0  181  
174  0  174  0  10  0  10  0  10  0  0  0  0  10  10  0  10  10  0  184  0  185  0  186  0  0  0  176  176  0  0  178  178  178  178  178  178  0  10  0  187  0  10  0  0  188  188  0  0  181  
0  174  174  174  0  10  10  10  0  10  10  0  10  10  0  10  0  10  0  10  0  0  0  191  0  0  192  0  176  0  193  0  178  178  178  0  0  178  0  10  0  0  194  0  194  0  188  188  188  188  
174  174  0  0  197  0  10  0  10  10  10  0  10  10  10  10  0  10  10  10  0  0  191  191  0  0  192  0  176  0  0  200  0  178  0  0  178  178  0  10  0  194  194  194  194  0  0  188  188  188  
0  174  0  0  0  0  10  10  10  10  10  0  0  10  0  10  10  10  10  10  0  176  0  0  0  176  176  0  176  176  176  176  0  207  0  0  0  0  0  10  10  0  0  194  194  194  0  188  188  188  
174  174  174  174  174  0  10  0  10  10  10  0  0  0  10  0  10  0  0  0  176  176  176  0  176  176  176  0  176  176  0  0  214  0  176  0  0  10  10  10  0  0  194  194  194  194  194  0  188  188  
0  174  0  0  0  0  176  0  0  10  0  0  0  176  0  10  10  10  0  220  0  0  176  176  0  176  0  176  0  176  176  176  176  0  176  176  176  0  10  0  0  0  0  0  194  0  194  0  0  188  
0  0  176  176  176  176  176  176  176  0  176  176  176  176  0  10  10  0  0  0  224  0  0  176  176  0  0  176  176  176  0  176  176  176  176  176  0  0  10  10  0  176  176  0  0  0  194  0  188  188  
227  0  228  0  176  0  0  0  176  176  176  176  0  176  176  176  0  10  0  224  224  224  224  0  0  176  176  0  176  176  176  176  176  176  176  176  176  176  0  10  0  176  176  176  176  0  0  0  0  188  
0  176  0  0  176  0  176  0  176  0  176  176  176  0  176  176  0  0  224  224  224  0  224  0  176  176  176  176  176  176  0  176  176  176  176  0  176  0  176  0  176  176  176  176  176  176  0  188  188  188  
176  176  176  0  176  176  176  176  176  176  176  176  0  0  176  176  176  0  0  224  0  224  0  0  176  176  176  0  176  176  176  176  0  176  0  176  176  176  176  176  0  176  0  176  176  176  176  176  0  188  
176  176  176  176  176  0  176  176  176  176  0  176  176  0  0  176  176  176  0  0  176  0  176  176  176  176  176  176  176  176  0  176  176  0  176  176  176  0  176  176  176  176  0  0  176  176  0  176  0  0  
176  176  176  0  0  176  0  0  176  0  0  246  0  0  176  176  176  0  176  176  176  176  176  176  0  0  176  176  176  0  176  176  0  0  0  176  176  0  176  176  176  176  176  176  176  176  0  249  0  250  
0  176  176  0  176  0  252  252  0  0  246  246  0  0  0  176  176  0  0  176  176  0  176  176  0  0  176  176  176  176  176  0  176  0  176  176  176  176  176  0  176  176  0  0  0  0  256  0  0  0  
176  176  176  176  176  176  0  252  0  246  246  246  0  259  259  0  176  176  0  260  0  176  176  176  0  261  261  0  176  176  0  176  176  176  0  176  0  0  176  0  262  0  176  176  176  176  0  256  0  0  
