2  2  2  2  2  2  2  0  2  2  2  2  0  0  0  2  0  0  2  2  0  2  2  0  2  2  0  0  2  2  0  0  0  0  2  2  2  2  0  2  2  2  2  2  2  2  2  0  2  0  
2  2  2  2  2  0  2  2  2  2  2  2  2  2  2  2  2  2  2  2  0  2  0  2  2  2  2  2  2  2  0  0  2  2  2  2  0  2  0  2  0  2  0  2  0  0  0  2  0  2  
2  2  2  2  2  0  2  2  2  2  2  2  2  2  2  0  0  2  2  0  2  2  0  2  2  0  0  0  2  2  2  2  2  2  2  0  2  2  2  2  2  0  2  0  2  2  2  2  2  2  
0  2  2  2  2  2  2  2  2  2  0  2  2  2  2  2  2  2  2  2  2  2  2  0  2  2  2  2  0  2  2  0  2  2  2  0  0  2  0  2  2  2  2  2  0  2  2  2  2  2  
2  2  2  2  2  2  2  2  2  0  0  2  0  2  2  0  0  2  2  0  2  2  2  2  2  2  2  2  2  2  0  2  0  0  2  2  2  2  0  0  2  0  2  2  2  2  2  0  2  0  
2  2  0  2  2  2  2  2  2  2  2  2  2  2  2  2  2  2  2  0  0  2  2  2  2  2  0  0  2  2  2  2  2  2  2  2  2  0  2  2  2  0  2  0  2  2  2  2  0  2  
0  2  2  2  2  0  0  0  2  0  2  2  2  2  2  2  2  2  2  0  2  2  2  2  2  2  2  0  2  2  2  2  2  2  2  0  0  0  2  0  2  2  2  0  2  2  2  0  2  2  
26  0  2  2  2  2  2  0  2  2  2  2  2  2  0  2  2  2  0  0  2  2  0  2  0  2  2  2  2  2  2  0  2  0  2  2  0  2  2  2  2  2  2  0  2  2  2  2  2  2  
26  26  0  0  0  2  0  0  2  0  2  2  2  2  0  2  2  2  2  2  2  0  2  0  2  0  0  0  2  0  2  0  2  0  2  2  2  2  0  2  0  2  2  2  2  2  2  2  2  2  
0  0  0  33  0  2  0  2  2  2  2  0  2  2  0  2  2  2  2  2  2  0  2  2  2  2  0  0  2  2  2  2  0  2  0  0  2  2  2  2  0  2  0  2  0  2  0  2  0  2  
0  2  2  0  2  2  2  0  2  0  0  2  0  2  2  0  2  2  2  0  0  0  2  2  0  2  0  2  0  2  2  2  2  2  2  0  0  0  2  2  0  2  0  0  0  2  0  0  2  2  
0  2  0  2  2  2  0  2  2  0  46  0  2  2  2  0  2  2  2  2  2  2  2  2  0  2  2  0  2  2  0  2  2  2  2  2  2  2  2  0  2  0  2  0  2  2  2  2  2  2  
2  2  2  0  2  0  2  2  2  2  0  52  0  2  2  2  0  2  2  2  2  2  2  2  2  2  2  2  2  2  0  2  2  0  2  0  2  2  2  2  2  2  2  2  2  2  0  2  0  2  
2  2  2  0  2  2  0  2  2  0  0  0  0  2  0  2  0  2  0  2  0  2  0  0  2  2  0  0  2  0  2  0  2  2  0  0  2  2  2  2  0  2  2  2  2  2  0  2  2  0  
2  2  2  2  2  2  2  2  0  2  2  2  0  2  0  0  2  2  0  2  2  0  0  0  2  2  2  2  2  2  2  2  2  2  2  2  0  2  0  0  2  2  2  2  2  0  2  2  2  2  
63  0  0  2  2  0  2  2  2  2  2  2  0  2  2  2  2  2  0  2  2  2  2  2  2  2  2  0  0  2  2  2  2  2  2  0  2  2  2  2  0  0  0  2  0  2  2  2  2  2  
0  2  0  2  2  0  2  2  0  0  2  0  2  0  2  2  2  2  0  2  2  0  2  2  2  2  0  2  2  0  2  2  0  2  2  0  2  2  0  0  0  2  2  2  0  0  2  2  0  2  
0  0  2  2  2  0  0  2  2  0  2  2  2  2  2  2  2  2  0  2  2  2  2  0  2  2  0  2  2  2  0  2  0  2  2  2  2  2  0  2  2  2  2  2  2  2  2  2  2  2  
2  2  0  2  2  2  0  2  2  2  2  0  2  0  2  0  2  2  2  2  0  2  2  2  2  2  2  0  2  2  0  0  2  2  2  2  2  2  2  2  2  2  0  2  2  2  2  2  0  2  
0  0  2  2  2  2  2  2  0  2  0  2  0  2  0  2  2  2  0  2  2  0  2  2  2  2  2  2  0  2  0  0  2  2  2  2  2  2  2  0  2  0  0  2  2  2  0  0  2  2  
2  2  2  2  0  2  2  0  0  2  0  2  2  0  2  0  2  2  2  0  0  2  2  2  2  0  0  2  2  2  0  0  2  2  2  0  0  2  0  0  0  2  0  0  2  2  0  2  2  2  
2  2  2  2  2  2  2  2  2  2  0  0  0  0  2  2  2  2  2  2  2  0  2  0  2  0  2  2  0  2  0  0  2  2  2  0  0  2  2  2  2  2  2  2  2  2  2  2  2  2  
2  2  2  2  0  2  2  0  0  2  2  2  2  2  2  0  2  2  2  2  2  2  2  0  2  2  0  2  0  2  0  2  2  0  2  2  0  2  0  2  2  2  0  0  2  2  2  2  0  0  
0  0  2  2  0  0  2  2  2  2  2  0  0  2  0  0  0  2  2  0  2  2  2  2  2  2  0  2  2  2  2  2  2  2  2  2  2  2  2  0  2  2  0  2  0  2  0  2  2  2  
2  0  2  2  0  2  2  2  2  2  2  2  2  2  2  2  0  2  2  2  0  2  2  0  2  0  2  0  0  0  0  2  2  0  2  2  2  2  2  2  2  0  0  2  2  2  2  2  0  0  
2  2  2  0  2  0  0  2  0  2  0  2  0  0  2  0  2  2  0  2  0  2  0  0  2  2  2  2  2  2  2  0  0  0  2  2  2  0  0  2  0  2  2  0  0  0  2  0  2  2  
0  0  2  0  2  0  2  2  0  0  0  2  2  2  2  0  0  0  2  2  2  2  2  2  2  0  0  0  0  0  0  2  2  0  2  0  0  0  2  2  2  0  2  0  2  2  2  0  2  2  
2  2  2  2  2  2  2  2  0  2  2  0  2  2  2  0  0  2  2  0  0  2  2  0  2  2  2  0  2  0  2  2  2  2  2  2  0  2  2  2  0  2  2  2  2  0  0  0  2  2  
2  0  2  0  0  2  2  2  2  2  2  2  2  0  2  0  0  2  2  2  2  2  2  2  2  2  2  2  2  0  2  2  2  2  2  0  2  2  2  0  2  2  0  2  2  2  0  2  2  2  
0  2  2  0  0  114  0  2  2  0  0  2  2  0  2  0  0  0  0  2  0  2  2  2  2  2  2  2  2  2  2  2  2  2  2  2  2  2  2  2  2  2  0  0  0  2  2  2  2  2  
2  2  2  2  2  0  0  2  2  2  0  2  2  2  2  2  0  2  2  2  2  2  2  2  2  2  2  0  0  2  2  0  2  0  0  0  0  2  2  0  0  2  2  2  0  2  2  2  2  2  
2  0  2  2  2  2  2  2  2  0  2  0  2  2  2  2  2  2  2  0  0  2  2  2  2  2  0  2  2  0  2  2  2  2  0  0  0  0  2  2  2  0  0  2  2  2  2  0  2  2  
2  2  2  2  2  2  2  2  2  2  2  0  2  2  0  2  2  0  0  2  0  2  2  0  0  2  0  2  0  2  2  2  2  0  2  2  2  2  2  0  2  0  2  2  2  2  0  0  2  2  
0  2  0  2  2  2  2  0  0  2  2  2  2  0  2  0  2  0  2  2  2  2  2  2  0  2  2  2  2  2  2  0  2  0  0  2  0  2  0  2  2  2  2  2  2  0  2  2  2  2  
2  2  2  2  2  0  2  2  2  0  2  2  0  2  2  2  2  0  0  2  2  2  2  2  2  2  2  2  0  0  2  2  0  2  2  2  2  2  0  0  0  2  2  2  0  0  2  0  2  2  
2  2  0  2  2  0  129  0  0  2  2  2  2  2  2  2  2  0  0  2  2  2  2  0  2  2  0  0  2  0  2  2  0  2  2  2  0  2  2  2  2  2  2  0  2  2  0  2  0  0  
0  0  2  2  0  2  0  0  0  2  2  0  2  2  0  0  0  2  2  2  2  2  2  0  2  2  2  2  2  2  2  0  0  2  2  0  0  0  2  2  2  2  2  2  0  2  0  0  136  0  
0  2  2  2  0  0  2  2  2  0  2  2  0  2  0  2  2  2  2  2  2  0  0  2  2  2  0  2  0  2  0  0  2  2  0  2  2  0  0  2  2  2  2  2  2  2  2  0  0  136  
2  2  2  2  2  0  2  2  0  0  2  2  0  0  2  2  2  0  0  2  2  0  142  0  2  2  2  0  2  2  0  0  2  2  2  2  0  144  0  2  2  2  2  0  2  0  0  136  136  136  
2  0  2  0  2  2  0  0  2  2  2  2  2  2  0  2  2  2  2  2  2  2  0  0  2  2  2  0  2  0  0  0  2  2  2  2  0  0  0  2  2  2  2  2  2  2  0  151  0  136  
2  2  2  2  2  2  2  0  2  0  0  2  2  2  2  2  2  2  0  2  2  0  2  0  2  0  0  2  2  2  2  2  2  0  2  0  0  2  2  2  2  2  2  2  2  2  0  0  136  136  
2  2  0  2  2  2  0  2  0  2  0  2  2  2  2  2  0  2  0  0  2  2  2  2  0  2  2  2  2  2  2  2  2  2  0  2  2  2  0  2  2  2  0  0  0  2  2  0  136  136  
2  2  2  2  2  0  2  0  2  2  0  2  0  2  2  2  2  0  161  0  2  2  2  0  2  2  2  2  2  0  0  2  2  2  2  0  0  2  2  2  0  2  2  2  2  2  2  2  0  0  
2  0  2  2  0  2  2  2  0  2  2  0  2  2  2  2  2  0  0  0  0  2  2  0  0  2  2  0  0  2  2  0  0  2  2  0  2  2  2  0  2  0  2  0  0  0  0  0  2  2  
2  2  2  2  0  2  0  2  2  0  2  2  0  0  2  2  0  165  0  166  0  2  2  2  2  2  2  2  2  2  2  2  0  2  2  2  0  0  2  2  2  0  2  0  2  2  2  2  2  2  
2  2  2  2  2  2  2  0  0  0  2  2  2  0  2  2  2  0  0  2  0  0  2  0  2  2  2  2  2  0  2  2  0  2  2  0  2  2  2  2  2  2  2  0  2  0  2  2  2  2  
2  2  0  0  2  2  2  2  2  0  2  0  2  0  0  0  2  2  2  2  2  0  2  2  2  0  2  2  2  2  0  0  174  0  2  2  0  0  2  0  0  2  2  2  2  2  2  0  2  2  
2  2  2  2  2  2  0  2  2  0  2  0  2  0  2  2  2  2  0  2  2  0  2  2  2  2  2  2  0  2  2  2  2  0  0  0  2  2  2  2  2  0  2  2  2  2  2  2  2  2  
2  0  2  2  2  2  0  2  0  2  2  2  2  2  0  2  2  0  0  2  2  2  2  0  2  2  0  2  0  2  2  0  0  181  0  2  2  0  2  2  2  2  2  0  2  2  2  2  2  2  
2  2  2  2  0  2  2  2  2  2  2  2  2  2  2  2  0  2  2  2  2  0  2  2  0  0  2  2  2  2  0  0  184  184  0  0  2  2  2  2  2  0  2  2  2  0  2  0  0  0  
