0  2  2  2  0  2  0  2  0  0  2  2  2  2  0  0  2  2  2  2  2  2  2  2  2  2  2  2  0  2  0  2  0  2  2  2  2  0  0  2  2  0  2  2  2  2  2  0  2  2  
0  3  0  3  3  0  3  0  3  4  0  3  3  3  0  6  0  3  0  0  3  3  0  0  3  0  3  0  3  3  3  0  0  3  3  0  3  3  0  0  3  0  3  3  0  3  0  0  0  0  
0  4  0  4  4  0  4  4  4  0  4  4  0  4  5  0  4  4  5  4  0  0  1  0  4  4  4  0  4  0  4  0  4  0  4  0  4  4  0  0  4  4  4  4  0  4  0  1  1  1  
1  0  0  0  5  0  0  0  0  5  0  0  5  0  0  0  5  5  5  5  5  0  0  0  0  5  0  5  0  5  0  5  0  0  5  0  0  5  0  0  5  0  5  5  5  5  0  1  0  1  
1  0  1  0  6  0  0  9  0  6  0  0  6  7  8  0  6  6  6  6  0  1  1  1  0  6  6  0  6  6  6  0  0  0  6  7  6  0  0  0  6  6  6  6  6  6  0  0  0  0  
0  0  12  0  0  7  0  9  8  7  0  0  0  0  8  8  7  7  0  7  0  10  0  0  0  0  7  7  0  7  0  0  1  1  0  7  0  7  8  9  0  0  0  7  7  7  7  0  1  0  
1  0  11  0  8  0  10  9  8  0  0  0  10  9  0  0  0  0  8  8  9  0  13  14  0  8  8  0  0  8  0  1  0  0  8  0  8  8  9  0  1  0  0  0  8  8  8  0  0  1  
1  0  0  10  9  9  0  10  0  0  0  0  0  10  10  0  1  0  9  9  9  10  11  12  0  0  9  0  0  9  9  0  1  1  0  9  9  0  9  10  11  0  11  10  9  0  0  9  10  11  
1  1  0  0  0  0  0  0  29  29  30  0  11  11  11  0  0  10  0  10  10  0  0  0  11  10  0  14  0  0  0  1  1  0  10  10  10  10  0  11  12  12  11  10  10  11  10  10  11  0  
1  1  1  1  0  0  0  1  0  28  28  0  12  0  12  12  12  11  11  0  0  0  0  13  12  11  11  12  13  14  15  0  0  1  0  0  11  0  11  12  0  13  12  0  11  11  11  0  11  12  
0  1  0  1  0  0  0  1  0  27  28  0  0  13  0  13  12  12  12  0  0  0  14  13  12  12  12  0  14  15  0  0  0  0  19  0  12  12  0  13  14  13  13  12  0  0  12  0  12  13  
0  1  0  0  1  1  0  0  0  26  26  0  15  14  14  14  0  13  13  0  0  1  0  14  13  0  0  0  0  15  16  17  0  20  0  18  0  0  13  14  14  0  14  13  0  0  13  0  0  0  
0  0  0  1  0  0  0  1  0  25  0  0  0  0  15  15  0  14  14  0  1  0  15  14  14  15  16  17  16  0  0  18  19  19  18  17  0  14  14  0  0  0  14  14  15  0  14  15  0  1  
0  32  31  30  0  28  27  26  0  0  24  0  19  0  16  16  16  15  15  15  0  0  16  15  15  0  16  0  0  17  0  19  0  20  19  0  16  15  15  0  0  16  15  15  15  16  15  0  16  0  
33  32  0  29  28  27  26  25  24  23  24  0  18  17  17  17  16  16  16  16  0  17  0  0  0  17  17  18  18  18  0  20  20  19  18  17  16  0  16  0  17  16  16  0  16  16  16  17  17  18  
0  0  31  30  29  28  27  26  0  0  22  0  19  18  18  18  17  17  17  0  17  0  18  19  19  18  0  18  19  19  19  20  21  20  0  18  0  0  17  0  0  0  0  0  0  0  17  17  0  0  
35  0  0  0  0  28  0  0  0  22  21  20  0  19  19  18  18  0  18  0  0  0  19  20  19  19  0  19  0  20  20  21  21  0  0  19  0  18  18  0  24  24  23  22  21  0  18  0  0  0  
35  34  33  33  34  0  0  25  24  23  0  0  21  20  20  19  19  19  0  19  20  21  20  20  20  20  0  0  0  21  0  21  0  22  21  20  0  0  19  0  22  23  0  22  21  20  19  19  20  21  
34  0  32  33  0  27  26  25  24  24  0  22  21  21  20  20  0  20  20  20  21  21  21  21  21  21  22  23  22  0  22  22  23  0  21  21  0  0  20  21  0  0  23  22  21  0  20  20  0  0  
34  33  32  31  0  0  27  26  0  25  0  23  22  22  21  0  21  21  21  21  0  22  0  22  22  22  22  23  23  23  0  23  23  23  22  22  22  22  21  21  0  25  24  23  22  22  0  21  0  0  
33  32  31  30  29  28  27  27  26  25  24  23  23  22  0  22  0  22  0  0  0  23  23  0  0  0  23  24  0  24  24  24  24  0  0  0  23  22  22  0  0  25  0  23  0  0  22  22  23  0  
0  0  32  31  0  0  28  0  0  0  25  0  24  23  0  0  0  0  23  24  0  24  0  24  0  0  24  24  25  25  25  25  25  25  26  27  0  0  23  23  0  26  26  0  0  24  23  23  23  0  
0  33  32  32  33  0  29  0  0  0  0  25  24  24  25  26  0  0  24  25  25  0  0  25  26  0  0  25  26  26  0  26  26  26  27  28  29  0  0  0  27  27  0  0  0  24  0  0  24  0  
0  0  33  33  0  0  0  0  0  0  27  26  25  0  25  26  27  26  25  25  26  26  0  0  26  27  0  0  26  0  27  27  0  27  0  28  0  0  31  0  28  28  28  0  1  0  25  26  25  25  
1  0  34  34  35  36  37  38  0  28  27  0  26  26  0  27  27  0  0  26  0  27  0  27  0  0  0  27  0  28  0  28  28  28  29  29  0  31  30  29  29  0  29  0  0  26  26  0  0  26  
38  0  35  35  35  0  0  38  0  0  0  0  0  27  27  28  28  0  0  27  0  0  28  0  0  31  0  28  28  29  0  29  29  29  0  30  30  0  0  0  0  30  30  29  28  27  27  27  28  27  
37  36  0  36  36  37  0  39  0  31  30  29  28  0  0  0  29  0  0  28  0  29  29  0  31  30  29  0  0  0  30  0  0  30  0  0  31  32  0  0  31  0  0  29  0  28  0  28  0  28  
38  0  37  37  37  37  38  0  40  0  31  0  29  0  32  0  0  30  30  29  0  0  0  0  0  31  0  30  31  32  31  31  0  31  31  0  32  32  33  34  0  0  0  30  30  0  0  29  0  0  
39  0  0  0  38  0  39  40  0  0  0  30  30  31  32  0  0  31  0  30  0  36  0  0  32  32  31  0  32  0  0  32  0  0  32  33  33  0  0  34  33  32  31  31  31  0  0  0  1  1  
0  40  0  40  39  0  0  0  0  34  0  31  31  0  0  33  0  0  32  0  31  0  35  34  33  33  32  32  33  0  34  33  33  0  33  0  0  34  0  35  34  33  0  32  32  32  0  1  1  0  
0  0  0  0  40  0  36  35  34  33  32  0  32  33  34  34  35  0  33  32  0  36  35  0  0  0  0  33  34  0  0  34  34  0  0  0  0  35  0  35  0  34  33  0  33  0  0  0  1  1  
0  0  43  42  41  0  37  36  0  34  33  0  0  33  0  0  35  0  34  0  33  0  36  0  38  38  0  0  34  35  0  0  35  35  36  37  38  0  0  0  36  35  0  34  34  34  0  0  0  1  
0  43  42  41  0  38  37  36  35  0  34  35  34  34  0  36  36  0  35  0  34  35  36  37  38  37  36  35  0  36  37  0  0  36  0  38  0  1  0  37  36  36  35  35  0  0  40  0  0  1  
45  44  0  0  40  39  0  37  0  0  35  35  35  35  35  36  37  37  36  0  0  35  36  37  0  0  37  0  36  37  0  38  0  37  37  0  39  40  0  0  0  37  36  36  36  37  38  39  0  0  
0  0  42  41  40  39  38  0  37  36  36  0  36  36  36  37  38  37  37  37  36  36  0  0  39  38  0  0  0  0  0  0  0  38  0  0  0  41  0  1  0  37  0  0  37  38  39  40  0  0  
47  47  0  42  41  40  39  0  38  37  37  37  37  37  0  37  0  38  38  0  0  0  37  0  0  0  0  49  0  50  0  41  40  39  0  42  0  42  42  43  0  0  38  39  38  0  0  0  0  1  
46  0  43  0  41  0  40  0  38  0  0  0  0  38  38  0  39  39  0  1  0  38  0  1  0  0  0  48  49  0  0  41  40  40  41  42  43  0  43  0  1  0  39  0  0  1  51  0  0  1  
0  45  44  44  0  42  41  41  0  39  40  0  40  39  0  39  0  40  0  43  0  0  0  1  0  0  1  0  47  0  1  0  41  41  41  0  0  44  0  44  0  0  40  0  43  0  51  50  50  51  
46  45  0  0  43  0  42  0  40  40  41  0  40  40  40  40  0  41  42  43  0  0  1  1  0  0  1  0  46  0  0  42  0  42  0  0  45  45  0  45  0  41  41  42  43  0  0  49  50  51  
0  46  0  0  0  0  43  42  41  41  41  0  0  41  0  41  41  42  42  43  0  1  0  0  0  1  51  0  46  45  44  43  0  43  0  0  0  0  0  46  46  0  0  42  43  44  0  47  48  49  
47  47  48  49  50  0  43  0  42  42  42  0  0  0  42  0  42  0  0  0  1  1  1  0  1  51  50  0  46  45  0  0  44  0  50  0  0  48  47  47  0  0  43  43  44  45  46  0  49  50  
0  48  0  0  0  0  44  0  0  43  0  0  0  48  0  43  43  43  0  1  0  0  1  1  0  1  0  49  0  46  46  46  45  0  48  49  50  0  48  0  0  0  0  0  44  0  46  0  0  50  
0  0  48  47  46  45  45  45  44  0  48  49  48  47  0  44  44  0  0  0  1  0  0  1  1  0  0  48  47  47  0  46  46  47  48  49  0  0  49  50  0  1  1  0  0  0  47  0  51  51  
1  0  49  0  47  0  0  0  45  45  46  47  0  47  46  45  0  45  0  1  1  1  1  0  0  1  51  0  48  48  48  47  47  47  48  49  50  51  0  50  0  1  1  1  1  0  0  0  0  1  
0  50  0  0  48  0  49  0  46  0  47  48  48  0  46  46  0  0  1  1  1  0  1  0  1  51  50  49  49  49  0  48  48  48  49  0  51  0  51  0  1  1  1  1  1  1  0  1  1  1  
52  51  51  0  49  49  49  48  47  47  48  48  0  0  47  47  47  0  0  1  0  1  0  0  1  1  51  0  50  50  50  49  0  49  0  50  51  1  1  1  0  1  0  1  1  1  1  1  0  1  
52  52  51  50  50  0  49  48  48  48  0  49  50  0  0  48  48  49  0  0  1  0  1  1  1  1  1  51  51  51  0  50  50  0  51  51  1  0  1  1  1  1  0  0  1  1  0  1  0  0  
1  1  52  0  0  51  0  0  49  0  0  50  0  0  50  49  49  0  50  51  1  1  1  1  0  0  1  1  1  0  1  51  0  0  0  1  1  0  1  1  1  1  1  1  1  1  0  1  0  1  
0  1  1  0  52  0  51  50  0  0  51  51  0  0  0  50  50  0  0  1  1  0  1  1  0  0  1  1  1  1  1  0  1  0  1  1  1  1  1  0  1  1  0  0  0  0  1  0  0  0  
1  1  1  1  1  1  0  51  0  1  1  1  0  1  1  0  51  51  0  1  0  1  1  1  0  1  1  0  1  1  0  1  1  1  0  1  0  0  1  0  1  0  1  1  1  1  0  1  0  0  
