2  0  0  0  0  0  2  2  0  2  0  2  2  0  2  0  0  2  0  0  0  0  2  0  2  0  2  2  2  0  2  2  0  2  0  0  2  2  2  0  0  2  0  0  0  0  2  0  0  2  
0  3  0  6  7  0  0  3  3  0  0  0  0  0  0  0  0  3  0  0  5  4  3  3  3  0  0  0  3  3  0  0  3  3  3  0  3  0  0  3  0  0  3  4  5  6  0  0  4  3  
0  4  5  6  0  5  4  0  0  1  1  0  0  0  6  5  4  0  7  6  0  0  0  4  0  6  5  4  0  4  0  4  4  0  0  4  0  9  0  0  5  4  0  0  0  7  0  0  4  0  
0  0  5  0  0  6  0  5  6  0  0  0  0  0  7  0  5  5  0  0  7  0  1  0  5  0  0  0  5  0  5  5  5  0  14  0  0  9  8  7  6  0  0  0  1  0  0  0  5  0  
0  0  6  0  7  7  6  0  7  0  0  10  9  8  8  0  0  0  23  0  0  0  1  0  0  1  0  0  0  0  6  6  0  14  13  0  10  0  8  7  0  0  1  0  0  0  0  6  6  0  
10  0  7  0  0  8  0  0  8  0  12  11  0  9  0  0  0  0  22  22  23  0  0  0  0  0  0  0  1  0  7  7  0  0  0  12  11  0  9  8  0  0  1  0  0  1  1  0  0  0  
9  8  0  0  9  9  0  0  0  0  0  12  0  0  0  0  0  0  21  22  0  1  1  1  1  1  1  1  0  8  0  8  0  1  0  0  0  0  0  0  0  1  0  1  0  0  0  1  1  1  
10  9  9  10  0  0  0  0  0  15  14  13  13  14  15  16  17  18  19  20  0  1  0  0  0  1  0  0  1  0  0  0  9  0  1  1  1  1  1  1  0  1  0  1  0  1  1  0  0  0  
0  0  10  0  0  20  19  0  16  0  14  14  0  15  16  17  18  0  0  0  1  1  0  1  0  0  1  0  1  0  1  0  0  0  0  0  1  0  0  0  1  1  0  1  0  0  0  1  1  0  
1  1  0  11  0  0  19  18  17  0  0  15  0  0  0  0  18  0  1  0  1  1  1  0  1  1  0  1  0  0  1  0  0  1  1  0  1  1  1  0  1  1  1  0  1  0  1  0  1  0  
1  0  0  0  22  0  19  18  0  0  0  16  0  0  20  19  19  0  0  1  0  1  0  0  0  0  1  0  1  1  1  1  0  1  1  1  1  0  1  1  0  0  1  0  1  1  1  0  1  0  
0  0  1  0  22  21  20  19  0  0  0  17  0  0  21  20  0  20  0  1  0  1  0  1  0  0  0  0  1  0  1  1  0  0  0  1  1  1  1  1  0  1  0  1  0  1  1  0  1  0  
0  1  0  23  0  0  0  0  22  21  0  18  19  0  0  0  21  0  1  0  1  0  1  1  1  0  1  0  1  0  0  1  1  0  1  1  1  0  0  0  0  1  0  1  0  1  0  0  0  1  
0  0  1  0  0  0  0  24  23  0  20  19  0  20  21  0  22  22  0  0  0  0  0  0  1  0  1  1  1  0  0  0  1  0  0  0  0  0  0  1  0  1  0  1  0  0  1  1  0  1  
0  1  0  0  0  27  0  0  0  0  20  20  0  21  22  0  23  23  0  1  1  0  0  0  0  0  0  1  0  1  1  1  0  0  0  1  0  0  0  0  0  0  1  0  1  0  1  0  0  1  
0  1  0  30  29  0  26  25  24  0  21  21  0  0  0  23  0  24  0  0  1  0  1  1  1  0  1  1  1  0  0  0  1  1  0  1  1  1  0  0  0  1  1  0  0  0  1  0  1  0  
0  0  31  0  28  27  0  24  23  22  22  22  0  0  0  0  25  0  1  1  0  1  1  1  1  0  1  1  0  1  1  0  1  0  0  0  0  0  1  0  1  0  0  1  1  1  1  0  0  1  
1  0  0  0  29  0  0  0  0  23  0  0  0  0  1  1  0  26  0  0  1  1  0  1  1  1  0  0  1  1  1  1  0  0  1  0  0  0  1  1  0  1  0  0  0  1  0  1  1  1  
1  0  31  30  0  1  0  0  0  0  1  1  1  1  1  0  0  0  1  1  1  0  1  0  1  0  1  0  0  0  1  0  0  1  1  0  1  1  0  1  0  0  1  0  0  0  0  0  0  1  
35  0  32  0  0  1  1  0  1  1  1  0  1  1  0  0  1  1  1  0  0  0  0  1  1  1  0  1  1  1  0  1  0  0  1  0  1  0  1  0  1  1  1  1  1  1  1  0  0  0  
34  33  33  0  1  1  0  1  1  0  0  0  0  0  0  1  1  1  1  0  1  0  0  0  0  0  1  1  0  0  0  1  0  0  1  0  1  1  0  1  1  1  1  1  0  1  0  0  1  1  
0  34  0  0  0  0  0  0  1  0  0  0  1  1  0  1  0  0  0  0  1  1  1  1  1  0  1  1  1  0  0  1  0  0  0  0  0  1  1  1  0  0  1  1  1  1  0  0  1  0  
0  35  0  0  1  0  0  1  0  0  0  1  0  0  1  1  0  0  0  1  0  1  0  0  0  1  1  1  0  0  1  1  0  1  0  1  1  1  0  1  1  0  0  1  1  1  1  1  0  0  
41  0  36  37  38  0  41  42  0  0  1  1  1  1  1  0  0  1  1  1  1  1  1  0  1  1  0  0  0  1  1  0  1  1  1  0  1  0  0  1  1  1  1  1  1  1  0  0  0  1  
40  0  37  0  39  40  41  0  1  0  1  1  1  0  0  0  0  0  0  0  1  1  1  1  0  0  1  1  1  1  1  0  1  1  0  0  0  1  0  0  0  0  0  0  0  0  1  1  0  1  
40  39  38  0  40  0  0  42  43  0  0  1  0  0  1  1  0  1  1  0  1  1  1  0  1  1  0  1  0  0  0  0  0  1  0  1  0  1  1  0  1  1  0  1  1  0  0  0  0  1  
40  0  39  40  0  44  43  0  0  1  0  1  1  1  0  0  1  0  0  0  0  1  1  0  1  1  1  0  1  0  1  1  0  0  1  0  0  1  0  1  1  0  0  1  0  0  1  0  1  0  
0  0  40  0  0  45  0  44  45  0  0  49  0  0  1  0  1  0  0  0  0  1  0  1  0  0  0  1  0  1  1  1  0  1  0  0  0  0  0  0  1  0  0  0  1  1  0  0  1  1  
1  0  0  0  46  46  0  0  46  47  48  0  1  0  0  1  0  0  1  0  1  1  0  1  0  0  1  1  0  1  1  1  0  0  1  1  1  0  1  1  1  0  0  1  1  0  1  0  1  0  
1  1  0  0  0  0  0  48  47  0  48  0  0  0  0  1  0  0  0  0  0  0  1  0  1  1  0  0  1  1  1  1  0  0  0  0  0  0  0  0  1  1  1  0  1  0  0  0  0  1  
1  1  0  1  0  0  0  48  48  49  0  0  0  0  1  0  0  0  1  0  1  1  1  0  1  0  0  0  0  0  0  1  1  1  0  1  1  1  0  0  1  0  0  0  1  1  0  0  1  0  
1  1  0  0  1  0  1  0  0  0  50  0  1  0  0  0  1  0  1  0  1  1  0  0  1  1  0  1  0  0  0  0  0  1  0  1  0  1  1  1  0  1  1  0  0  0  0  0  1  1  
0  1  1  1  0  0  0  1  1  0  0  0  1  0  0  0  0  0  0  0  1  0  1  1  1  0  1  1  1  0  0  1  0  0  0  1  1  0  1  1  1  0  0  0  0  0  0  0  1  0  
0  0  1  0  1  0  0  1  1  1  0  0  0  0  0  1  0  0  1  1  0  0  0  0  0  1  1  1  1  0  1  0  1  1  0  0  1  0  0  1  0  1  0  1  0  0  1  0  0  0  
1  1  0  1  0  1  0  1  1  0  0  0  0  1  0  1  1  1  0  0  0  0  0  0  1  1  1  1  1  0  1  1  1  0  0  1  1  1  1  0  0  1  1  0  1  1  1  0  0  1  
0  1  1  1  0  0  1  0  1  0  0  0  1  1  1  0  1  1  0  0  1  1  0  1  0  1  0  0  1  1  1  0  1  0  0  1  0  0  1  0  1  0  1  0  1  1  1  0  0  0  
0  1  0  1  0  0  1  1  1  0  1  0  0  1  0  0  1  0  1  0  1  0  1  1  1  0  0  0  1  1  0  0  0  0  1  0  1  0  0  1  0  0  0  1  0  0  0  0  0  0  
0  1  0  0  1  1  1  0  0  0  0  1  0  0  1  1  1  1  1  0  1  1  0  0  0  1  1  0  1  0  0  0  1  1  0  1  1  1  0  0  0  1  1  1  1  1  1  0  1  0  
1  0  0  0  0  1  0  1  1  0  1  1  0  0  0  1  0  0  0  0  0  1  1  1  1  0  0  0  0  0  1  0  0  1  1  1  0  1  0  0  1  1  1  1  0  1  1  1  0  0  
0  1  0  0  0  1  0  0  1  1  1  1  0  1  1  0  1  0  0  0  1  0  1  0  1  0  0  0  1  0  0  1  1  1  1  0  1  1  0  1  1  0  0  1  0  1  0  0  1  0  
0  0  0  1  1  1  1  1  1  1  0  1  1  1  0  0  0  0  1  0  0  1  1  0  0  0  0  0  0  1  1  0  1  1  0  1  0  0  0  1  0  1  0  0  1  0  0  1  1  0  
1  0  0  0  0  0  0  1  1  0  1  1  0  1  0  0  0  1  0  1  0  0  1  0  0  1  1  0  1  0  0  0  1  1  0  1  0  0  0  1  1  1  1  1  1  1  0  0  0  0  
1  0  0  0  1  1  0  0  0  0  0  0  0  0  1  0  0  1  1  0  1  1  1  1  0  1  1  1  0  0  0  1  0  0  1  1  0  1  0  0  1  1  1  0  1  0  0  0  1  1  
0  1  1  1  0  1  0  0  0  1  1  1  0  0  0  0  1  0  0  1  0  1  0  0  1  1  0  1  1  1  0  1  1  1  1  0  0  0  0  1  1  1  0  0  1  1  1  1  0  0  
0  0  0  0  0  1  1  0  0  0  0  0  1  0  1  0  1  1  1  1  0  1  0  1  0  1  1  1  1  0  1  0  0  1  0  0  0  1  1  0  1  0  0  0  1  1  1  1  0  1  
1  1  0  0  1  0  1  0  0  1  0  0  0  1  0  1  1  1  0  0  0  1  1  0  0  0  0  1  1  0  0  1  0  0  0  0  0  1  0  1  0  0  1  0  0  1  1  0  0  0  
0  1  1  1  1  0  1  1  0  1  0  1  0  0  1  1  0  0  0  1  0  0  1  1  0  1  1  1  0  0  1  1  0  0  0  1  0  1  1  0  1  0  0  1  1  1  1  1  1  1  
1  0  1  0  0  0  0  1  0  0  0  0  0  0  1  0  0  1  1  1  1  0  0  1  0  1  1  1  1  1  0  0  1  1  0  1  1  1  1  0  0  0  0  0  1  1  0  0  0  0  
0  0  1  1  0  0  1  0  1  1  1  0  0  1  0  0  1  0  1  0  0  0  1  1  1  0  0  1  1  0  0  1  0  1  0  0  1  0  0  1  0  0  0  0  0  1  0  0  1  0  
1  0  0  0  1  0  1  1  1  1  1  1  1  1  0  0  1  1  0  0  0  0  0  1  0  1  0  0  1  1  0  1  0  1  1  1  1  1  1  0  0  0  1  1  0  1  1  0  0  0  
