0  2  2  2  0  0  0  2  2  2  2  2  0  2  0  0  2  2  2  2  2  2  2  2  0  0  0  0  0  2  2  2  0  0  2  0  2  2  0  2  2  2  2  2  2  2  2  0  0  2  2  2  2  0  0  2  0  0  2  2  0  2  0  0  2  2  2  2  0  2  2  2  2  0  0  2  2  0  0  0  
4  3  3  0  3  0  1  0  0  3  3  3  3  3  0  0  0  3  3  0  0  0  3  3  3  4  0  5  4  3  0  3  3  4  3  0  0  0  0  3  3  3  3  0  3  0  3  3  4  0  0  3  3  3  4  3  3  4  0  3  3  3  3  4  3  3  3  3  3  3  0  0  3  3  4  3  3  3  0  11  
0  4  4  4  0  1  0  0  4  4  4  4  0  4  5  5  4  4  0  8  0  0  0  0  0  5  6  5  4  0  0  4  4  4  4  5  0  0  4  0  4  4  0  4  4  0  0  4  5  6  0  0  4  4  0  4  4  0  0  0  4  4  4  0  4  4  4  4  4  0  5  4  4  4  0  4  0  0  10  11  
6  5  5  5  0  0  0  0  0  5  0  5  0  0  5  6  5  5  5  6  7  8  9  8  7  6  6  6  0  0  6  5  5  5  0  0  6  0  0  5  5  5  5  5  5  5  6  5  5  6  0  6  5  0  5  0  0  5  6  7  0  5  0  5  5  0  0  5  5  5  6  0  5  0  5  0  5  6  0  9  
6  0  0  0  17  18  19  0  6  0  6  0  7  6  0  6  0  6  6  7  8  9  9  8  0  7  7  0  8  7  0  0  6  6  0  7  7  0  0  0  0  6  6  6  0  0  6  6  6  7  7  0  6  0  6  7  6  6  7  0  6  6  6  6  6  7  6  6  6  6  7  6  6  6  6  6  6  7  8  0  
0  0  18  17  16  16  17  0  7  0  7  7  0  7  7  7  7  7  7  7  8  9  10  9  0  8  8  8  0  8  0  8  7  7  7  0  0  0  12  11  10  0  7  0  7  8  7  7  7  7  8  0  7  7  7  7  0  7  7  8  0  7  7  7  0  0  7  7  7  7  7  7  0  7  7  0  7  7  8  9  
0  0  17  16  15  16  0  8  8  0  8  0  0  8  0  8  8  8  8  8  0  10  10  10  0  9  9  9  9  9  9  8  8  8  0  1  0  13  0  10  9  8  8  8  8  8  0  8  8  8  0  8  0  8  8  8  8  8  8  9  8  8  0  8  0  0  0  8  0  8  8  8  8  8  8  8  8  8  9  10  
20  0  17  16  0  14  0  9  9  9  9  9  10  9  9  9  0  0  9  0  9  10  0  11  11  0  10  10  0  0  10  9  9  9  9  10  0  13  13  0  0  9  9  9  9  0  9  0  0  9  0  0  0  9  9  9  9  0  9  9  9  9  0  0  0  11  10  9  0  9  0  9  9  9  9  9  9  9  9  10  
19  18  0  15  14  13  0  10  0  10  10  0  0  10  10  10  0  10  10  10  10  11  12  12  12  0  11  11  12  11  0  10  0  10  10  11  12  13  12  11  10  0  10  0  10  10  10  11  0  10  0  1  0  10  10  0  10  10  10  10  0  10  11  12  0  0  0  10  10  0  10  10  10  10  0  10  10  10  0  11  
19  0  0  16  15  0  12  11  11  11  11  11  12  11  0  11  11  0  0  11  0  11  12  13  13  13  0  12  12  12  12  0  11  11  11  11  12  0  13  12  0  0  11  11  0  11  11  11  0  11  11  0  0  11  0  11  11  0  11  11  0  11  11  12  13  0  15  0  0  11  11  11  11  11  11  11  11  11  11  12  
18  17  16  15  14  13  12  0  0  0  12  12  0  12  12  12  12  0  12  12  12  12  0  14  14  0  13  13  13  13  13  12  12  12  12  0  13  14  13  13  14  0  12  0  12  12  0  0  12  0  0  13  12  12  12  12  12  0  12  12  12  0  0  13  0  15  14  13  12  0  12  12  0  12  12  0  0  12  12  13  
19  0  17  0  15  0  0  13  14  0  13  13  13  0  13  13  13  13  13  13  13  13  13  0  15  15  14  14  0  14  14  13  13  13  13  13  14  14  0  14  0  14  13  13  13  13  13  0  13  0  15  14  0  13  0  13  13  13  13  0  13  0  15  14  14  15  0  14  0  0  13  0  13  13  13  13  14  13  13  13  
19  18  17  16  16  17  0  0  15  14  0  14  0  14  0  0  14  14  14  14  14  14  14  15  16  15  15  15  0  15  14  0  14  14  14  14  15  15  15  15  0  14  14  14  14  14  0  14  14  0  0  15  0  0  14  14  14  0  0  14  14  15  0  15  15  16  15  15  15  14  14  0  14  14  0  14  14  0  0  0  
20  19  18  17  17  17  18  17  16  15  15  15  15  15  15  0  15  15  15  15  15  15  0  15  0  0  16  16  16  16  15  15  0  15  0  15  15  16  16  16  0  0  0  15  15  15  15  15  15  15  16  0  16  16  15  15  15  15  16  15  15  15  16  0  16  0  16  16  16  15  15  0  15  15  15  15  15  15  16  17  
20  19  0  0  18  0  18  0  0  16  16  0  16  16  0  16  16  16  16  16  16  16  16  16  17  17  17  0  17  0  16  16  16  0  16  16  0  17  0  0  0  17  16  0  16  16  16  0  16  16  17  0  17  16  0  16  16  0  0  0  16  0  17  17  0  17  17  0  0  16  0  16  16  16  16  16  16  0  17  18  
21  20  20  0  19  19  19  19  18  17  17  17  0  0  17  17  17  17  17  17  17  17  17  17  17  18  18  0  18  18  17  17  17  17  17  17  17  18  18  0  21  0  17  17  0  17  17  0  17  17  17  18  18  0  17  0  0  0  0  18  17  17  0  18  18  18  0  18  18  17  17  0  17  17  17  17  17  17  18  18  
21  0  21  0  20  0  0  19  18  18  0  0  19  18  18  18  0  18  18  0  18  18  18  18  18  19  19  19  19  18  18  18  18  18  18  18  18  0  19  20  0  0  0  18  18  18  18  18  18  0  18  19  19  18  18  0  0  20  19  18  0  18  0  19  19  19  0  19  18  18  0  18  0  0  0  0  18  0  19  19  
0  22  22  22  21  0  0  0  0  19  0  1  0  0  19  19  0  19  0  0  0  19  19  19  0  19  20  20  20  19  19  0  19  0  19  0  19  19  20  0  21  22  0  0  19  19  0  19  0  19  19  19  0  19  19  19  20  0  20  0  0  19  0  0  0  20  0  20  19  19  19  19  0  22  21  20  19  0  20  20  
0  0  23  22  22  23  0  21  20  20  0  0  21  20  20  0  20  0  24  23  0  20  20  20  20  20  21  21  0  20  20  20  20  20  20  20  20  20  0  22  0  23  24  0  20  20  20  20  0  20  20  0  20  20  20  20  21  0  21  21  20  20  21  0  21  0  21  20  0  0  20  20  0  0  21  0  20  0  21  0  
27  0  24  23  23  23  23  22  21  0  21  22  22  21  0  21  21  21  22  23  22  21  21  0  21  0  0  22  22  21  21  21  0  21  0  21  0  21  0  0  0  24  24  25  0  21  21  0  21  0  21  21  21  21  21  21  21  22  0  22  21  0  21  22  22  22  0  21  21  22  21  21  21  22  22  0  0  21  22  0  
26  25  24  0  24  24  0  22  22  22  0  23  22  0  22  22  22  22  23  0  22  22  22  22  22  23  23  23  22  22  22  22  22  22  0  0  22  0  0  27  0  0  25  25  0  22  22  22  22  22  0  22  22  22  22  22  22  0  0  22  22  22  22  23  23  23  0  0  22  22  0  0  0  23  23  23  22  0  0  1  
27  0  25  25  25  25  24  23  23  0  23  24  23  0  23  0  23  23  23  0  0  0  23  0  23  0  24  24  0  23  23  23  23  23  23  0  0  23  24  25  26  27  26  25  24  23  23  23  23  23  23  23  0  23  23  23  23  23  24  23  23  0  23  23  24  24  24  24  23  23  0  26  25  24  0  24  23  23  24  25  
28  0  0  26  0  25  24  24  0  24  24  0  0  24  24  24  0  24  24  25  0  24  0  0  24  25  25  0  24  24  0  24  24  24  24  25  0  24  0  26  0  27  0  25  24  24  24  0  24  24  24  24  24  0  24  0  24  24  24  24  24  24  24  24  0  0  0  24  0  24  25  26  25  25  25  0  24  24  25  26  
29  29  28  27  0  26  0  25  25  25  25  0  0  25  0  25  0  0  25  25  0  25  25  0  25  25  26  0  0  0  25  25  25  25  0  25  26  0  25  26  0  28  0  26  0  25  0  25  0  25  25  25  25  0  0  0  25  25  25  25  0  25  0  25  25  26  0  0  25  0  25  26  26  0  0  26  25  25  25  26  
0  29  28  28  27  27  26  0  0  0  26  27  26  26  26  0  0  26  0  26  0  26  26  26  26  0  0  31  32  0  26  26  26  26  26  26  0  26  26  27  28  29  0  27  26  26  26  26  26  26  26  26  26  27  0  26  26  26  26  0  0  26  0  26  0  27  28  0  26  0  26  27  27  0  27  26  26  0  26  27  
31  30  29  29  28  28  27  0  29  28  27  27  27  27  0  0  28  27  0  0  27  27  27  27  27  0  30  0  30  0  27  27  0  27  27  0  27  27  0  0  0  29  0  0  0  27  0  27  0  27  0  27  0  27  28  27  0  27  0  27  28  27  27  0  27  28  28  0  27  27  0  0  28  28  0  27  27  27  0  27  
0  30  0  0  0  28  0  30  29  28  0  28  28  0  30  29  28  28  0  28  28  0  0  28  28  29  0  30  29  28  28  28  28  28  28  0  28  0  32  31  30  30  30  29  28  28  28  0  28  0  0  28  0  0  28  28  0  28  28  28  0  28  28  28  28  0  29  28  28  28  29  29  29  0  28  0  28  28  28  28  
32  31  31  0  0  29  29  0  30  29  0  29  29  29  30  30  29  29  29  29  29  29  30  29  0  29  30  31  30  29  29  29  0  0  29  29  29  29  0  32  31  31  31  0  0  29  29  29  29  0  30  29  0  30  29  29  29  29  29  0  29  29  29  29  29  29  30  0  0  0  29  30  30  0  0  0  29  29  29  0  
32  32  32  0  0  30  0  31  30  30  30  30  30  30  0  0  30  30  0  30  30  30  0  0  0  0  0  0  30  30  30  0  31  30  0  0  30  0  33  0  32  32  32  31  30  30  30  30  0  31  30  30  31  30  0  0  30  30  30  0  30  30  30  30  30  0  31  32  0  0  0  31  31  0  33  0  30  30  30  31  
0  33  0  0  32  31  31  32  31  31  0  0  0  0  0  0  0  31  31  31  0  0  0  46  45  44  0  1  0  0  31  0  32  0  31  32  31  31  32  33  0  33  33  32  31  31  0  31  0  0  31  31  0  31  0  1  0  31  31  31  31  31  0  0  0  0  32  32  33  34  33  32  32  0  33  32  31  31  31  0  
34  34  34  33  32  0  32  0  0  32  33  34  35  35  34  33  32  0  32  0  50  0  46  45  0  43  0  1  0  32  32  33  0  0  0  32  0  32  0  34  34  34  33  32  0  0  32  32  33  0  0  32  32  32  0  0  32  0  0  0  0  0  1  0  34  33  0  33  0  34  33  33  33  34  0  32  0  32  32  33  
35  35  35  34  33  0  33  33  34  33  33  34  35  0  35  34  33  0  0  0  0  49  0  45  44  43  42  41  0  0  0  33  34  35  34  33  33  33  33  34  35  35  34  0  33  34  33  33  33  34  0  33  33  33  0  0  0  33  0  36  37  38  38  0  35  34  0  34  34  35  0  34  0  34  0  0  33  33  33  0  
36  36  35  0  34  0  34  34  34  34  0  0  36  36  35  0  0  51  50  49  48  0  45  44  43  0  41  40  39  0  34  34  35  35  34  34  34  34  0  35  0  0  35  34  34  0  34  34  34  0  34  34  0  34  35  0  34  34  35  36  37  0  37  36  35  0  35  35  0  36  35  35  35  35  36  0  0  0  34  35  
37  37  36  0  35  0  35  35  0  35  35  36  37  37  0  36  0  52  0  0  48  47  46  0  0  42  41  40  39  38  0  35  35  36  35  35  35  35  0  0  36  37  36  0  35  35  35  35  35  35  35  35  35  35  0  0  35  35  0  0  0  38  38  0  0  36  36  36  0  37  0  36  36  0  36  37  38  38  0  35  
38  37  0  36  0  0  36  36  0  36  36  0  38  38  37  37  0  0  0  0  0  47  0  46  0  42  0  0  0  37  36  36  36  36  36  36  0  0  40  0  37  37  37  36  0  36  0  36  0  36  0  0  36  0  37  36  0  36  37  38  39  39  39  38  37  37  37  37  38  0  37  0  37  0  37  38  0  37  36  36  
39  38  38  37  37  38  37  0  0  37  0  37  38  39  38  38  38  39  40  41  42  0  0  46  45  0  43  42  0  0  0  37  37  37  0  37  37  0  40  39  38  38  38  37  37  0  37  37  37  37  37  38  0  37  38  37  37  0  0  38  39  0  0  0  38  0  38  38  38  0  38  38  38  38  38  38  39  38  37  37  
39  39  38  0  38  38  0  39  38  38  0  0  39  0  0  39  39  40  41  42  43  0  46  45  44  43  42  41  40  39  38  38  38  38  38  0  38  39  40  39  0  39  38  38  38  38  38  38  0  38  38  0  38  38  0  38  38  39  0  0  0  46  45  0  0  39  0  0  39  0  39  39  0  39  39  39  39  38  38  0  
40  0  0  39  39  39  39  40  39  39  0  41  40  0  44  0  0  40  0  0  43  44  0  0  45  44  0  42  41  40  0  39  0  39  39  39  0  39  40  40  40  40  39  39  0  0  39  39  39  39  39  0  39  39  39  0  39  39  0  42  43  44  45  44  43  0  40  41  0  0  40  0  40  0  0  0  40  39  39  0  
41  41  40  40  40  40  0  40  0  40  0  41  41  0  43  42  41  41  0  44  44  0  47  46  45  0  43  0  41  41  40  40  40  40  40  0  40  0  41  0  0  40  40  40  41  40  0  0  40  40  40  40  40  40  0  40  0  40  41  0  44  0  0  43  42  41  41  0  42  41  41  0  41  42  0  0  0  0  40  41  
0  0  41  41  41  41  41  41  41  0  41  0  42  42  0  43  42  42  42  43  0  45  46  47  46  0  0  43  42  42  41  41  0  41  41  41  0  41  42  42  0  41  0  0  0  0  41  0  0  0  41  41  41  41  41  0  41  41  41  0  45  45  46  0  43  42  42  42  0  0  42  42  0  42  43  44  44  0  41  41  
0  0  42  42  42  42  42  0  0  42  42  43  43  43  44  43  0  43  43  44  0  46  47  47  47  48  0  0  43  42  0  42  42  42  42  42  42  42  43  0  42  42  0  1  0  42  42  43  0  42  42  42  42  42  42  42  42  42  0  0  0  46  47  0  43  0  43  43  44  43  43  43  43  43  44  44  43  42  0  0  
47  46  0  43  43  43  0  0  0  0  0  0  44  0  44  44  44  0  44  0  45  46  47  0  48  48  49  0  0  0  43  0  0  43  0  43  43  43  0  0  43  43  43  44  0  43  43  43  44  0  43  43  43  43  43  0  43  43  43  44  45  0  47  0  44  0  0  0  0  44  44  44  44  44  0  0  44  43  0  1  
0  45  44  44  44  0  1  0  48  47  46  45  45  45  45  0  45  45  45  46  46  47  0  49  49  49  50  51  52  0  44  0  0  0  0  0  0  0  0  44  44  44  44  45  44  44  44  44  45  0  0  0  0  44  44  0  0  44  44  45  0  47  46  45  45  46  47  0  0  45  45  45  0  45  46  45  44  0  0  1  
48  0  45  45  0  45  46  0  0  48  47  46  0  46  46  46  46  46  0  0  47  0  48  49  0  0  50  51  52  0  45  45  46  0  50  49  48  47  46  45  45  45  0  45  45  45  45  45  0  0  49  0  0  0  0  45  0  0  45  45  0  0  47  46  46  0  47  48  47  46  46  0  0  0  0  46  0  45  0  1  
47  46  0  46  0  0  47  48  49  48  47  47  47  47  47  47  47  47  48  48  0  49  49  50  51  0  0  52  51  0  46  46  47  0  0  49  48  47  46  0  0  46  46  46  46  0  46  46  47  48  49  50  50  49  0  46  0  0  46  46  47  0  0  47  47  0  48  48  0  0  47  0  0  50  0  0  46  46  0  1  
0  0  0  47  47  48  48  48  49  49  0  48  48  0  48  0  0  48  48  49  49  50  0  50  0  52  53  52  51  50  0  47  47  48  49  50  49  48  47  0  48  47  47  47  47  47  47  0  0  48  49  50  50  49  48  47  47  0  0  0  47  0  0  48  48  48  49  49  49  49  48  0  0  50  49  48  47  47  0  0  
50  49  48  48  48  49  0  0  50  50  0  49  0  49  0  0  49  49  49  50  0  51  51  0  53  0  0  51  50  49  48  48  0  49  50  50  49  0  48  0  48  0  48  48  48  48  48  49  0  49  0  51  50  49  48  48  48  49  50  0  48  49  0  49  49  49  50  0  0  0  49  50  0  0  49  48  48  0  1  0  
51  0  49  49  0  49  50  51  51  51  51  50  50  50  0  0  0  50  50  0  51  0  52  52  53  54  53  52  51  0  49  49  0  50  50  0  50  50  49  49  49  0  49  0  49  0  49  0  50  50  50  51  51  0  49  0  49  0  50  50  49  49  50  50  0  0  50  0  53  53  0  50  0  51  50  0  0  49  50  0  
51  50  50  50  50  50  0  52  0  52  51  51  0  0  58  59  0  51  0  52  0  53  53  53  54  54  53  0  51  50  50  50  51  51  51  51  51  0  50  0  0  0  50  0  0  50  0  51  51  51  0  0  0  0  50  50  0  0  51  0  50  50  51  51  52  0  51  52  0  52  51  51  52  51  51  52  0  50  51  52  
52  51  0  51  51  51  0  53  0  0  52  0  0  56  57  57  0  52  0  53  53  54  54  0  0  55  0  0  52  51  51  51  0  0  52  0  0  52  51  51  52  53  0  51  0  0  0  0  52  52  0  0  53  52  51  0  51  0  52  0  51  51  51  52  52  53  0  52  53  53  52  0  0  0  52  52  52  51  0  52  
52  52  52  0  52  52  53  54  54  53  53  54  55  56  57  56  0  53  54  54  0  55  55  56  0  55  54  53  52  0  0  52  53  0  53  0  53  52  52  52  53  53  52  52  53  54  54  53  53  0  55  54  53  52  52  52  52  53  0  0  52  52  52  53  0  0  53  53  54  53  0  0  54  53  53  53  52  52  0  0  
0  53  0  0  53  53  53  54  0  0  0  54  0  56  57  0  55  54  54  55  55  0  56  0  0  0  0  0  53  0  56  0  53  0  54  54  0  53  53  53  0  54  0  53  53  0  55  54  54  54  55  55  54  53  0  53  0  53  54  0  53  53  53  53  54  55  54  54  0  54  0  57  0  54  54  54  53  53  0  56  
54  54  0  54  54  54  54  0  57  56  55  55  56  57  0  56  55  55  55  56  56  0  57  58  58  0  55  54  54  55  0  0  54  55  55  55  0  54  54  0  0  55  0  0  54  55  55  55  0  55  56  0  54  54  54  54  54  0  55  54  54  54  54  0  55  55  0  0  55  55  56  56  55  55  55  0  54  54  55  56  
55  55  55  55  55  0  0  0  0  57  56  56  56  57  58  57  56  56  56  56  57  57  58  58  58  57  56  0  55  55  56  56  55  0  56  0  56  55  0  0  57  56  0  56  55  55  56  56  56  56  56  57  0  55  0  55  0  55  0  55  0  55  55  55  56  56  56  57  56  56  56  57  56  56  0  56  55  55  55  56  
56  56  56  56  56  0  60  59  58  0  57  57  57  58  58  57  57  57  0  0  0  0  0  59  58  0  57  56  56  0  57  56  0  0  0  57  0  56  57  0  0  57  0  0  56  0  57  57  57  57  57  0  56  56  56  56  0  56  56  56  56  0  56  0  57  57  57  57  57  0  57  0  57  57  0  56  0  56  0  57  
57  57  57  57  57  57  58  0  0  59  58  0  0  0  0  58  58  58  58  59  60  0  61  60  0  59  58  57  57  0  0  57  57  58  59  58  58  57  57  0  60  0  0  60  0  57  58  58  0  58  58  58  57  0  57  57  0  57  0  57  57  0  57  57  58  58  58  58  58  58  0  58  0  58  0  57  57  57  57  0  
58  58  58  58  58  0  59  0  60  0  0  63  0  60  59  59  59  0  0  60  61  62  61  0  60  59  0  58  0  61  0  58  58  59  0  59  58  58  58  59  60  61  0  59  58  58  59  59  59  59  59  58  58  58  58  58  58  58  58  58  0  58  58  0  0  0  59  59  59  59  59  59  59  59  58  58  0  58  0  1  
0  59  0  59  0  59  60  60  0  61  62  63  62  61  0  60  0  60  61  61  61  0  62  62  61  60  60  59  0  61  60  59  59  59  60  0  59  59  59  0  0  61  61  60  59  59  59  60  60  60  60  59  59  59  59  0  59  59  59  59  0  59  59  59  60  61  0  60  60  60  60  60  0  60  0  0  0  59  0  0  
0  0  60  60  60  60  0  61  62  0  63  63  0  62  61  61  61  0  0  62  62  0  0  62  0  61  0  60  61  61  60  60  60  60  61  60  0  0  0  0  0  62  61  60  60  0  60  0  0  0  60  60  60  60  0  60  60  60  60  0  60  0  60  60  61  0  61  61  61  0  61  0  61  0  0  61  60  60  0  1  
63  62  61  61  61  61  61  62  62  0  64  0  64  63  62  62  62  62  63  63  63  63  64  0  0  62  62  61  61  62  61  61  0  61  61  0  61  0  64  0  0  63  62  61  61  61  61  0  63  62  61  61  0  0  61  61  61  61  61  0  61  61  61  61  0  62  62  62  62  0  62  0  62  62  63  62  0  0  0  67  
63  0  0  62  62  62  62  0  63  64  65  0  64  63  63  63  63  63  64  64  64  0  65  64  63  0  62  62  62  62  0  62  62  0  0  62  62  63  64  65  0  0  62  62  62  0  0  64  63  62  62  62  63  0  62  62  0  62  62  0  62  62  62  0  0  0  63  0  0  0  0  63  0  0  63  63  64  65  66  67  
0  64  0  63  63  63  63  0  64  64  0  66  65  64  64  64  64  64  0  65  65  0  66  65  0  64  63  63  0  63  63  63  0  63  64  63  63  0  64  65  65  64  63  63  63  0  66  65  64  63  63  63  0  0  63  63  0  63  0  0  63  63  0  63  64  65  64  64  0  1  0  64  0  65  64  64  64  65  66  67  
0  65  0  0  64  0  0  65  0  65  0  66  0  65  0  0  65  65  0  66  66  67  66  0  65  0  64  64  64  64  64  0  0  64  0  64  64  0  65  66  65  0  64  0  64  0  66  65  64  64  64  64  65  64  64  64  0  64  0  64  0  64  0  64  65  65  65  0  1  0  65  0  66  65  65  65  0  66  67  0  
67  66  66  66  65  65  66  66  66  0  66  0  67  66  0  67  66  0  0  67  67  67  67  67  0  0  0  65  65  65  0  65  0  65  0  65  65  65  0  66  66  0  0  65  0  0  67  66  65  65  65  65  65  65  0  65  65  65  0  0  0  65  65  65  65  0  0  66  0  0  66  66  0  0  66  66  0  67  67  68  
67  67  67  0  0  0  0  0  67  67  67  68  67  0  0  0  0  0  68  0  68  68  68  68  69  0  0  66  66  0  0  0  0  0  0  66  66  66  0  0  67  0  66  0  69  68  67  66  66  66  66  66  0  0  66  66  66  66  67  67  66  66  0  66  66  67  0  67  68  0  0  67  0  67  0  0  68  68  68  0  
68  68  68  68  69  70  71  0  68  0  68  68  0  0  72  73  0  70  69  69  69  69  0  0  69  69  68  67  67  67  68  69  0  69  68  67  67  0  67  68  68  68  67  67  68  69  68  67  67  0  0  67  0  1  0  67  67  67  67  0  0  0  0  67  67  67  68  68  68  69  70  0  0  68  68  0  69  69  0  69  
0  0  0  69  70  71  72  0  69  0  69  69  70  71  72  72  71  70  70  70  0  70  71  70  70  69  0  68  68  0  69  70  70  69  68  68  68  0  0  69  69  68  68  68  69  0  68  68  68  0  68  0  1  0  68  68  0  68  0  71  70  69  68  68  68  0  69  0  69  0  71  70  69  0  0  70  70  70  70  70  
73  72  71  70  0  71  72  71  70  70  0  0  70  71  72  73  72  71  0  71  0  71  0  0  71  70  70  0  0  69  70  0  71  0  69  69  0  69  0  0  70  0  0  0  69  0  69  69  69  69  69  69  70  0  69  69  69  69  69  0  71  70  69  69  69  69  70  70  70  0  72  71  70  70  71  71  71  0  0  71  
73  0  71  0  72  72  0  71  71  71  72  71  0  72  73  0  72  72  72  0  72  72  73  72  71  71  71  71  70  0  71  72  72  0  70  0  70  0  72  71  71  72  71  70  70  70  70  70  70  0  70  70  71  70  0  70  70  0  70  0  71  0  70  70  70  0  0  71  71  72  72  0  0  0  72  72  72  73  72  0  
0  0  72  0  73  73  73  72  72  72  72  0  0  0  73  74  0  73  73  0  0  73  73  73  0  72  72  72  71  71  72  0  0  72  71  71  71  71  72  0  72  72  0  71  71  71  71  71  71  71  0  71  71  71  0  71  71  71  71  0  0  0  71  0  71  71  0  72  0  72  73  73  74  74  73  0  73  73  0  73  
74  73  0  74  74  0  73  73  0  0  73  0  77  0  74  75  0  0  74  75  0  74  0  0  73  73  0  0  72  0  73  74  73  72  72  72  0  72  73  0  0  0  72  72  72  72  72  72  72  72  72  0  72  0  72  72  72  72  0  76  77  0  72  72  72  72  0  0  73  73  74  74  0  74  0  74  0  74  0  74  
0  0  74  75  0  75  74  0  0  75  74  74  75  76  75  0  0  76  75  0  76  75  75  75  74  74  74  74  73  73  74  0  74  73  73  73  73  0  73  0  75  74  73  0  73  73  73  0  73  73  73  0  73  0  73  73  73  73  73  74  75  76  0  73  73  73  73  74  74  74  74  75  75  75  0  0  75  75  75  0  
76  75  75  76  76  75  75  76  0  75  75  75  0  76  76  77  77  76  0  77  76  76  76  75  0  0  75  74  0  74  75  75  0  74  74  0  74  0  74  75  75  74  0  74  74  74  74  74  74  74  74  74  74  0  0  0  74  74  74  75  76  75  74  0  74  74  74  75  75  75  75  76  0  76  77  76  76  0  76  77  
77  76  76  76  77  76  76  76  77  76  76  76  76  0  77  77  78  0  77  78  77  0  77  0  0  77  76  75  75  0  0  0  0  0  0  0  75  75  75  75  76  0  75  75  75  75  0  75  75  75  75  0  75  0  77  76  75  0  75  0  76  76  75  75  75  75  75  75  76  0  76  76  77  77  77  0  0  77  77  77  
77  77  77  77  77  77  77  77  77  77  77  77  0  78  78  0  79  78  78  78  0  0  0  79  78  0  76  0  76  77  78  79  79  78  77  76  76  0  76  76  77  76  76  0  76  0  76  76  76  76  76  76  76  0  77  76  0  76  76  77  77  76  76  76  0  0  76  0  77  77  77  77  78  78  0  0  0  0  78  78  
78  78  78  78  78  78  0  78  78  78  78  78  78  79  79  79  0  0  79  0  79  0  81  80  79  78  77  77  77  77  78  0  80  79  78  77  77  77  77  77  0  77  0  77  77  0  77  77  77  0  77  0  77  77  78  77  77  0  77  0  0  77  77  77  77  0  77  77  78  0  78  78  0  79  79  0  0  80  79  79  
0  0  79  79  79  79  0  79  0  79  0  79  79  80  80  80  81  80  80  80  80  0  81  80  79  78  0  78  78  78  79  0  80  79  0  0  78  0  78  78  78  78  0  0  0  78  78  78  0  78  78  78  0  0  0  78  78  78  78  79  78  0  78  78  78  0  0  78  79  79  79  79  80  0  0  1  0  80  80  80  
0  0  80  80  80  0  80  0  80  0  0  80  80  80  0  81  0  81  81  81  81  0  82  81  80  0  0  0  79  0  79  80  81  0  0  1  0  79  0  79  79  79  79  80  0  0  79  79  79  79  0  79  79  0  0  79  0  79  79  79  79  79  0  79  0  79  80  79  79  80  80  0  80  0  1  1  1  0  81  81  
82  81  0  0  81  81  0  0  81  0  0  81  0  0  82  82  82  82  82  82  82  0  0  81  81  82  81  80  80  80  0  81  0  0  1  0  80  80  80  80  80  80  80  81  0  80  80  80  80  0  80  80  0  81  80  0  80  80  80  0  80  80  80  80  0  0  80  80  80  81  81  81  81  1  1  1  1  1  0  1  
1  82  82  0  82  0  82  0  0  82  0  82  82  1  1  1  0  1  1  0  0  1  1  0  82  82  82  81  0  81  81  1  0  1  1  0  81  81  0  81  81  81  0  0  0  0  81  0  81  0  81  81  0  1  0  81  81  81  81  81  81  81  81  81  81  1  81  81  0  81  1  0  1  0  1  0  1  1  1  1  
