2  0  2  0  2  2  0  2  0  2  0  2  2  2  0  0  2  0  0  2  2  2  2  2  2  0  0  0  2  2  0  0  2  2  2  0  2  0  2  0  0  2  2  0  0  0  2  0  0  2  2  2  0  0  2  0  0  0  2  0  0  2  0  0  2  2  0  2  0  2  0  2  2  0  0  0  2  2  0  0  
3  3  0  0  3  0  3  3  3  0  0  0  3  0  3  4  3  3  4  0  3  0  3  0  0  0  5  4  3  0  3  0  0  0  3  3  3  3  3  0  4  3  3  0  0  0  3  0  4  3  0  3  3  0  0  0  1  0  3  3  4  0  3  0  0  3  0  3  0  3  3  3  0  3  4  0  0  3  3  4  
0  4  5  0  0  0  4  0  0  0  8  0  0  4  4  0  0  4  5  4  4  0  4  0  0  0  0  0  0  4  4  5  0  4  0  4  0  0  4  0  4  4  0  1  1  0  0  5  0  0  0  0  4  5  0  0  1  0  0  4  0  0  0  5  4  0  4  4  4  0  4  4  4  4  5  0  0  0  0  5  
6  5  0  0  0  0  0  5  0  0  0  7  6  5  5  0  0  5  5  0  0  5  0  5  6  0  0  16  15  0  0  5  6  0  0  0  0  0  5  0  5  5  5  0  0  0  1  0  0  1  0  0  5  0  6  7  8  0  0  0  5  6  7  6  0  0  5  5  0  5  0  0  0  0  0  0  0  1  1  0  
0  0  1  1  1  0  0  6  0  0  8  0  0  6  6  7  0  0  6  0  0  6  6  6  7  0  0  0  14  15  0  6  7  0  1  0  0  6  0  6  6  0  6  7  0  1  0  1  0  0  0  6  6  0  7  8  9  8  7  6  0  0  7  0  1  0  0  0  0  0  0  0  0  0  0  1  1  0  0  0  
1  1  0  0  0  0  8  7  7  0  9  0  0  0  7  7  0  0  0  0  1  0  7  0  7  8  9  10  0  13  0  7  7  8  0  0  0  0  0  0  0  7  0  0  8  9  0  0  0  13  0  7  7  0  0  8  0  9  8  7  7  8  8  8  9  0  1  1  0  0  1  0  1  0  0  0  1  1  1  1  
0  1  1  1  1  0  8  8  8  0  0  10  9  8  0  8  0  12  12  0  0  8  8  8  8  0  0  11  12  13  0  8  0  9  10  11  0  0  0  0  8  8  0  0  9  0  14  15  0  12  0  0  8  9  9  0  10  0  0  8  8  0  9  9  0  1  0  1  1  0  1  0  1  0  1  1  0  1  0  1  
1  1  0  1  0  0  9  0  0  9  0  0  0  0  0  0  9  10  11  11  10  9  9  0  0  0  17  0  0  13  0  0  9  0  0  0  12  0  0  1  0  0  0  1  0  10  0  13  0  0  11  10  9  0  10  10  0  0  10  9  9  9  0  0  0  1  0  0  1  0  0  0  1  1  0  1  0  1  0  1  
1  0  0  0  0  10  0  11  10  10  0  15  14  13  0  10  0  0  12  11  10  0  0  20  19  0  16  15  14  0  11  10  0  0  0  13  0  1  1  0  1  1  1  0  0  11  12  13  14  0  11  10  10  0  0  0  1  0  10  10  10  10  11  12  0  1  0  1  0  1  0  0  0  1  0  0  1  0  0  0  
0  0  14  13  12  11  11  12  11  11  0  0  0  13  12  11  0  16  0  0  0  11  0  0  0  18  17  0  15  0  0  11  0  1  0  14  0  0  0  0  1  1  0  1  0  0  12  13  14  15  0  11  11  11  12  0  1  0  0  0  0  11  0  0  13  14  0  1  1  1  0  1  1  1  0  1  0  1  0  0  
16  15  14  13  0  0  12  12  12  12  0  1  0  0  12  12  0  15  14  13  12  0  0  0  19  0  18  0  0  0  0  0  1  0  15  0  37  36  35  0  0  0  0  0  1  0  0  0  0  0  12  12  0  0  0  0  0  1  1  1  0  12  13  14  14  0  0  0  0  1  1  1  1  1  1  0  1  1  0  1  
0  0  15  14  14  0  0  13  0  0  0  1  1  1  0  0  0  16  15  14  0  0  22  21  20  20  19  0  1  0  0  0  1  0  0  0  0  0  0  34  0  0  34  35  0  0  0  0  0  0  13  0  0  0  0  1  0  0  0  0  0  13  0  14  15  0  18  19  0  1  1  0  1  1  0  0  0  1  1  1  
0  16  15  15  15  16  0  0  0  0  1  0  1  0  1  1  0  16  15  15  0  23  0  0  0  0  0  0  1  0  0  0  0  0  0  36  35  0  33  33  32  33  0  36  37  38  0  0  0  14  0  0  1  0  0  1  1  0  0  15  14  0  0  15  16  17  18  0  0  0  0  1  0  1  0  0  0  0  1  0  
0  17  0  16  0  0  17  18  0  0  1  1  0  1  0  1  1  0  16  16  0  0  0  1  0  1  1  1  0  0  0  0  1  0  0  37  0  34  33  32  0  31  0  37  0  0  0  1  0  15  0  21  21  0  0  0  1  0  0  0  0  0  17  16  16  0  0  0  1  0  0  0  0  0  1  1  0  1  0  0  
0  18  0  0  1  0  18  0  1  0  1  0  0  1  1  0  0  17  17  0  0  0  1  1  1  1  1  0  0  0  0  0  0  0  38  38  0  33  32  31  30  0  38  0  0  1  1  0  16  16  0  20  21  0  0  0  1  0  0  0  1  0  17  17  17  0  0  0  1  0  0  0  0  1  0  1  1  0  0  0  
0  0  19  0  22  0  19  0  0  0  0  1  0  1  1  0  0  18  0  18  0  0  0  1  0  0  1  1  0  1  1  0  0  0  39  0  0  34  0  0  30  29  28  0  0  0  0  0  0  0  17  18  19  20  21  22  23  0  0  1  1  0  18  18  0  18  19  0  0  1  0  0  0  0  0  1  1  1  0  1  
0  20  20  21  0  0  20  0  31  30  0  0  0  0  1  0  19  19  19  0  0  0  0  1  0  1  0  0  1  1  0  0  0  0  0  35  34  0  0  30  29  0  27  26  0  23  0  0  19  18  0  19  20  0  0  23  24  0  0  1  1  0  0  0  0  19  20  0  1  0  0  0  0  1  0  1  0  0  0  0  
0  21  0  21  0  22  21  0  0  30  29  0  0  0  1  0  0  0  20  0  1  0  0  1  1  1  1  0  0  1  0  0  1  1  0  0  0  33  0  30  29  28  0  26  25  0  22  21  20  19  0  20  20  21  22  23  0  25  0  0  1  0  1  0  21  20  0  0  1  1  1  0  0  0  0  1  1  0  43  43  
22  0  0  0  23  22  22  23  0  0  28  29  0  1  1  0  1  0  21  0  1  0  1  0  1  0  0  0  1  1  1  1  0  0  1  0  0  32  0  29  28  27  26  25  24  23  22  21  20  20  0  21  21  0  23  0  26  0  0  1  0  1  1  0  0  21  0  0  0  1  1  1  0  0  0  0  0  0  42  43  
0  0  0  0  24  23  0  23  24  25  26  27  28  0  0  0  0  1  0  0  44  0  0  0  0  0  0  0  0  0  1  1  1  1  0  1  1  0  31  30  29  28  27  0  25  24  23  0  21  21  21  0  22  0  0  0  27  27  28  0  0  0  0  0  23  22  0  0  0  1  0  1  0  0  37  37  38  39  40  41  
0  0  1  0  24  0  0  24  0  26  0  28  0  0  1  0  0  0  0  43  44  0  0  0  48  0  1  1  1  0  0  0  0  0  1  1  1  0  0  30  0  28  0  26  0  24  0  22  0  0  22  23  23  0  0  0  0  28  29  30  0  34  35  0  23  23  24  0  1  0  0  0  0  0  36  0  0  0  0  42  
1  1  1  0  0  25  0  25  25  26  0  29  29  0  1  0  39  39  40  41  42  43  44  45  46  47  0  1  0  0  0  0  1  1  1  1  0  0  0  31  30  29  29  0  0  0  24  23  23  24  0  0  0  24  0  0  30  29  0  30  31  32  33  0  24  24  24  0  0  0  29  30  0  0  34  35  36  0  1  0  
0  1  0  27  26  26  26  0  26  0  30  0  0  0  0  0  38  39  40  0  42  43  44  0  47  48  0  1  1  0  1  0  1  0  1  1  0  0  32  0  30  0  30  31  32  0  24  24  0  0  1  0  0  0  0  0  30  30  0  31  32  0  34  0  25  0  25  26  27  28  0  31  32  33  34  35  36  0  1  1  
1  0  0  28  0  0  0  27  27  0  0  31  32  33  34  35  36  37  38  39  40  41  0  44  0  0  0  0  0  1  0  1  0  1  1  0  0  0  33  33  0  31  31  0  0  0  0  0  0  1  0  0  1  0  0  0  0  0  31  32  0  0  0  0  0  26  26  0  0  28  0  0  0  0  0  0  36  0  0  1  
1  1  0  0  33  0  0  28  0  0  0  0  33  0  35  0  37  0  39  0  0  42  43  44  0  0  0  1  0  0  0  0  1  0  0  1  0  34  34  0  0  0  0  0  48  47  0  1  1  0  0  0  1  0  0  36  35  0  32  0  1  0  0  0  0  27  27  0  29  0  0  0  0  36  0  0  0  0  0  1  
1  0  0  0  33  32  0  29  0  1  0  1  0  0  36  0  0  38  39  0  42  43  43  0  0  1  0  1  1  0  0  1  1  1  0  43  0  0  0  35  0  0  0  0  0  0  46  0  1  0  0  0  1  0  38  37  0  34  33  33  34  0  0  0  0  28  0  28  29  30  31  32  33  34  35  0  0  0  0  1  
0  36  35  0  0  31  30  0  1  0  0  0  0  37  0  0  0  0  40  41  0  44  0  1  0  1  0  1  0  0  0  1  0  0  42  43  0  37  36  36  0  43  42  43  44  45  46  0  1  1  1  0  0  0  0  38  0  34  34  34  0  1  0  0  29  29  29  29  30  31  32  0  34  35  36  0  0  0  0  0  
38  37  0  34  33  32  31  0  1  0  0  0  39  38  0  46  46  47  0  0  0  0  0  0  0  0  0  0  1  1  0  0  0  0  42  41  0  38  0  37  37  38  0  41  0  0  0  0  0  0  0  0  54  0  0  0  38  0  35  35  35  0  0  1  0  30  30  30  30  31  32  0  0  35  0  0  1  0  1  0  
0  38  0  0  0  0  0  0  1  0  41  40  39  0  46  45  46  47  0  1  1  0  1  1  0  79  80  0  1  1  1  0  0  42  41  40  39  39  38  0  38  39  40  41  0  1  1  0  50  51  52  53  0  0  0  0  37  36  0  0  36  0  0  1  0  0  0  31  0  0  33  0  36  0  1  0  0  0  0  0  
1  0  39  0  0  0  1  0  1  0  42  0  0  40  0  0  44  0  48  49  0  0  77  0  0  77  78  0  0  0  0  0  0  0  0  41  0  0  39  0  39  0  0  0  42  0  1  0  0  49  0  0  54  0  40  39  38  0  0  0  0  0  0  1  1  1  0  0  0  0  34  0  0  0  0  1  1  0  1  1  
0  0  40  41  0  0  0  1  0  43  43  0  41  41  42  43  44  0  0  50  0  77  76  75  76  0  79  0  0  0  0  0  0  0  0  42  0  0  0  40  40  0  44  43  43  0  0  0  0  48  47  0  55  0  40  0  39  40  41  0  0  1  0  0  0  0  0  1  0  0  0  0  0  1  1  1  1  1  0  0  
1  0  41  41  0  0  0  0  0  44  44  0  42  42  42  43  44  0  1  0  0  0  0  0  74  75  0  0  1  1  0  0  1  0  0  43  0  0  46  0  41  0  45  44  0  0  51  50  49  48  47  46  0  0  0  41  40  0  0  42  43  0  1  1  0  1  0  1  1  1  0  0  1  0  0  0  0  0  0  1  
1  0  0  0  0  0  47  46  45  45  45  0  43  43  0  0  0  0  1  0  1  0  74  73  0  0  71  0  0  0  65  0  1  0  0  44  45  45  0  42  42  0  0  0  49  50  51  0  0  48  0  45  44  43  42  0  41  0  43  43  0  1  0  1  0  1  1  1  1  0  0  1  1  1  1  0  0  0  0  0  
1  0  1  1  0  0  0  47  46  46  0  0  0  44  0  0  1  1  0  1  0  1  0  73  72  71  0  70  71  72  0  64  63  0  46  45  45  45  44  43  0  43  0  46  47  48  0  0  1  0  47  46  45  0  0  43  0  0  44  44  44  45  0  0  1  1  0  1  0  0  1  1  1  1  1  1  1  0  0  0  
0  1  0  0  0  1  0  0  47  0  1  0  45  0  1  0  1  0  1  1  0  1  0  72  71  70  69  0  0  0  64  63  62  0  46  46  0  0  0  0  0  44  45  46  47  0  0  0  0  0  47  46  46  0  0  44  45  0  0  0  45  46  47  0  1  0  0  1  0  0  1  0  1  1  0  1  1  1  1  1  
1  0  0  0  1  0  1  0  48  0  1  0  0  46  0  0  1  0  0  0  1  0  1  0  72  0  0  68  67  66  65  0  0  61  0  47  47  0  50  51  0  0  0  0  47  48  49  0  1  0  48  47  0  0  46  45  0  46  0  0  46  0  47  0  0  0  0  0  1  0  1  0  0  1  0  1  1  1  1  0  
1  0  1  0  1  0  0  0  0  0  1  1  0  47  0  1  1  0  0  0  0  1  0  73  0  0  0  0  0  66  0  62  61  60  0  48  48  49  50  0  0  50  49  48  48  0  0  0  0  49  0  48  49  0  0  46  0  0  0  47  47  0  48  0  52  0  0  1  1  1  1  0  1  1  0  1  1  0  1  1  
1  0  0  0  0  1  0  1  0  0  1  0  1  0  48  0  0  1  1  0  0  1  0  74  0  0  72  0  70  0  67  0  0  0  59  0  0  0  50  51  52  51  0  49  49  49  50  51  0  50  50  0  49  50  0  47  47  0  49  48  48  48  0  49  50  51  52  0  0  0  0  0  0  1  1  0  0  1  1  1  
0  1  1  1  0  0  1  1  1  0  0  0  0  0  49  0  1  1  1  0  1  0  75  75  0  0  71  70  69  68  68  69  70  0  58  0  0  0  0  52  0  51  50  50  50  0  51  52  0  51  51  0  50  49  48  48  0  0  49  49  49  0  0  50  51  0  0  1  0  1  0  0  1  1  1  0  0  1  0  1  
1  0  1  1  0  0  1  1  0  1  1  0  1  0  0  0  0  0  1  1  0  0  0  76  0  73  72  71  70  0  0  69  70  0  0  57  56  55  54  53  53  52  0  51  0  51  52  52  0  0  52  0  0  0  0  49  49  0  0  50  50  50  0  51  0  0  1  0  0  0  1  0  1  1  0  1  1  1  0  1  
0  0  0  1  1  1  1  0  1  0  0  0  0  0  0  1  0  0  0  0  0  0  77  76  0  73  0  71  71  71  70  70  0  1  0  57  0  55  54  0  53  53  52  52  0  0  53  0  0  0  0  0  0  0  0  50  0  52  51  0  0  0  52  0  1  0  1  1  0  0  0  1  1  0  0  0  1  1  1  0  
1  0  0  0  1  0  0  1  0  0  1  0  1  0  1  0  1  0  0  0  1  0  0  76  75  74  74  0  72  72  0  0  0  0  1  0  58  0  55  55  54  54  53  0  0  0  0  54  55  56  0  0  61  60  0  0  0  0  52  0  55  0  0  0  1  0  0  1  1  1  1  1  0  0  0  1  1  1  1  1  
0  1  0  0  1  0  0  1  0  1  0  1  0  0  1  0  0  84  85  0  1  1  0  76  75  75  0  73  0  73  74  0  0  0  0  59  0  0  56  0  55  54  0  0  0  56  55  0  56  57  58  0  60  59  58  59  0  53  53  54  0  1  1  1  1  0  0  0  0  1  1  0  1  1  1  0  0  1  0  0  
1  0  1  0  1  0  1  1  1  1  0  0  0  0  1  0  0  84  83  0  0  0  0  77  76  76  0  74  0  0  74  75  0  0  61  60  60  61  0  0  0  0  0  0  58  57  0  0  0  0  58  59  60  59  58  57  0  54  0  0  0  1  1  1  1  0  0  1  0  0  0  1  1  1  1  0  1  0  0  1  
0  0  1  0  1  1  1  0  0  1  0  1  1  0  0  0  0  0  82  81  80  79  78  77  0  0  0  0  76  75  0  0  63  62  61  0  61  0  0  66  67  0  0  59  0  58  59  60  60  59  59  0  0  59  0  56  55  0  0  0  1  1  0  0  1  1  0  1  0  0  0  1  1  0  0  1  1  1  0  0  
1  1  1  1  0  0  1  0  0  1  0  1  1  1  0  1  1  0  0  0  81  0  79  0  0  0  0  75  0  76  0  0  64  0  62  62  0  62  63  64  65  0  1  0  0  59  59  60  0  60  60  0  0  0  0  0  56  56  0  0  1  1  1  0  1  1  0  0  0  0  1  1  1  0  0  1  0  1  0  1  
1  1  0  1  0  1  1  0  0  0  0  1  0  0  1  1  1  0  83  0  81  80  0  77  76  75  74  0  77  77  0  0  65  0  0  63  63  63  0  65  0  0  0  61  60  60  60  0  0  0  61  62  63  64  65  0  0  57  0  1  1  1  0  0  1  1  1  1  1  1  0  1  0  0  1  1  0  0  0  0  
1  1  0  1  0  0  0  1  1  0  0  0  1  1  1  0  1  0  0  82  81  80  0  0  77  76  0  73  73  0  0  0  66  0  69  0  0  0  64  65  0  0  65  0  0  61  0  0  74  73  0  0  63  64  0  0  1  0  0  0  0  0  1  0  1  0  0  0  0  1  0  0  0  0  0  0  0  1  1  0  
1  1  1  1  1  1  1  0  1  1  0  0  1  0  1  0  0  83  82  81  80  79  0  0  0  0  0  72  0  69  68  67  0  0  68  67  66  65  65  66  66  65  64  63  62  0  67  0  73  72  71  0  0  65  66  0  0  1  1  1  0  0  0  0  0  0  1  0  0  0  1  0  1  0  1  1  1  1  0  0  
0  0  1  1  1  1  1  0  1  0  1  0  1  1  0  0  0  0  83  0  0  0  78  77  76  75  0  72  71  70  69  68  68  69  0  0  0  0  66  66  0  0  0  64  63  63  0  66  0  73  0  70  69  0  66  0  1  0  0  1  1  0  0  1  1  0  0  1  1  0  1  0  0  1  1  1  0  1  0  0  
1  0  1  0  0  1  1  0  0  1  1  0  0  0  1  1  1  0  84  85  0  79  78  0  75  74  73  72  0  0  0  69  0  0  0  1  0  67  0  0  68  0  65  64  0  64  65  0  0  0  71  0  68  67  67  0  1  0  1  0  0  1  1  1  0  1  0  1  1  0  0  0  1  0  0  1  1  0  1  0  
1  0  0  1  1  0  1  1  0  0  0  1  0  0  0  0  0  0  85  85  0  0  79  0  76  0  74  73  73  73  0  70  70  0  0  1  0  0  68  0  0  67  66  0  65  0  65  66  67  0  0  0  69  0  0  68  0  0  0  1  1  0  1  1  1  1  1  1  0  0  1  1  1  0  0  1  0  0  0  0  
0  0  0  1  1  1  1  1  1  1  0  1  0  1  0  92  0  0  86  86  87  0  78  77  76  75  74  74  0  72  71  0  0  0  0  0  0  69  0  0  0  0  67  0  0  0  0  67  0  1  0  70  0  0  69  0  0  0  0  1  1  0  0  0  0  1  0  1  1  0  1  0  1  0  1  1  1  1  1  0  
1  1  1  0  0  1  0  1  1  1  1  1  1  1  0  92  91  0  0  87  87  0  79  78  0  76  75  0  0  73  72  0  80  0  0  0  0  0  70  0  1  0  68  68  69  0  69  68  68  0  0  0  71  72  0  70  0  1  0  1  1  0  1  1  0  1  0  1  1  1  1  1  0  0  1  0  0  1  0  1  
1  0  0  0  1  1  1  0  1  1  0  1  0  0  93  0  90  89  88  88  0  0  0  0  0  0  0  0  0  73  0  79  80  0  0  0  72  71  0  0  1  0  0  69  70  70  69  69  69  0  0  0  0  0  71  0  1  0  0  1  1  0  1  1  0  1  0  1  0  0  1  0  0  1  1  1  1  0  1  1  
1  0  1  1  1  1  0  1  1  1  0  0  0  95  94  0  0  0  89  0  89  0  0  88  87  87  0  1  0  74  0  0  78  79  0  0  73  72  0  0  0  0  0  70  0  0  70  70  70  70  71  72  0  0  72  72  73  0  1  1  0  1  0  1  0  0  1  0  1  1  0  0  0  0  0  1  1  0  1  0  
1  1  1  0  1  1  0  1  0  1  1  1  0  0  95  96  0  90  90  90  0  88  87  87  86  87  0  0  0  75  76  77  0  80  0  0  0  73  0  1  1  0  0  0  0  0  0  0  71  0  0  73  74  0  0  0  0  0  0  1  1  1  0  0  1  1  1  1  0  1  0  0  0  0  0  1  0  0  0  1  
1  0  0  1  1  1  0  1  1  1  1  1  1  1  0  95  0  0  91  91  0  0  87  86  0  85  0  0  0  76  76  0  0  81  0  78  0  0  74  0  1  0  0  0  1  0  0  0  72  0  75  74  0  75  0  0  1  1  1  1  1  1  0  1  1  0  1  1  1  1  1  0  1  1  0  1  0  0  0  1  
0  1  0  1  1  1  1  0  1  1  1  0  0  1  0  94  93  92  92  0  0  88  0  85  84  0  1  0  0  77  0  1  0  82  0  77  76  75  0  0  0  0  1  0  0  1  0  0  0  76  75  75  0  0  0  0  0  1  1  1  0  0  1  0  0  0  1  1  0  1  1  1  1  0  1  0  0  0  1  0  
0  1  1  1  0  1  1  1  0  0  0  1  1  0  0  95  94  93  93  0  0  0  0  86  0  83  82  0  79  78  78  0  1  0  83  0  0  76  0  79  0  0  0  1  1  0  0  1  1  0  76  0  76  77  78  0  0  0  0  0  0  1  1  0  1  0  1  1  0  0  0  1  0  1  0  1  0  0  1  0  
0  0  1  1  1  1  1  1  1  1  1  0  0  1  0  0  94  0  0  90  89  88  87  0  83  82  81  80  0  0  79  0  1  0  0  0  0  77  78  79  0  1  0  1  0  1  0  1  0  77  0  77  77  78  79  0  0  0  0  1  1  1  1  0  0  0  0  0  1  1  1  1  1  0  1  1  0  1  0  0  
1  1  0  1  1  0  1  0  1  0  1  0  0  1  1  1  0  95  0  91  0  89  0  0  84  0  0  0  0  88  0  0  0  0  83  0  0  78  78  79  80  81  0  1  0  1  0  1  0  0  78  0  78  78  79  0  82  0  0  0  0  0  0  1  0  0  0  0  1  1  0  1  1  1  1  1  1  0  0  1  
0  1  0  0  1  1  1  1  0  0  0  1  0  0  1  1  0  0  92  91  90  0  0  85  0  0  0  0  0  87  86  85  84  83  82  0  79  0  79  0  0  0  1  0  1  1  0  1  1  0  0  79  0  79  80  81  0  1  0  0  0  0  0  0  1  0  1  0  1  0  0  0  0  1  0  0  0  0  0  0  
0  0  1  0  1  0  1  0  0  0  1  0  0  1  0  0  1  1  0  92  0  0  87  86  86  87  88  89  90  0  0  86  0  84  0  81  80  80  80  0  0  0  0  0  0  1  0  1  0  0  1  0  0  0  80  0  82  0  1  0  1  1  0  1  0  1  1  1  1  1  1  0  0  1  1  1  1  1  1  0  
1  1  0  0  1  1  0  1  0  0  1  1  1  0  1  1  1  0  93  93  0  0  87  0  0  0  89  0  0  88  87  0  84  83  82  0  81  0  0  1  0  1  0  0  0  0  1  1  0  1  0  83  82  81  0  0  83  0  0  1  0  1  0  0  0  0  1  1  1  1  0  0  0  0  1  0  0  1  1  0  
0  1  0  0  1  0  0  1  0  1  0  1  0  1  1  0  0  0  94  0  94  0  0  88  89  90  90  0  0  0  88  0  85  0  0  83  82  82  0  0  1  0  1  1  0  0  0  0  0  87  0  84  83  0  0  1  0  0  1  1  1  1  0  1  0  0  1  0  1  0  1  0  0  0  0  1  1  1  1  0  
0  1  0  0  0  1  1  0  1  0  0  0  0  0  1  0  96  95  95  95  0  90  89  0  0  0  91  91  0  88  87  86  86  0  0  0  0  83  0  1  1  1  1  0  0  0  1  0  87  86  85  84  0  0  0  1  1  1  1  1  1  1  0  1  1  1  1  1  1  0  0  0  0  1  0  0  0  0  1  0  
0  1  0  0  0  1  1  0  1  0  0  1  1  0  0  0  0  96  96  0  96  0  0  0  96  95  0  0  90  89  88  87  87  87  88  89  90  0  84  0  0  1  0  0  0  99  99  0  0  0  86  85  0  0  1  0  1  1  0  0  0  0  0  0  0  0  1  1  0  1  0  0  1  1  1  0  1  0  1  0  
1  1  1  0  1  0  1  1  0  0  0  1  1  1  1  0  0  97  97  0  0  1  0  0  0  94  0  91  0  89  0  0  88  88  0  0  91  0  0  0  1  0  98  0  99  98  99  100  0  87  86  86  0  1  0  1  1  1  1  0  1  1  0  0  1  0  1  0  1  1  1  1  0  1  1  0  0  1  1  1  
0  1  0  1  1  1  0  0  1  1  0  0  0  1  0  1  1  0  98  0  0  1  1  0  95  94  93  92  0  0  90  0  0  89  0  96  0  0  1  0  0  0  0  97  96  0  97  0  0  88  87  87  87  88  0  0  1  0  1  0  1  0  0  0  1  1  0  0  1  1  0  1  0  0  0  1  1  1  1  1  
1  0  0  1  1  0  1  0  1  0  0  1  1  1  0  0  1  0  0  1  1  1  1  0  95  94  93  93  0  0  0  91  90  0  0  95  96  0  102  101  100  99  98  0  95  96  0  1  0  88  88  88  0  0  1  0  0  0  0  1  1  0  1  0  0  0  1  1  1  1  1  1  1  1  1  0  0  1  1  0  
0  0  0  0  0  0  1  1  0  1  0  1  0  0  0  0  1  0  0  1  0  1  1  0  0  0  0  94  0  0  93  92  0  91  92  93  94  0  1  0  101  0  0  99  0  94  0  92  0  89  89  89  0  1  0  0  1  1  0  0  1  1  0  0  1  1  1  1  1  0  1  1  0  0  1  0  0  1  1  0  
1  1  0  1  0  0  1  0  1  0  1  0  1  0  1  0  1  1  0  1  1  0  0  0  98  0  95  95  0  0  93  0  92  92  0  94  0  1  1  102  102  1  0  0  94  93  92  91  90  90  90  0  0  0  1  1  0  1  0  1  0  0  1  1  0  0  1  0  0  1  1  1  1  0  1  0  0  1  0  1  
1  1  0  1  0  0  0  0  1  0  1  1  1  0  0  0  1  1  0  1  0  1  0  99  98  97  96  0  0  0  0  0  0  0  93  0  0  1  1  0  1  1  1  0  95  0  93  0  0  91  0  0  0  0  1  0  1  1  1  1  1  1  0  0  0  0  0  1  1  1  1  0  1  0  1  1  0  0  0  1  
0  0  0  1  1  0  1  0  0  1  0  1  1  1  0  0  1  0  1  1  1  0  0  99  0  97  97  98  99  0  0  1  1  0  0  1  1  1  0  1  1  1  0  0  96  0  0  0  92  0  1  1  1  0  0  1  0  0  1  0  1  0  1  1  0  0  0  1  0  0  0  1  1  1  1  0  0  1  1  1  
0  1  0  0  0  0  1  1  0  1  0  0  1  0  1  1  0  0  0  0  1  1  0  0  0  98  98  0  0  0  0  0  0  0  1  1  1  1  0  1  0  1  1  0  97  0  95  94  93  0  0  0  0  1  1  1  0  1  0  1  1  1  0  1  0  0  1  0  0  1  1  0  1  0  0  1  0  0  1  0  
0  0  1  1  0  1  1  1  0  0  0  1  1  0  1  0  0  0  1  0  0  1  1  1  0  0  99  100  101  102  1  1  0  0  0  1  1  1  1  1  1  1  0  0  0  0  0  0  94  0  1  1  0  1  0  0  0  0  0  1  0  1  0  0  0  1  1  0  1  1  0  1  0  0  0  1  0  1  0  1  
1  1  1  0  0  1  0  0  0  1  0  0  0  1  1  0  0  0  1  0  0  0  0  1  103  0  100  100  0  102  0  0  0  1  0  1  0  1  0  1  1  0  1  1  1  0  1  0  0  0  0  1  0  0  1  0  0  1  1  0  0  1  1  0  0  1  0  1  0  0  1  1  0  1  1  1  0  1  0  0  
0  1  1  0  1  1  1  0  0  1  0  1  0  0  1  0  1  1  0  1  0  0  0  0  102  101  0  0  0  1  1  1  0  1  1  0  0  0  1  1  1  1  1  1  1  0  0  0  1  1  0  0  0  0  1  0  1  0  0  0  0  0  0  1  0  0  1  1  0  1  0  0  0  1  0  0  1  0  0  0  
0  1  0  0  0  0  1  0  0  0  1  1  1  0  1  0  0  1  0  1  1  0  1  1  103  102  102  1  0  0  0  0  1  1  0  0  1  0  1  0  1  0  0  1  1  1  1  1  1  0  0  0  1  1  0  1  1  1  0  0  0  1  0  0  1  1  1  0  1  1  0  0  1  0  1  0  0  0  1  0  
