0  2  2  0  0  3  0  0  4  4  4  0  0  0  0  5  5  5  5  0  6  6  6  6  6  0  7  0  8  0  9  9  0  10  10  10  10  10  0  0  10  10  10  10  10  10  0  0  10  0  0  0  0  13  0  0  0  14  14  14  0  15  15  15  0  0  0  15  0  17  0  18  18  0  0  0  0  19  0  0  20  0  0  0  0  21  21  0  0  0  22  22  22  22  22  0  23  0  0  0  
0  0  2  0  24  24  0  0  0  4  0  4  4  4  4  0  0  0  5  0  0  6  6  0  6  6  0  7  0  0  0  9  0  0  10  0  10  10  10  10  0  10  0  10  10  0  10  0  10  10  0  0  0  0  0  0  26  0  14  0  0  0  15  0  15  15  15  15  15  0  0  0  0  18  18  18  0  19  19  0  28  0  29  29  0  21  21  21  0  21  21  0  22  0  22  22  22  0  32  32  
0  33  0  0  24  24  24  0  0  0  0  4  0  4  4  0  0  6  0  0  35  0  0  6  6  0  37  0  38  38  0  0  0  0  0  0  0  10  0  10  10  10  10  0  10  0  10  10  10  0  39  39  39  39  0  40  0  0  0  41  0  0  0  0  15  0  15  0  0  42  42  42  0  0  18  0  0  0  19  0  0  0  0  0  43  0  0  21  21  21  0  0  22  22  0  0  0  44  0  32  
45  45  0  0  0  0  24  24  24  24  24  0  0  0  4  0  6  6  6  6  0  0  0  0  6  6  6  0  38  38  0  48  48  48  48  0  0  10  0  10  10  0  0  0  0  0  0  10  10  10  10  0  39  39  39  0  40  0  0  41  41  41  0  52  0  0  0  0  53  53  0  0  0  0  0  18  0  54  0  0  0  55  55  0  56  0  57  57  0  21  21  21  0  22  22  22  0  0  44  44  
45  0  58  58  58  0  24  0  24  24  24  24  0  0  0  59  0  0  0  6  6  6  6  6  6  6  0  38  38  0  48  48  0  48  48  0  0  10  10  10  0  0  0  62  0  0  0  0  0  10  0  63  0  39  0  40  40  0  65  0  41  0  0  0  0  66  0  0  0  0  0  0  67  0  0  18  0  0  68  0  69  0  55  0  0  0  0  0  0  21  21  21  21  0  0  0  44  44  44  44  
71  0  0  0  58  0  0  24  24  0  24  0  0  0  72  0  0  73  73  0  0  6  6  6  0  0  6  0  0  38  0  48  48  48  0  0  0  0  10  0  0  0  0  0  0  74  0  75  75  0  0  0  0  0  0  0  40  0  76  0  41  41  0  0  78  78  0  79  0  79  0  0  67  67  0  18  18  18  18  0  0  69  69  0  21  21  21  21  21  21  21  21  21  0  0  0  84  0  44  0  
71  0  0  58  58  58  0  0  0  0  0  0  0  86  0  0  0  0  0  87  0  0  0  0  0  6  6  6  6  0  0  0  48  48  48  48  48  0  0  0  0  0  0  89  0  74  0  0  75  0  75  0  40  40  0  0  40  40  0  0  0  41  41  41  0  0  79  79  0  79  0  0  67  0  18  18  18  0  18  0  0  0  69  0  0  0  21  0  21  21  0  21  21  0  0  0  0  44  44  44  
95  0  0  0  0  0  0  96  96  0  0  0  0  0  86  0  97  97  0  98  0  99  99  99  99  0  6  0  6  6  0  48  48  48  48  0  48  48  48  0  0  101  101  101  0  0  0  75  75  75  75  75  0  40  40  40  40  40  40  40  0  41  41  41  41  0  104  0  79  79  79  0  105  0  0  0  18  0  106  0  107  107  0  0  21  21  0  21  21  0  21  21  0  0  0  109  0  0  44  0  
0  0  0  0  110  0  0  0  0  111  111  0  0  86  86  0  97  97  97  0  99  99  0  99  0  6  6  0  0  6  0  0  48  48  0  115  0  0  48  0  0  101  101  101  0  116  0  75  75  0  75  0  40  40  0  0  40  40  0  40  40  0  0  41  0  118  0  0  0  79  0  105  105  105  105  0  0  120  0  121  0  0  122  0  21  21  21  21  21  21  21  0  123  123  123  0  123  0  0  0  
0  125  0  0  126  0  0  0  127  127  0  111  0  128  0  0  0  97  0  0  0  99  99  0  0  129  0  6  6  0  6  6  0  0  0  0  0  48  48  48  0  101  101  0  0  0  0  75  75  0  0  75  0  0  40  0  40  0  0  0  0  0  134  0  0  0  0  0  79  79  79  0  105  105  0  105  0  0  0  0  121  0  122  122  122  0  21  21  0  21  0  0  137  0  0  123  123  123  0  138  
125  125  125  125  0  140  140  0  0  0  111  111  0  0  0  142  0  0  143  0  99  99  99  0  145  0  6  6  0  147  0  0  0  0  101  101  101  0  0  0  101  101  0  150  0  75  75  75  0  0  0  0  0  40  40  40  40  0  0  0  134  134  134  0  0  0  79  79  79  0  0  0  0  105  105  0  105  0  105  0  0  122  122  122  0  21  21  0  0  0  0  0  137  0  0  123  0  0  0  138  
0  0  125  0  125  0  0  0  159  0  0  111  0  160  0  142  142  142  142  0  142  0  0  0  0  0  163  0  0  0  147  147  147  0  101  101  0  101  101  101  101  101  0  150  150  0  75  75  75  0  166  166  0  0  0  40  0  0  0  167  167  0  134  134  134  0  79  79  0  79  0  105  105  105  105  105  105  105  0  105  105  0  0  0  122  0  21  21  21  0  170  170  170  0  0  0  123  123  123  123  
0  125  125  0  0  125  0  0  159  0  0  0  0  0  173  0  142  0  142  142  142  0  0  0  174  174  0  0  0  0  147  147  147  0  0  101  0  101  101  0  0  0  0  0  150  0  75  0  0  75  0  0  176  0  0  0  0  167  167  167  0  178  0  0  134  0  0  79  0  79  79  0  0  0  0  105  105  105  105  105  105  105  0  0  122  0  0  0  0  179  0  0  0  180  0  123  123  0  0  123  
0  125  125  125  0  0  125  0  183  0  0  184  184  0  0  173  173  0  0  142  0  142  142  142  0  174  0  0  142  0  0  0  0  0  101  101  101  101  0  0  0  0  187  0  188  0  0  75  75  75  75  75  0  0  189  0  190  0  0  167  0  191  0  0  192  0  0  193  0  0  79  0  194  0  0  79  0  0  105  0  0  0  0  0  196  0  0  197  197  197  0  0  0  0  0  0  123  123  123  0  
125  125  125  125  125  125  125  125  0  0  184  184  0  200  0  0  0  0  201  0  201  0  0  142  0  0  142  142  142  0  0  204  204  0  0  101  101  0  205  0  187  187  187  0  0  0  207  0  75  0  75  0  0  0  0  0  190  0  167  167  167  0  167  0  0  193  193  193  0  0  79  0  0  79  79  79  0  79  0  213  0  214  214  214  0  197  197  197  197  197  0  216  216  0  123  123  123  123  123  123  
0  0  0  125  125  125  125  0  125  125  0  0  184  0  200  0  0  218  0  201  201  201  0  142  142  0  0  142  142  0  220  0  204  0  221  0  101  101  0  0  222  0  0  187  187  0  0  0  75  75  75  0  0  167  167  0  225  0  167  167  167  167  167  167  167  0  193  193  0  0  0  79  79  79  79  0  79  79  79  0  213  0  0  0  214  214  0  0  197  197  0  123  0  0  123  123  0  0  123  0  
0  0  0  0  125  125  0  0  125  0  0  0  0  0  0  218  218  218  0  201  201  0  142  142  142  142  142  142  0  231  0  0  204  204  0  0  0  101  0  0  0  187  187  187  187  187  187  0  75  0  0  167  167  167  167  0  0  0  0  0  167  167  167  0  167  167  0  0  79  79  79  79  79  79  0  0  79  0  0  213  213  213  213  0  214  214  214  214  0  0  123  123  123  123  123  123  123  0  0  237  
238  238  238  238  238  0  0  125  0  125  0  240  0  0  0  0  218  218  218  218  0  201  0  0  142  0  0  142  142  142  0  241  241  0  204  0  242  242  0  142  0  244  0  187  0  0  187  187  187  0  0  0  167  0  167  167  0  167  0  0  167  167  167  167  167  0  0  0  0  0  79  0  0  79  79  0  79  79  79  0  0  0  213  0  214  214  214  0  0  0  123  123  0  123  0  0  0  123  123  123  
238  238  238  238  238  238  0  125  0  125  125  0  250  250  250  0  218  0  0  218  0  0  0  142  142  142  0  142  0  142  142  0  241  241  0  142  0  0  142  142  0  0  0  0  0  0  187  187  187  0  254  0  0  167  167  167  167  167  0  0  167  167  0  167  167  167  0  0  79  0  79  79  79  0  0  0  79  0  79  0  0  213  213  0  214  214  0  214  214  214  0  0  123  123  0  260  260  0  123  0  
238  238  238  0  238  238  238  0  125  125  125  125  0  250  0  0  262  0  0  0  0  0  142  0  142  142  142  0  142  0  142  142  0  0  0  142  142  0  142  142  142  0  0  266  0  0  187  187  0  0  0  0  268  0  167  167  167  167  0  167  167  167  167  0  0  167  167  0  0  79  79  0  0  79  79  0  0  79  0  0  270  270  0  213  213  0  214  214  214  214  0  123  123  123  123  123  0  260  260  0  
0  0  0  238  238  0  0  0  125  125  0  0  0  250  250  250  0  273  273  0  0  0  142  142  142  142  0  274  0  0  0  0  142  142  142  0  142  142  142  142  142  0  142  0  0  187  187  0  278  278  0  279  0  0  0  167  0  167  167  167  167  0  0  280  0  167  0  0  79  79  79  79  79  79  0  0  79  79  0  283  0  0  213  213  0  0  214  214  0  0  285  0  0  123  123  0  0  0  0  0  
0  0  0  0  238  0  0  125  125  125  0  0  0  125  0  250  250  0  0  0  288  0  0  142  0  0  142  142  0  0  142  0  0  0  0  142  142  142  142  142  0  0  142  142  0  187  187  0  0  0  0  0  279  279  279  0  0  167  167  0  167  167  0  0  0  0  0  0  0  0  79  0  0  79  79  79  0  79  79  79  0  0  293  0  213  213  0  0  0  0  285  285  285  0  0  123  0  295  0  296  
297  0  298  0  238  238  0  125  0  125  0  125  125  125  0  250  0  300  0  0  288  288  288  0  0  0  0  142  142  142  142  0  0  0  0  142  142  0  0  142  0  142  142  0  0  187  187  0  0  0  187  0  0  0  0  0  0  0  0  0  0  167  167  0  303  303  303  303  0  0  0  0  304  0  79  79  0  79  79  79  79  0  0  0  213  213  213  213  213  0  0  0  0  0  0  123  123  0  305  0  
297  297  0  0  0  0  0  125  125  125  125  125  125  0  0  0  0  0  300  300  300  0  288  288  288  0  0  0  142  142  0  142  142  142  0  142  142  142  142  142  142  142  142  0  309  0  187  0  187  187  0  187  187  187  0  311  0  0  311  0  0  311  0  0  0  303  0  0  303  303  0  304  304  304  0  79  0  0  0  0  0  0  0  213  213  213  0  0  213  0  123  123  123  123  123  123  123  123  123  0  
297  297  0  317  0  0  318  0  0  125  0  125  125  0  319  319  319  0  0  0  0  0  288  288  0  142  0  0  0  0  142  142  0  142  0  142  142  0  142  142  142  0  0  0  309  0  187  187  0  187  187  187  0  0  311  311  311  311  311  311  311  311  311  0  303  303  0  0  0  0  304  304  304  0  0  79  0  325  0  326  326  326  0  213  213  0  0  0  213  213  0  0  0  123  0  123  123  123  123  0  
297  297  297  0  317  0  0  318  318  0  125  125  0  0  0  0  0  0  328  0  329  0  288  288  288  0  142  142  142  142  142  142  0  0  0  0  142  0  142  142  142  142  142  0  0  0  332  0  187  0  187  187  0  0  0  0  0  0  311  311  0  0  311  0  0  303  303  0  333  333  333  0  0  0  334  0  0  325  325  325  0  326  326  326  0  0  336  336  336  0  213  213  213  0  0  337  0  0  0  123  
0  297  297  0  0  318  0  318  318  0  125  0  0  0  0  0  339  339  0  0  329  0  288  288  288  288  0  0  142  142  142  142  0  142  142  0  0  0  0  0  142  142  142  142  142  0  332  0  187  187  187  0  341  0  0  342  342  342  0  0  0  0  311  0  0  0  303  0  0  333  333  0  0  334  334  0  0  325  325  0  326  326  326  0  336  0  336  0  0  0  213  0  213  213  213  0  346  346  0  0  
0  0  0  297  0  0  318  318  318  0  125  125  0  0  0  0  0  339  339  339  339  0  348  0  0  0  288  288  0  0  0  0  142  0  142  0  0  0  0  142  0  142  142  142  0  0  0  0  187  187  0  0  341  341  0  342  342  342  0  311  311  311  311  311  0  354  354  0  0  333  333  0  0  356  0  334  0  0  0  0  326  326  326  0  0  336  336  336  336  0  336  0  336  0  213  0  0  0  0  0  
0  0  0  297  297  0  318  318  318  0  0  125  125  0  339  339  339  339  0  339  339  0  0  0  361  0  288  288  0  0  142  142  142  142  142  142  142  142  142  142  0  142  0  142  142  0  0  187  0  187  0  0  0  0  342  342  0  342  0  311  0  0  311  311  0  0  354  354  354  0  0  0  365  0  334  334  0  0  367  367  0  0  326  0  0  0  336  336  0  336  336  336  336  0  0  369  0  0  0  370  
0  0  371  0  297  0  0  318  318  0  0  372  0  125  0  0  0  0  339  0  0  339  339  0  373  0  0  288  0  0  142  142  0  142  0  142  0  0  142  142  142  142  142  142  0  142  0  187  187  187  187  187  187  187  0  0  0  376  0  311  311  0  0  311  0  311  0  0  0  354  0  0  365  365  0  0  0  0  380  0  367  367  0  0  0  336  336  336  336  336  0  0  0  336  0  0  0  382  0  0  
371  371  371  0  297  0  384  0  318  0  0  0  0  0  0  0  0  0  339  0  339  339  339  339  0  386  0  288  0  387  0  0  142  142  142  0  0  389  0  142  142  0  0  0  0  142  0  187  0  0  187  187  0  187  0  0  390  0  0  311  0  0  0  311  0  311  0  0  354  354  0  354  0  0  393  393  393  0  0  394  0  0  0  0  336  336  0  336  0  336  336  336  336  336  336  0  396  0  397  397  
0  371  371  371  0  0  0  0  398  0  399  0  400  400  400  400  400  0  401  0  339  339  339  339  339  339  0  339  0  404  0  405  0  142  0  142  142  142  0  0  0  142  0  0  406  0  0  0  0  407  0  0  0  0  187  0  0  390  0  0  311  0  0  0  311  311  311  0  0  0  354  354  354  0  408  0  0  393  0  0  0  0  409  409  0  336  336  336  336  0  0  0  336  336  0  336  336  0  0  397  
410  0  0  0  0  411  0  398  398  398  0  413  0  400  400  400  0  414  0  339  339  339  0  339  339  0  339  339  0  0  0  0  142  142  0  142  0  0  0  418  0  142  142  0  0  419  0  420  0  0  421  421  421  0  187  0  422  0  422  422  0  0  424  0  311  0  0  0  408  0  0  0  0  408  408  0  0  393  0  0  409  409  409  0  0  0  336  0  0  336  336  336  336  0  0  0  336  336  0  397  
0  0  0  0  0  398  0  0  398  0  0  413  413  0  400  0  400  0  0  0  0  0  339  339  339  339  339  339  339  339  0  431  0  142  0  432  0  0  0  433  0  0  142  142  0  419  419  419  0  0  421  421  0  0  187  187  0  422  422  422  422  422  422  0  0  0  0  408  408  408  408  0  0  0  408  408  408  408  0  408  408  0  0  0  0  336  336  336  336  0  336  0  0  336  336  336  336  336  0  440  
441  0  0  442  0  398  398  398  398  0  0  413  413  413  0  0  400  0  443  0  0  444  0  339  0  339  0  339  0  339  0  0  0  142  142  0  445  445  0  0  0  0  0  142  0  0  0  0  142  0  0  0  447  0  0  187  0  422  422  422  0  0  422  0  0  0  408  408  408  408  408  408  408  408  408  408  408  408  408  0  408  408  408  0  0  0  0  336  336  336  336  336  0  336  0  0  0  0  449  0  
0  441  441  0  442  0  0  398  0  398  398  398  0  0  413  413  413  0  450  0  0  0  444  0  339  0  0  0  0  339  339  0  452  0  0  0  445  445  445  445  0  142  142  142  142  142  142  142  142  142  142  0  0  447  0  187  187  0  0  0  0  0  0  422  0  0  456  0  408  0  408  408  408  408  0  0  0  408  408  408  408  408  408  0  408  0  0  0  0  0  336  336  0  0  336  336  336  336  0  449  
0  441  441  0  0  441  0  398  398  0  398  0  459  459  0  0  0  0  450  0  444  444  444  0  339  0  339  339  339  339  339  339  0  0  462  0  0  0  445  445  0  0  142  0  0  0  0  142  0  142  142  0  0  0  463  0  0  0  464  464  464  0  0  422  0  422  0  0  0  0  0  0  0  408  0  0  0  408  408  0  408  408  408  408  408  0  0  0  466  0  336  0  0  467  0  336  0  336  336  0  
0  468  0  441  441  441  441  0  0  0  459  0  459  459  459  459  0  0  471  0  444  444  0  444  444  0  473  0  339  339  0  339  0  0  474  0  475  0  339  0  0  477  0  142  0  0  0  0  142  0  0  142  142  0  0  0  0  0  478  0  0  464  0  0  422  422  422  422  0  479  479  0  0  480  0  480  480  0  0  408  0  408  408  0  0  408  0  0  0  466  0  0  482  0  467  0  0  483  0  336  
484  0  441  441  0  0  441  0  486  0  459  459  459  0  459  459  0  0  0  444  444  444  0  0  444  444  0  0  339  0  0  339  339  339  0  0  0  0  339  0  0  477  477  0  0  488  0  0  0  0  0  0  142  0  0  0  478  478  478  0  0  0  422  422  422  422  422  0  0  0  0  0  0  480  480  480  0  0  408  408  408  0  0  0  0  408  408  0  0  466  0  466  0  493  0  483  483  483  0  336  
495  0  0  0  0  0  0  441  0  0  0  459  0  0  459  459  459  0  459  0  444  0  0  444  444  444  444  0  339  339  0  500  0  0  339  339  0  339  0  339  339  339  0  477  0  502  0  0  503  503  503  503  503  0  478  478  478  478  0  0  0  0  422  422  0  0  0  422  0  506  506  506  506  0  0  0  0  0  408  408  408  0  508  508  0  0  0  408  0  466  466  466  466  0  0  0  483  483  0  0  
495  0  0  441  0  441  441  441  441  441  441  0  512  0  0  459  459  459  459  0  0  0  513  0  444  444  0  339  339  0  0  500  500  500  0  339  339  339  339  339  0  339  0  0  502  502  0  408  0  0  0  0  0  478  478  0  0  0  0  408  408  408  0  0  0  0  0  0  0  0  0  0  0  0  0  408  0  408  408  0  408  0  0  508  508  0  0  408  408  0  466  466  466  0  483  483  483  0  522  522  
523  0  0  0  441  441  0  441  441  441  441  0  524  0  0  0  0  459  459  459  459  459  459  0  525  0  0  0  339  0  526  526  0  0  500  500  0  339  339  339  0  0  0  0  0  0  0  0  408  408  408  408  408  0  0  0  0  527  0  408  408  0  408  0  529  0  530  530  0  530  530  0  408  408  408  0  408  408  408  408  408  408  408  0  0  0  0  533  0  0  0  466  466  0  0  483  0  0  0  0  
0  0  0  441  441  441  441  0  0  441  441  441  0  441  0  441  441  0  0  459  459  0  0  0  525  0  525  0  0  0  0  526  0  0  0  0  0  0  0  339  339  0  0  538  0  539  0  408  408  0  0  408  408  408  408  0  408  0  408  408  408  408  408  0  529  0  530  0  530  530  0  408  408  0  408  408  408  408  408  408  0  408  0  0  545  545  545  0  546  0  0  466  0  483  483  483  483  483  0  548  
549  0  0  549  0  441  0  441  441  0  0  0  441  441  441  441  441  0  551  0  459  459  0  0  0  525  525  525  0  525  0  526  526  526  0  554  0  0  555  0  339  339  0  538  538  0  0  408  408  0  0  0  408  408  0  408  0  408  408  408  0  408  0  408  0  0  0  530  530  530  0  558  0  0  0  408  408  408  408  0  408  0  408  0  545  545  545  545  545  0  0  466  466  0  0  483  483  483  0  0  
549  549  549  549  549  0  549  0  441  441  441  441  441  0  0  0  0  562  0  0  0  0  0  0  0  0  525  525  525  525  525  0  0  526  0  0  555  555  555  555  0  339  339  0  538  0  408  408  408  0  408  408  408  0  0  408  0  0  408  0  0  408  408  0  0  566  0  0  530  530  530  0  408  0  408  0  408  0  0  0  408  0  0  0  0  0  545  545  545  545  545  0  0  0  0  483  483  0  0  569  
0  0  0  549  0  549  549  549  549  0  0  0  441  441  0  570  570  570  0  571  0  0  0  572  572  0  0  525  525  0  525  0  0  526  526  526  526  0  0  0  555  0  0  339  339  0  0  408  408  0  408  408  0  408  0  0  408  408  0  0  408  408  0  408  0  408  0  0  0  0  0  0  408  408  0  408  408  408  408  0  0  408  408  0  578  578  0  545  0  0  0  545  545  545  0  0  0  483  483  483  
549  549  549  549  549  0  0  0  0  580  580  0  0  0  581  0  570  0  582  0  0  583  583  0  572  0  525  525  525  525  0  525  0  0  0  0  0  586  586  586  0  0  0  339  339  339  0  0  0  587  0  408  408  408  0  408  0  408  408  0  408  0  0  408  408  408  0  408  408  408  408  408  408  408  408  408  0  0  408  408  0  0  0  578  578  578  578  0  0  0  0  0  545  0  591  591  591  0  483  0  
549  549  0  0  549  0  593  0  0  594  0  580  580  0  0  581  0  570  570  0  583  583  583  0  0  0  0  0  525  525  0  525  525  525  0  0  525  0  0  586  0  598  598  0  339  0  0  599  0  0  587  0  0  408  408  0  408  408  408  408  408  408  408  0  408  408  0  408  408  408  408  408  0  408  0  408  408  0  0  0  0  578  578  578  578  0  578  0  578  0  603  603  0  0  0  0  591  0  0  0  
549  549  549  0  549  0  593  0  0  0  604  0  0  605  605  0  0  570  0  0  0  583  583  0  0  525  0  0  0  525  525  525  0  525  525  0  525  0  0  0  0  598  598  598  0  0  599  599  599  599  0  408  0  408  408  408  408  0  408  0  408  408  408  408  408  408  0  408  0  408  408  0  609  0  0  408  408  408  408  408  0  0  578  578  578  578  0  578  578  578  0  603  603  0  591  591  591  0  612  0  
0  0  549  0  613  0  0  0  614  614  0  0  605  605  605  605  0  0  570  570  0  0  583  0  0  525  525  0  0  617  0  0  525  525  0  525  525  525  0  525  0  0  0  598  0  0  0  0  599  599  0  0  408  408  408  408  408  0  0  0  0  0  0  0  0  408  408  408  408  408  408  408  0  0  0  408  408  408  408  0  0  0  0  578  0  578  578  0  578  578  578  578  0  0  0  591  591  591  0  0  
0  0  0  620  0  0  0  621  0  614  0  0  0  0  0  0  0  0  570  0  622  0  583  0  0  0  525  525  0  617  0  0  0  525  525  525  525  525  525  525  0  623  0  0  0  599  599  0  599  0  625  0  0  0  408  0  0  0  626  626  0  0  627  0  408  408  0  0  408  0  0  0  629  0  0  408  0  0  408  408  0  0  0  578  0  578  0  578  578  0  578  578  578  578  0  0  591  0  631  631  
632  0  633  0  0  0  634  0  0  614  614  0  0  0  636  0  570  570  570  570  0  0  583  583  0  0  0  525  0  617  617  0  0  525  525  525  525  525  0  525  0  641  0  599  599  599  0  599  599  599  0  625  625  625  0  408  0  0  0  0  0  0  643  0  644  0  408  0  645  0  646  0  0  0  0  0  0  647  647  0  408  0  0  648  0  578  578  578  578  0  0  578  578  578  0  650  0  0  0  631  
0  651  0  0  652  652  0  653  0  614  614  0  636  636  636  0  570  0  0  570  0  0  0  0  525  0  525  525  0  0  0  525  0  525  0  525  525  525  525  525  0  0  0  599  0  599  599  599  0  599  599  0  625  625  625  0  643  643  643  643  643  643  643  0  644  0  408  408  0  659  0  0  0  0  0  0  0  647  647  647  0  660  0  0  0  0  578  0  0  0  661  0  578  0  0  650  0  0  0  0  
0  662  0  663  0  0  652  652  0  614  614  614  0  636  636  636  636  0  570  570  570  0  525  525  525  525  525  525  525  525  0  0  525  525  525  525  525  525  0  0  0  667  0  667  0  669  0  599  0  599  599  0  671  0  0  0  0  643  643  0  0  643  0  0  672  0  673  0  0  674  0  0  675  0  676  0  0  0  0  0  647  0  660  660  660  0  0  578  0  677  677  0  677  0  677  0  0  680  0  0  
662  662  0  663  663  0  652  652  0  0  0  614  0  636  636  636  636  0  0  0  570  570  0  525  525  525  525  0  525  525  525  525  0  0  525  0  0  0  682  0  667  667  667  667  667  0  684  0  599  599  599  0  671  0  643  643  643  0  643  643  0  643  0  687  0  673  673  673  0  0  0  0  0  0  0  689  0  0  647  647  647  0  0  660  660  0  0  0  0  0  677  677  677  677  677  0  691  0  692  0  
0  0  0  663  663  0  694  0  652  652  0  0  0  695  0  636  636  0  636  636  0  0  0  0  0  525  525  525  525  0  525  525  0  0  0  525  525  0  697  0  667  667  0  0  667  667  0  684  0  0  0  599  599  0  0  0  643  643  643  0  643  643  643  0  0  699  0  673  673  673  673  673  673  673  673  0  0  0  0  0  647  0  660  660  660  0  0  0  701  701  0  0  0  0  0  0  691  691  0  692  
703  703  0  663  663  663  0  652  652  652  652  0  0  0  705  0  636  636  0  636  0  0  0  0  525  525  525  525  525  0  525  525  525  525  525  525  0  0  0  0  0  667  667  667  667  0  0  684  0  0  599  599  599  0  643  643  0  643  0  643  643  643  643  0  0  0  0  673  673  673  673  673  673  0  0  0  0  710  710  0  0  0  0  660  0  711  711  0  0  701  0  0  712  0  713  0  0  0  0  692  
714  0  0  715  0  0  663  0  652  0  652  0  0  716  716  0  0  636  636  636  636  0  717  717  0  525  525  525  0  525  0  0  525  0  525  525  525  525  525  525  0  0  667  0  667  0  667  667  0  0  719  0  599  0  0  643  643  643  643  643  643  643  0  643  0  720  0  673  673  0  0  673  673  673  0  0  0  710  710  710  0  660  660  660  660  0  711  0  701  701  701  701  0  0  725  0  0  726  726  0  
0  0  0  0  0  663  663  663  0  652  652  652  0  0  0  0  0  0  0  636  636  0  717  717  0  0  525  0  525  525  525  0  0  0  525  525  525  0  0  0  0  0  0  0  667  0  667  0  0  719  719  719  0  0  0  0  643  643  0  643  643  0  0  643  0  720  720  0  0  731  731  0  0  0  732  0  733  0  0  0  0  0  0  660  660  660  0  0  701  0  0  701  0  0  0  0  726  726  726  0  
735  0  0  736  0  737  0  663  663  0  652  0  0  0  0  0  738  738  0  739  0  0  0  0  0  740  740  0  0  0  525  525  525  0  0  525  525  0  0  741  741  0  667  667  667  667  667  667  0  0  0  719  0  0  743  743  0  643  643  0  0  0  643  643  643  0  0  0  745  0  731  731  731  0  746  0  0  733  733  0  747  0  748  748  0  660  660  660  0  0  660  0  701  0  0  0  0  0  0  0  
735  735  0  736  736  0  663  663  0  0  0  751  0  752  0  0  0  738  0  0  753  0  754  0  740  740  0  756  756  756  0  0  525  525  525  525  525  0  0  741  741  741  0  0  0  667  667  0  757  0  0  719  0  0  743  743  0  0  643  643  643  643  0  0  643  643  0  758  0  0  0  731  0  0  746  0  733  733  0  0  0  760  0  748  0  660  0  660  660  660  660  660  0  761  761  0  762  0  763  763  
0  735  735  0  0  0  0  0  0  764  764  0  751  751  0  765  765  765  0  0  0  753  753  0  0  0  0  766  0  756  0  0  0  0  0  0  0  525  525  0  741  741  741  0  0  667  667  667  0  0  0  0  719  719  719  0  743  743  0  0  643  0  0  0  0  643  643  643  0  0  768  0  0  746  746  746  0  733  0  0  0  760  760  0  0  660  660  660  660  660  0  0  660  0  0  0  772  0  773  0  
0  735  0  774  774  774  0  764  764  764  0  776  0  751  0  765  0  0  0  0  0  753  753  753  753  0  753  0  525  0  0  0  525  0  780  780  0  525  525  525  0  0  741  741  0  0  0  667  667  0  0  781  0  719  0  0  743  0  782  0  643  643  0  783  783  0  0  643  0  784  0  0  785  0  746  0  733  733  0  760  760  760  760  760  760  0  0  660  660  660  660  0  0  0  773  773  0  0  773  0  
0  0  0  0  0  774  774  774  0  764  764  764  0  789  0  790  0  0  0  0  0  791  0  753  0  753  753  753  0  525  525  0  525  525  0  780  0  0  525  0  525  0  0  0  741  0  0  0  667  667  667  0  0  0  719  719  0  743  0  0  643  643  643  0  0  0  0  794  0  784  784  0  796  0  0  0  0  733  0  797  0  0  0  760  760  0  797  797  0  0  0  660  660  660  0  773  773  773  773  773  
0  799  0  0  774  774  774  774  0  764  764  764  0  789  0  0  801  0  802  802  0  791  0  753  0  0  753  753  0  525  525  525  525  0  0  0  0  0  0  525  525  525  525  525  0  0  0  0  0  667  0  719  719  719  719  719  719  0  0  643  643  643  643  643  0  806  806  0  0  784  0  0  0  807  0  0  808  0  797  797  0  810  810  0  0  0  797  0  797  0  0  0  660  660  0  0  773  0  0  0  
0  0  799  0  812  0  0  0  0  813  0  0  0  0  789  789  0  0  802  0  802  802  0  0  0  0  0  0  753  0  525  0  525  525  0  815  0  0  0  525  525  525  525  525  0  0  817  0  818  0  0  0  719  0  719  719  0  719  0  0  0  0  643  643  0  0  806  806  0  784  784  784  784  0  807  807  807  0  0  797  797  797  0  0  797  797  0  797  797  797  0  0  660  660  0  0  0  0  0  0  
0  0  0  0  0  0  822  822  822  0  0  802  802  0  0  0  0  802  802  0  802  802  802  0  825  0  0  0  753  0  525  0  525  0  0  0  826  826  0  525  525  525  525  525  525  0  0  818  818  0  0  0  0  719  719  0  0  719  0  643  643  643  0  643  0  830  0  0  0  784  0  784  784  0  0  0  0  797  797  797  0  797  0  797  797  797  797  0  797  797  797  0  660  660  0  0  833  833  833  833  
0  0  834  834  834  834  0  0  822  822  0  802  802  0  802  802  802  802  802  0  837  0  0  802  0  0  753  753  753  753  753  0  525  525  525  0  525  0  0  0  525  525  0  0  0  525  525  0  0  0  0  719  719  719  0  719  719  719  719  719  0  643  0  643  643  643  0  843  0  844  0  0  784  784  784  0  845  0  0  797  797  0  797  0  797  0  0  797  797  797  797  0  0  0  660  660  660  0  833  833  
846  0  0  0  0  0  847  0  0  0  802  802  802  0  0  802  802  0  802  0  0  802  802  802  802  802  0  0  753  753  0  525  525  525  525  525  525  525  0  0  0  525  525  525  525  0  0  0  0  851  0  719  719  719  719  719  0  0  719  0  0  643  643  643  643  0  852  0  0  844  0  853  0  784  0  854  0  0  855  0  797  0  797  797  797  797  797  797  0  0  0  0  0  856  0  0  660  0  0  833  
846  846  846  0  0  858  0  847  847  0  0  0  802  802  802  802  802  0  802  802  802  802  802  0  802  0  0  0  753  753  753  753  0  525  0  0  0  525  0  525  525  525  525  525  0  525  525  0  851  851  851  851  0  0  0  719  0  719  719  719  0  864  0  0  0  0  0  0  0  865  0  0  853  0  0  866  0  865  0  855  0  797  797  797  797  797  797  797  797  0  868  868  0  869  0  0  870  0  871  0  
0  846  846  846  0  0  0  0  0  0  0  0  802  802  802  0  0  802  802  802  0  802  0  0  0  0  0  0  753  753  753  0  0  525  525  525  0  0  0  0  525  525  0  0  0  525  525  0  851  0  0  851  0  873  0  0  719  719  719  719  0  864  864  864  864  864  864  864  0  865  865  865  0  0  0  0  865  865  0  0  876  0  0  797  797  797  797  797  797  797  0  868  0  869  869  0  0  0  0  877  
878  0  0  0  846  0  0  879  879  0  880  0  0  802  802  0  0  0  0  0  0  802  802  0  802  0  802  0  753  753  753  753  0  0  525  0  525  525  525  525  525  525  0  0  885  0  525  0  886  0  0  887  0  0  0  0  0  719  0  0  0  888  0  0  0  0  864  0  0  0  865  0  865  0  0  865  865  865  865  0  0  876  0  0  0  0  0  0  0  797  797  0  0  0  869  869  0  0  869  869  
878  0  878  878  0  0  0  879  0  892  0  0  0  802  0  893  0  894  0  895  0  802  0  0  802  0  802  0  0  0  753  0  0  896  0  897  0  525  0  0  0  525  0  0  885  885  0  885  0  0  0  0  0  0  899  899  0  0  900  900  0  888  0  0  901  0  0  0  0  865  865  865  865  0  865  0  865  0  0  0  904  0  905  905  905  905  0  0  0  797  797  797  797  797  0  869  869  869  869  0  
878  878  878  878  0  907  0  0  0  0  0  802  802  802  802  0  893  893  0  802  0  802  802  802  802  802  802  802  0  0  911  0  0  896  896  896  0  0  0  0  525  525  525  0  0  0  885  885  885  885  885  0  0  885  0  899  0  0  0  0  0  888  888  0  901  901  0  917  917  917  0  0  0  865  865  865  865  865  865  865  865  0  865  0  905  0  0  0  0  0  797  0  797  0  0  869  869  0  0  869  
878  878  878  878  878  0  0  0  920  920  920  0  0  0  0  0  0  0  802  802  802  802  802  802  0  802  802  0  0  0  0  0  922  0  896  0  0  923  0  0  0  525  525  0  0  885  885  0  885  0  885  885  885  885  0  0  0  925  0  926  926  0  888  888  0  0  0  917  917  917  917  917  0  865  0  0  0  865  0  0  865  865  865  0  905  0  927  927  927  927  0  928  0  0  929  0  0  0  930  0  
878  878  878  878  0  878  878  0  932  0  920  0  933  0  934  0  0  0  0  0  802  0  802  0  0  935  0  0  0  0  936  0  0  0  0  0  0  923  923  0  938  0  525  0  0  885  885  0  0  0  0  0  885  0  885  0  0  0  0  885  0  0  0  0  0  0  0  0  0  917  0  917  917  917  0  0  941  0  865  865  865  865  0  0  0  0  927  927  0  0  0  0  928  928  0  0  943  943  0  0  
878  0  878  878  878  0  878  0  0  920  920  920  0  945  0  0  946  0  947  947  0  948  0  949  949  0  0  950  950  0  936  936  936  0  936  936  936  0  0  952  0  953  0  885  885  885  0  955  0  0  0  0  885  0  885  885  885  885  885  885  0  0  0  0  0  0  956  0  0  0  0  917  917  0  0  957  0  0  0  0  0  865  0  927  0  927  927  927  927  0  0  928  928  0  961  0  943  943  943  0  
0  0  962  0  0  878  0  878  878  0  920  920  0  963  0  0  0  946  0  0  0  964  0  0  0  0  950  950  950  0  966  0  936  936  936  936  936  936  0  0  0  967  0  0  0  885  885  885  0  968  968  0  885  0  0  0  885  0  885  0  885  885  885  885  0  970  0  956  956  956  956  0  0  917  917  0  0  917  0  0  0  0  0  927  927  927  927  927  927  0  0  0  0  928  928  0  943  943  943  0  
0  962  962  962  962  0  878  878  0  878  0  920  0  0  0  977  0  946  946  0  978  0  979  0  0  0  0  950  0  980  0  981  0  936  0  936  0  0  0  982  0  967  0  885  885  885  885  885  0  0  0  0  885  0  885  885  885  0  0  885  885  0  885  0  0  0  0  956  0  0  956  956  0  0  917  917  917  917  0  0  0  0  927  927  0  927  0  0  927  0  927  927  927  0  928  928  0  943  0  988  
989  0  962  0  0  962  0  878  878  878  878  878  0  990  0  0  0  946  946  0  978  978  0  0  950  950  950  950  950  0  0  0  0  936  936  0  936  0  982  982  982  982  0  0  0  885  0  885  0  885  0  997  0  885  0  0  885  885  885  0  0  885  885  0  998  0  999  0  956  956  0  0  956  0  0  917  0  0  917  0  1000  1000  0  927  927  927  0  0  927  927  0  0  927  927  927  0  0  1002  0  1003  
989  0  962  962  0  0  0  0  878  878  878  0  0  0  0  1004  1004  0  946  0  0  0  950  950  950  0  950  950  0  1006  0  0  0  936  0  0  936  0  0  0  0  982  0  0  0  885  0  885  0  885  885  0  0  885  885  885  885  0  885  0  885  885  0  0  0  0  0  1008  0  0  0  0  0  917  917  917  0  0  0  1010  0  1000  0  927  927  927  0  0  927  927  927  927  927  0  927  927  0  0  1003  1003  
962  0  962  962  962  0  0  0  878  0  0  878  0  1004  1004  0  1004  1004  0  0  950  950  0  950  950  0  950  950  950  0  0  1018  0  1019  0  1020  0  0  0  0  0  0  982  0  1021  0  885  0  885  885  885  885  0  885  0  885  885  0  0  885  885  0  0  1023  1023  0  0  0  0  1024  0  0  1025  0  0  917  917  917  0  0  0  1000  1000  0  0  927  0  927  927  927  927  0  0  927  0  927  927  0  0  1003  
962  962  962  0  962  0  1028  0  878  878  878  878  878  0  1004  1004  1004  0  1029  0  950  950  0  0  950  0  0  950  0  1030  0  0  1031  0  0  0  0  0  0  0  982  982  982  0  0  885  885  885  0  885  885  885  885  885  885  885  0  0  0  885  0  1034  0  0  1023  0  1035  0  0  1024  0  0  0  0  1036  0  0  917  917  0  0  1000  1000  1000  0  0  1037  0  0  0  0  0  0  927  0  0  927  0  0  0  
1038  0  0  0  0  962  962  0  962  0  878  0  0  878  0  1004  0  0  0  0  0  0  950  0  950  950  0  950  950  950  0  0  1042  0  0  1043  1043  0  0  1044  1044  0  0  982  982  0  0  0  0  1045  0  885  0  0  885  0  885  885  0  1046  0  0  0  1047  0  1023  0  1035  0  0  1024  1024  0  0  1048  0  0  0  0  917  917  0  1000  1000  0  1049  0  0  1000  0  0  1000  1000  0  927  927  927  927  0  1052  
1038  1038  0  1053  1053  0  962  962  962  962  0  962  0  0  1055  0  0  0  0  0  950  950  950  950  950  0  0  0  950  0  1057  1057  0  0  1043  0  1043  0  0  0  1044  0  1059  0  982  0  1060  0  1045  1045  0  885  0  0  885  885  0  0  0  0  0  1062  0  0  0  1023  0  0  0  1063  0  0  1048  1048  1048  0  1065  0  1066  0  917  917  0  1000  0  1049  0  1000  1000  1000  1000  1000  1000  1000  0  0  927  927  927  0  
1038  1038  1038  1038  0  0  962  962  962  0  0  962  962  962  962  0  1071  0  0  0  1072  0  0  950  950  0  0  1073  0  0  1074  0  0  1075  0  1043  1043  1043  1043  1043  1043  0  0  1059  1059  0  1076  0  1077  0  1045  0  0  0  885  885  0  1079  0  1062  1062  1062  1062  0  0  1081  0  0  1063  0  1063  0  1048  1048  0  1048  0  0  1084  0  0  917  0  0  1000  1000  0  1000  1000  1000  1000  1000  0  1000  1000  0  927  927  927  927  
0  0  0  1038  1038  0  962  0  962  0  0  962  962  962  962  0  0  1087  1087  0  1072  0  0  950  950  950  0  1073  1073  0  0  1088  0  1075  0  0  1043  1043  1043  1043  0  1059  1059  1059  1059  0  0  1090  0  0  1045  1045  0  885  885  0  0  1079  0  0  0  0  1062  1062  0  0  1063  0  1063  1063  1063  1063  0  0  0  1048  1048  0  1084  0  917  917  917  0  0  1000  0  1000  0  0  1000  1000  1000  1000  1000  0  927  0  927  927  
1094  1094  0  0  1038  1038  1038  0  962  962  962  962  962  962  0  0  0  0  1087  0  0  0  0  0  0  0  950  0  0  0  0  1096  0  1096  0  0  1098  0  0  1043  0  1099  0  0  0  1059  1059  0  1090  1090  0  1045  1045  0  0  0  1100  0  1079  1079  1079  0  1101  0  0  1063  1063  1063  1063  1063  0  0  0  0  0  0  0  1048  0  1084  0  0  917  0  1103  0  1000  1000  0  0  0  1000  1000  0  0  0  1000  0  0  927  
1094  0  1105  0  0  1038  1038  0  0  0  0  962  962  0  1106  1106  0  0  1087  1087  0  1107  0  1108  1108  1108  0  1096  0  0  1096  1096  1096  1096  1096  1096  0  0  1111  0  0  1099  1099  1099  0  0  0  0  1090  0  1112  0  0  0  0  1100  1100  0  1079  0  0  1114  0  1115  1115  0  1063  1063  1063  0  0  0  1116  1116  1116  0  0  1048  0  1084  0  1117  0  1118  0  0  0  1000  1000  1000  0  0  1000  1000  1000  1000  1000  0  927  927  
0  1094  0  1105  0  0  1038  0  1120  1120  0  962  962  0  0  0  1106  1106  1106  0  1087  0  0  0  0  1108  0  1096  1096  0  1096  1096  1096  1096  1096  1096  1096  1096  0  0  1124  0  0  1099  1099  1099  1099  0  0  0  1125  0  0  0  0  0  0  0  1079  1079  0  0  1114  0  0  0  0  1063  1063  0  0  1127  1127  0  1116  1116  1116  1116  0  1128  0  1129  0  0  0  1130  0  1131  0  1000  0  0  0  0  1000  0  0  0  927  927  
1133  0  1105  1105  1105  0  1038  0  1120  0  1135  0  0  1106  1106  1106  0  1106  0  1087  1087  0  1138  1138  0  1108  0  0  1096  1096  1096  0  0  0  1096  1096  0  1096  0  1139  0  1140  0  0  0  0  0  0  0  1125  1125  0  0  0  0  0  1142  0  1079  1079  1079  0  1114  0  0  1063  1063  1063  1063  0  1063  0  0  0  0  1116  1116  0  0  0  1129  1129  0  1130  1130  1130  1130  0  0  1000  1000  0  0  0  1000  1000  0  0  0  927  
1147  0  1105  1105  1105  0  1149  0  1150  0  1151  0  1151  0  1106  1106  1106  1106  1106  0  0  1087  0  0  0  0  1108  0  1096  1096  1096  1096  0  1096  1096  0  1096  0  0  1096  0  1156  0  0  1157  0  0  1158  1158  0  1125  1125  0  1159  1159  1159  0  0  0  0  0  0  0  0  1160  1160  0  1063  1063  0  1063  1063  1063  1063  1063  0  0  0  0  1162  1162  0  0  1130  1130  0  0  1130  0  1164  0  1000  1000  1000  1000  1000  0  1165  0  1166  
1147  0  1105  0  0  0  1149  0  0  0  1151  1151  1151  0  1106  1106  0  0  0  0  1087  1087  1087  1087  1087  1087  0  1096  1096  0  0  1096  1096  1096  0  0  1096  1096  0  1096  0  0  0  1169  0  1170  1170  0  0  0  0  0  1159  1159  0  0  1172  1172  1172  1172  0  1173  1173  1173  0  0  0  1063  1063  1063  1063  0  0  1063  1063  0  1174  0  1175  0  0  0  1176  0  0  0  0  1130  0  0  1177  0  0  0  0  0  0  1165  0  0  
1178  0  0  1105  0  0  0  1149  0  0  1179  0  0  1151  0  1106  1106  1106  1106  0  1087  1087  0  0  1087  1087  0  1096  1096  1096  1096  1096  1096  0  1096  1096  1096  0  1096  1096  1096  1096  1096  0  0  0  0  0  1159  0  0  0  1159  1159  0  1172  1172  1172  1172  0  0  0  0  1173  1173  0  1063  1063  1063  1063  1063  1063  0  0  1063  0  1186  0  0  1175  1175  1175  0  1176  0  1176  1176  1176  0  1188  1188  0  0  0  1189  1189  1189  0  0  1190  
0  1191  1191  0  0  1191  1191  0  1193  1193  0  1194  0  1151  0  0  0  0  0  1087  1087  0  0  1087  0  1087  0  1096  1096  0  1096  0  1096  1096  0  1096  1096  1096  1096  1096  0  0  0  0  0  0  0  1159  1159  1159  1159  0  1159  1159  0  0  0  0  0  1159  0  1159  0  1173  0  1063  0  0  1063  1063  1063  1063  1063  0  0  1186  1186  1186  0  0  0  0  0  1176  0  1176  1176  0  1188  1188  1188  1188  0  1203  0  1189  1189  0  1204  0  
1205  1205  0  1191  1191  1191  1191  1191  0  0  1193  0  0  0  0  0  1206  1206  0  1087  1087  1087  1087  1087  1087  0  1087  0  1096  0  0  0  1096  1096  0  1209  0  1096  1096  0  1096  0  1210  1210  0  1211  0  0  0  1159  0  1159  1159  1159  1159  1159  1159  1159  1159  1159  1159  1159  1159  0  0  1063  1063  1063  0  1063  0  0  0  1063  0  1186  1186  0  1186  1186  0  1214  0  0  1176  1176  1176  1176  1176  0  1188  1188  1188  1188  0  0  0  0  0  1204  
0  0  0  0  1191  1191  1191  1191  0  0  0  0  0  1206  1206  1206  1206  1206  1206  0  1087  1087  1087  0  1087  0  0  1216  0  0  0  1217  0  0  1218  0  1096  1096  1096  0  0  0  1210  0  0  0  1220  0  1221  0  1159  0  1159  1159  1159  0  0  1159  0  0  1159  0  1159  0  0  0  1063  0  1063  1063  0  1224  1224  0  0  1186  1186  0  1186  1186  1186  0  1186  1186  0  0  1176  0  0  1188  1188  0  0  1188  1188  1188  0  0  0  1204  
1227  1227  0  0  1191  1191  0  1191  0  1191  1191  0  1230  1230  0  1206  1206  0  1206  0  1087  1087  1087  1087  1087  0  1216  1216  1216  1216  0  0  0  0  1233  0  1096  1096  0  0  1235  1235  1235  0  0  1236  1236  0  1237  0  0  1159  0  0  1159  0  1159  0  1159  0  1239  0  0  0  1240  0  0  1063  1063  1063  0  0  0  0  0  0  1186  0  0  1186  1186  1186  1186  1186  1186  1186  1186  0  1241  1241  0  0  0  0  1188  1188  0  1242  1242  1242  
1227  0  1191  1191  1191  0  0  1191  1191  1191  1191  0  0  1230  0  1206  0  1206  1206  0  0  1087  1087  0  1087  0  0  0  1216  1216  1216  0  0  1233  1233  0  1096  0  0  0  0  0  1235  0  1236  1236  1236  1236  0  1247  0  1159  1159  1159  1159  0  1159  0  0  0  0  0  1248  0  0  1249  0  0  0  0  1250  0  0  1186  1186  1186  1186  1186  1186  0  0  0  1186  1186  0  0  0  1252  0  0  0  0  0  1253  0  1188  0  0  1242  0  
0  0  0  0  0  0  0  0  1191  1191  1191  0  1230  1230  1230  0  1206  1206  0  1206  0  1255  0  0  1087  1087  1087  0  0  0  1216  0  1257  0  0  1233  1233  0  0  0  0  1258  0  1235  0  1236  0  0  1236  0  1247  1247  0  0  1159  1159  1159  1159  0  0  1259  0  1260  0  0  0  1249  1249  1249  0  0  0  1186  1186  1186  0  0  1186  0  0  1262  1262  0  0  0  1263  0  1252  1252  1252  0  1265  0  1266  0  1188  1188  0  1242  1242  
