0  0  2  2  0  3  0  3  0  3  0  6  0  0  7  7  0  0  8  8  0  8  0  8  8  0  8  8  8  8  8  0  0  8  8  8  8  0  0  0  13  0  0  14  0  0  15  15  15  15  15  0  16  16  16  16  16  16  0  0  17  0  0  0  18  18  18  18  18  18  18  0  0  19  19  19  0  0  0  0  0  19  19  19  19  19  0  0  21  21  0  0  22  0  23  23  23  0  0  24  
0  25  25  0  0  0  3  3  3  3  3  0  0  26  0  7  7  7  0  0  8  0  8  8  8  0  8  8  0  0  8  8  8  8  8  0  0  8  0  0  13  13  13  0  0  0  29  0  0  0  0  0  16  16  16  16  0  16  0  31  31  0  32  0  0  18  0  18  0  18  18  18  0  0  0  0  19  19  0  19  19  19  0  19  0  19  19  19  19  0  0  23  23  0  0  23  23  23  0  0  
35  0  0  36  0  3  3  3  3  3  3  0  0  0  7  7  0  0  0  8  8  0  8  8  0  8  8  8  8  8  8  8  8  0  8  8  0  8  8  0  0  0  13  13  13  13  0  13  0  16  16  16  16  0  16  16  16  16  0  31  0  43  0  18  18  0  0  18  18  18  0  0  19  19  0  19  19  19  19  19  0  19  19  19  0  0  19  0  0  23  23  23  23  23  0  23  0  0  48  48  
49  0  0  0  36  36  0  0  0  3  0  3  0  0  7  7  0  8  0  8  8  8  8  8  8  8  8  8  8  0  8  8  8  8  8  8  0  0  8  8  8  8  0  0  13  0  13  13  13  0  0  0  16  16  16  16  0  0  0  0  31  0  0  18  0  18  18  18  18  0  0  19  19  19  0  19  19  19  0  0  19  0  19  19  19  0  19  19  0  23  23  23  0  0  23  23  23  0  48  48  
49  49  49  0  0  36  36  0  49  0  0  0  0  49  0  7  0  8  8  0  0  8  0  0  0  8  0  0  0  0  8  0  0  8  8  0  0  0  8  8  0  8  0  0  0  13  13  0  0  16  0  16  0  16  16  16  0  0  0  0  0  0  18  18  18  18  0  0  0  0  0  0  19  19  19  19  0  19  0  65  0  66  0  19  19  0  19  0  67  0  23  23  0  23  23  23  0  69  0  48  
49  49  49  0  0  71  0  0  49  49  49  49  49  49  49  0  0  8  0  8  0  0  8  0  0  8  8  8  8  0  75  0  0  76  0  0  0  77  0  0  0  78  0  0  0  79  0  0  0  16  16  16  16  16  0  16  16  16  0  0  0  0  16  0  0  0  0  0  0  16  16  0  0  0  0  19  0  0  19  19  0  83  0  16  0  0  85  0  0  0  0  23  23  23  0  23  23  23  0  86  
49  49  0  0  0  0  87  0  49  0  0  49  49  49  49  0  0  8  8  8  8  0  8  0  8  8  8  0  0  16  0  0  0  76  76  0  90  0  16  16  0  78  78  78  78  0  0  0  16  16  0  0  0  0  16  16  0  16  16  16  16  0  16  16  0  16  16  0  16  16  0  96  96  96  96  0  19  19  19  19  0  0  16  16  16  0  85  0  23  23  23  0  23  0  23  23  0  0  0  0  
0  49  49  49  49  49  0  0  0  0  0  0  49  0  49  49  0  0  0  8  8  8  8  0  8  8  0  0  0  0  16  16  16  16  0  76  0  0  0  16  16  0  78  0  78  78  0  0  16  16  16  16  16  16  0  16  0  16  16  0  16  16  16  0  16  0  16  16  16  16  16  0  0  96  0  0  19  19  19  0  19  0  0  16  16  16  16  0  23  23  0  0  23  23  0  23  23  23  23  0  
0  49  49  0  49  49  49  49  49  49  49  49  49  49  0  0  0  8  0  0  8  8  8  8  0  8  8  0  16  16  16  16  16  0  109  0  0  0  16  16  16  16  0  0  78  0  16  16  16  16  16  0  16  0  16  16  16  0  16  16  16  16  16  16  16  0  16  0  16  16  16  16  16  0  19  19  19  19  0  0  0  0  16  16  16  0  0  23  0  23  0  0  23  23  23  23  23  23  23  23  
49  49  49  49  0  49  49  49  49  49  0  49  49  0  49  49  0  8  8  0  0  8  8  8  8  8  8  8  0  0  0  0  0  16  0  0  16  0  16  16  16  16  16  16  16  0  120  0  16  0  16  0  0  16  16  16  0  0  16  0  16  16  16  0  0  16  16  16  16  16  16  0  16  16  16  0  19  19  0  0  0  16  16  16  16  16  0  23  23  23  23  23  0  0  23  0  23  0  23  0  
49  49  49  49  49  49  49  49  49  0  0  49  0  0  49  0  8  8  8  8  8  8  0  0  8  8  0  8  8  0  0  0  16  16  16  16  16  16  0  16  16  0  0  16  16  0  120  120  0  0  0  16  16  16  16  16  16  0  16  16  16  16  0  0  16  16  0  16  16  0  0  0  0  16  16  0  0  0  0  0  0  16  0  0  16  16  0  0  23  23  0  23  23  23  23  23  23  0  23  0  
49  49  49  49  49  49  0  49  0  49  49  0  49  49  0  49  49  0  8  8  0  8  8  0  8  0  8  8  8  0  130  0  16  16  16  0  0  0  16  0  16  0  0  16  16  16  16  0  120  120  120  0  0  16  0  0  16  0  16  16  16  16  16  16  0  16  16  16  0  16  16  16  16  16  0  0  0  0  16  16  16  16  16  0  135  0  0  23  23  23  0  23  23  23  0  0  0  23  23  23  
0  0  49  49  49  49  0  0  138  0  49  0  0  49  49  0  49  49  0  8  0  8  8  0  8  0  0  8  8  8  0  0  16  0  16  16  16  16  0  16  16  16  16  16  16  16  16  0  0  0  0  16  16  16  16  16  16  16  0  16  0  0  16  16  16  0  16  16  16  0  16  0  0  16  16  16  16  16  16  16  16  16  16  16  0  23  23  23  23  0  23  23  23  23  0  0  0  0  23  23  
49  0  0  49  0  0  49  49  0  0  0  0  0  144  0  49  49  0  49  49  0  0  0  0  8  8  8  8  8  0  0  146  0  0  16  0  0  16  16  0  16  0  0  16  16  0  16  0  0  148  0  0  16  0  0  16  16  0  0  0  16  0  0  16  16  0  0  16  16  16  16  0  149  0  16  0  0  0  16  16  0  16  16  16  16  0  23  0  23  0  23  0  23  23  0  0  151  0  23  23  
49  49  0  49  49  0  0  49  49  49  0  0  0  0  0  49  0  153  0  49  0  154  0  49  0  8  8  8  8  0  156  0  157  0  16  16  16  16  0  16  0  0  16  16  16  0  0  160  0  0  161  161  0  0  16  16  16  0  0  0  16  0  0  16  16  16  0  16  16  0  0  0  149  0  16  16  16  0  0  16  0  16  16  16  16  0  0  163  0  0  23  23  23  0  0  151  151  151  0  0  
0  0  49  49  0  49  49  49  49  0  0  165  0  0  49  49  0  49  0  0  49  49  0  49  49  0  8  0  0  0  169  0  0  0  16  16  0  0  16  16  16  16  16  16  0  16  16  16  0  161  161  161  161  161  0  16  0  16  0  0  0  0  172  172  0  0  16  16  0  16  16  0  173  0  16  16  16  16  16  16  16  0  16  0  0  16  16  0  0  23  23  23  0  0  0  151  151  151  151  151  
49  0  49  0  49  49  0  49  0  0  0  0  49  49  49  49  49  49  0  180  0  49  49  49  0  8  8  8  8  8  0  8  8  0  16  0  0  183  0  16  0  16  16  0  0  16  16  16  16  0  0  0  161  161  0  16  0  16  0  16  16  0  0  0  16  0  16  16  0  16  16  16  0  0  16  16  0  16  0  16  0  16  16  0  16  16  0  0  0  23  0  23  0  0  151  151  151  0  151  151  
0  49  49  49  49  49  0  49  49  49  49  49  49  0  0  49  49  49  49  0  0  0  49  49  0  8  8  8  8  8  8  8  8  0  0  16  16  0  0  0  16  16  16  0  0  16  16  16  16  0  0  0  0  0  0  0  0  0  16  16  16  0  16  16  16  16  0  16  16  16  16  0  0  16  16  16  16  0  16  16  0  16  16  16  16  16  16  16  0  0  23  23  23  0  195  0  0  151  0  0  
49  0  49  0  0  49  0  49  49  49  49  49  49  49  49  49  0  49  49  49  49  49  49  49  49  0  8  8  0  0  8  0  8  0  197  0  16  16  16  0  16  16  0  198  0  0  16  0  16  0  0  199  199  199  199  199  0  0  0  0  0  16  0  0  16  16  16  0  0  16  0  16  16  16  16  16  0  16  0  0  16  16  16  16  0  0  16  0  204  0  0  23  23  0  195  195  0  151  151  151  
49  49  49  49  0  206  0  49  49  49  49  49  49  49  49  49  0  0  0  49  49  0  49  0  0  49  49  0  8  0  8  8  8  0  209  0  0  0  16  0  0  16  16  16  0  0  16  16  0  16  16  0  199  0  0  199  0  211  0  0  16  16  16  0  0  16  16  16  0  0  16  16  16  16  16  0  0  0  16  0  0  0  0  0  16  16  16  0  213  0  0  23  0  23  0  0  0  0  0  151  
0  0  0  0  0  0  0  0  0  49  49  49  49  49  49  49  49  0  0  49  49  49  0  49  49  49  49  0  8  8  8  8  0  0  209  0  0  0  0  0  16  0  16  16  16  16  0  16  16  16  16  16  0  0  16  0  211  211  211  0  0  16  16  0  0  16  16  16  16  16  16  16  16  0  0  16  16  16  16  16  16  16  0  0  16  16  16  16  0  23  23  23  23  23  0  0  0  221  0  151  
0  0  222  0  0  49  49  49  49  0  49  0  49  49  0  0  0  0  224  0  0  49  0  49  49  49  0  0  0  8  0  8  8  0  226  0  0  16  0  16  16  16  16  16  0  0  16  0  16  16  16  0  16  16  0  16  16  0  0  0  0  0  16  0  0  16  0  16  0  0  0  16  16  16  16  16  16  16  16  0  0  16  0  0  230  0  16  16  16  0  0  0  0  23  23  0  231  231  0  232  
49  49  0  234  234  0  49  0  0  49  49  49  0  49  0  49  49  49  0  0  49  49  49  0  0  49  0  8  8  8  8  8  0  0  0  0  16  16  16  16  0  16  0  16  16  0  16  0  0  16  0  16  16  16  0  16  16  16  16  16  16  0  16  16  16  16  16  16  16  16  0  16  16  0  0  0  16  0  16  16  16  0  0  241  0  242  0  16  0  243  243  243  0  23  23  0  231  0  0  0  
0  49  0  244  0  0  49  49  49  49  49  0  49  49  0  0  0  0  49  49  49  49  49  49  0  0  0  8  8  0  8  8  8  0  0  16  16  16  0  16  0  248  0  0  16  16  0  16  16  16  0  16  16  0  0  0  0  16  16  0  16  16  16  16  0  0  16  16  16  0  0  0  0  0  0  0  16  16  16  0  16  16  0  251  0  243  0  0  16  0  0  0  243  0  0  0  253  0  254  254  
0  49  0  0  0  0  49  49  49  0  49  49  0  49  49  49  49  49  49  49  49  49  0  49  49  49  0  8  0  255  0  0  0  0  16  16  0  0  0  0  0  0  257  0  16  16  0  0  0  16  0  0  16  16  0  258  258  0  0  259  0  16  0  0  0  0  16  16  16  16  16  0  260  0  0  0  16  16  0  0  16  16  16  0  0  243  243  0  0  243  243  243  243  243  0  0  0  0  254  254  
49  0  49  49  49  49  49  0  49  49  49  49  49  49  49  0  0  0  49  0  49  49  49  49  49  0  49  0  8  0  0  16  16  16  0  16  0  16  16  0  0  265  0  0  0  16  16  0  0  16  16  0  16  16  16  0  258  258  258  0  0  258  0  0  0  0  0  16  16  0  0  16  0  260  0  260  0  0  16  16  0  0  16  0  243  243  243  243  243  243  0  243  0  0  243  243  243  243  243  0  
49  49  49  0  0  0  49  49  0  49  49  49  49  49  0  0  0  49  49  49  0  49  49  49  0  49  49  0  8  8  0  0  16  16  16  16  16  16  0  0  0  265  265  265  265  0  16  16  0  0  16  16  16  16  0  0  258  258  258  258  258  258  0  0  16  16  0  16  16  16  0  16  0  260  260  260  0  0  0  0  16  16  16  16  0  243  243  243  243  243  243  243  243  0  243  0  0  0  243  0  
49  49  49  0  0  49  0  0  0  49  49  49  49  0  49  49  0  278  0  49  49  0  49  0  49  49  0  49  49  0  0  0  0  0  16  0  16  0  16  0  16  0  0  265  0  0  0  16  16  0  0  0  16  16  0  280  280  0  0  0  258  0  258  0  0  0  16  16  16  16  0  16  0  260  260  260  0  16  0  16  16  16  16  16  16  16  0  0  0  0  0  243  243  243  243  0  243  243  243  243  
49  49  49  49  49  49  49  49  49  49  0  0  0  49  49  49  49  0  49  49  49  49  49  0  0  49  0  49  0  288  288  288  288  288  0  289  0  16  16  0  16  0  291  0  16  16  16  16  0  16  16  0  0  16  16  0  280  0  0  0  258  0  0  0  294  0  0  16  16  0  16  16  16  0  0  0  0  16  16  16  16  0  16  16  16  16  0  243  243  243  243  0  243  0  0  297  0  243  0  243  
298  0  49  0  49  0  49  0  49  49  49  49  49  49  49  49  49  0  49  0  0  49  0  49  49  0  0  0  0  288  288  288  0  288  0  0  289  289  0  0  0  16  0  0  16  16  16  0  0  16  0  16  16  16  16  0  0  0  16  0  0  258  258  258  0  0  16  16  16  16  16  16  0  16  16  0  16  16  16  16  16  16  16  16  16  0  16  16  0  0  243  243  243  243  243  0  0  243  243  243  
298  0  49  0  49  0  0  49  49  0  0  0  0  49  0  49  49  0  49  49  49  0  49  49  0  0  0  288  288  288  288  288  0  0  0  0  289  289  289  289  0  16  16  16  16  16  0  0  16  16  0  16  16  16  16  16  16  16  16  0  16  0  0  258  0  312  0  0  16  0  16  0  16  16  0  0  0  16  16  16  0  16  16  0  16  16  0  16  0  243  243  243  0  0  243  0  243  243  243  243  
0  0  0  0  49  49  49  0  49  49  49  49  49  49  0  49  49  49  0  49  49  49  49  49  49  49  49  0  288  0  288  0  288  0  0  0  0  289  289  289  0  318  0  16  0  0  16  16  0  0  16  16  16  0  0  16  16  16  16  16  16  16  16  0  0  312  312  0  320  0  0  16  0  0  16  16  16  16  0  0  0  0  16  16  0  0  0  243  0  243  243  243  0  243  0  243  0  243  243  243  
0  49  49  49  49  49  0  49  0  0  0  0  49  0  49  49  49  0  0  49  0  49  49  49  49  49  0  49  0  288  288  0  0  0  16  0  0  289  0  0  0  0  16  16  16  16  16  16  16  16  16  0  16  16  16  16  16  16  0  16  16  16  0  331  0  312  312  312  0  332  0  16  16  16  16  16  0  16  16  16  16  0  16  0  333  0  0  243  0  0  243  243  243  243  243  243  243  0  243  243  
0  49  49  0  49  49  0  49  49  0  0  49  49  49  49  49  49  0  337  0  0  0  49  0  0  49  49  49  49  0  0  288  0  0  0  16  16  16  0  0  16  0  16  16  0  16  16  16  16  16  16  0  0  16  16  0  16  16  16  0  0  16  16  16  0  0  0  0  0  16  0  16  16  16  16  16  0  0  0  16  16  16  0  16  16  0  342  0  243  243  0  243  243  0  243  243  243  243  0  243  
49  49  49  0  49  0  0  49  49  49  0  49  0  49  0  0  49  0  0  344  0  49  49  0  0  49  49  49  49  0  346  0  0  0  0  16  0  16  0  0  16  16  16  16  16  0  0  0  0  16  16  16  0  16  16  16  16  16  16  16  16  16  0  16  16  16  16  16  16  16  0  16  16  0  0  0  16  0  16  16  0  16  16  16  16  0  0  243  0  243  243  243  243  243  243  0  243  243  243  0  
49  49  49  49  49  0  49  0  0  0  49  49  0  49  0  0  353  0  354  0  344  344  0  0  49  49  49  49  49  49  49  0  0  356  0  0  16  16  16  16  16  16  16  0  16  16  16  16  0  16  16  16  16  16  16  16  0  16  0  0  16  0  16  16  16  16  16  16  16  0  16  16  16  16  16  16  16  16  16  0  16  16  0  0  16  16  0  243  243  243  0  243  243  0  243  243  0  243  0  0  
0  49  49  49  0  49  49  49  0  49  49  49  49  49  49  49  0  49  0  49  0  0  49  49  0  49  49  49  0  49  0  364  0  356  0  0  0  16  0  0  16  16  16  16  0  16  0  0  16  16  0  16  16  16  16  0  0  0  16  16  16  16  0  16  0  0  16  0  16  0  16  0  16  16  16  16  0  16  16  0  0  0  367  0  16  0  0  0  243  243  243  243  243  243  243  243  243  243  243  243  
0  49  49  0  49  49  49  0  0  369  0  0  0  0  49  0  49  0  49  49  49  49  0  0  49  49  49  49  49  49  0  0  0  0  356  356  356  356  0  370  0  16  0  0  16  16  16  16  16  16  16  16  16  16  0  0  0  16  16  16  16  0  16  16  0  16  16  16  16  0  373  0  0  16  0  0  16  16  0  16  0  367  367  367  0  0  0  375  375  0  243  243  243  243  0  243  243  243  0  0  
0  49  49  0  0  0  0  49  0  369  0  377  0  0  49  49  0  0  0  0  49  49  49  49  49  49  49  49  0  0  378  0  0  356  356  356  356  356  0  0  16  16  0  0  16  16  16  0  16  16  16  0  0  16  16  0  16  16  0  16  16  0  16  16  16  16  16  16  16  16  0  16  0  16  16  0  16  16  16  16  0  367  367  0  375  375  375  375  0  243  243  0  0  243  243  243  243  243  0  385  
0  49  49  0  387  0  49  0  49  49  0  49  0  49  49  49  0  0  49  0  49  49  49  49  49  49  0  0  0  378  378  378  0  378  0  0  356  356  0  16  16  16  0  16  0  0  16  0  0  0  16  0  16  16  0  16  16  0  16  0  0  16  16  16  0  16  16  16  16  0  16  16  16  16  16  16  0  16  0  16  16  0  367  0  375  375  0  0  375  0  243  243  0  243  243  0  243  243  243  243  
0  0  0  49  0  49  49  0  49  49  49  49  49  0  49  49  49  49  49  0  49  49  49  49  49  0  0  0  0  378  0  378  378  378  378  378  0  0  0  0  0  0  16  16  0  16  0  16  16  16  16  16  0  16  16  16  16  0  0  405  0  16  16  0  16  0  0  0  16  16  0  16  16  16  16  16  0  0  407  0  16  0  0  375  375  0  409  409  0  0  0  0  410  0  0  243  243  0  0  243  
49  49  49  49  49  49  49  49  49  49  49  49  49  49  49  49  49  49  49  49  49  0  49  49  49  0  0  0  378  378  378  378  378  378  378  378  378  378  378  378  0  414  414  0  16  16  16  0  16  0  0  16  0  16  16  16  16  0  416  416  0  16  16  0  16  16  16  16  16  16  0  16  16  0  16  16  0  407  0  407  407  0  0  375  375  375  375  0  0  422  0  423  423  0  423  423  0  243  243  243  
49  0  0  49  0  0  49  0  49  49  49  49  49  49  49  49  49  0  49  49  49  49  0  49  0  425  425  425  0  378  378  378  378  378  0  378  0  378  378  0  414  414  0  414  0  16  16  16  16  0  0  16  16  16  16  16  16  0  416  0  0  16  0  0  16  16  16  0  0  16  0  0  16  0  0  0  0  407  0  407  0  0  375  375  375  0  0  0  429  0  0  0  423  423  0  423  423  0  0  243  
0  0  0  430  0  430  0  49  49  49  49  0  49  49  49  0  49  49  0  49  0  49  49  0  49  0  0  425  0  378  378  0  378  378  378  378  378  0  378  0  0  414  414  414  414  0  16  16  16  16  16  0  16  0  16  0  0  16  0  416  0  0  16  0  433  0  0  0  0  0  16  0  0  0  407  407  407  407  407  407  407  407  0  0  375  375  375  375  0  429  0  435  0  423  0  423  423  423  423  0  
430  430  430  430  430  430  0  49  49  0  49  0  0  49  49  49  49  0  49  0  49  49  49  49  49  49  0  0  0  378  378  378  378  378  378  378  378  0  0  414  414  0  414  414  414  0  16  16  16  16  0  16  16  16  16  0  16  16  0  416  0  16  16  16  0  16  16  16  16  16  16  16  16  0  0  0  407  407  0  407  407  0  407  407  0  0  375  375  375  0  446  0  0  423  0  423  0  0  423  423  
430  0  430  430  430  0  0  49  0  0  0  0  49  49  49  0  49  0  49  49  49  49  49  0  0  0  49  0  0  451  0  378  378  0  378  0  378  0  0  0  414  414  414  414  414  414  414  0  0  0  0  16  16  16  16  0  16  16  0  454  0  16  16  0  16  16  16  16  0  0  0  16  16  0  16  0  407  407  407  407  407  407  407  407  0  0  375  375  375  375  375  0  0  423  423  423  423  423  0  423  
430  430  430  0  0  49  49  49  49  0  0  49  49  49  49  49  49  49  49  49  0  0  49  49  0  0  49  0  462  0  378  378  378  0  378  378  378  0  0  0  0  0  414  414  414  414  414  414  414  0  464  0  0  16  16  16  16  16  16  0  16  16  16  0  0  16  0  0  0  466  0  16  16  16  16  0  0  407  0  0  407  0  0  0  0  467  0  375  375  375  0  468  0  423  0  423  423  0  0  423  
430  430  0  0  49  49  49  49  0  49  49  49  49  49  0  49  49  49  49  49  49  49  49  49  49  49  0  49  0  0  378  378  0  0  414  0  0  378  378  0  414  414  414  414  414  414  414  0  414  414  0  464  0  16  16  16  0  16  16  0  16  16  16  0  0  16  0  0  0  16  0  16  16  16  16  16  16  16  0  479  0  407  0  375  375  375  0  0  375  0  375  0  0  423  423  0  423  423  0  482  
430  430  0  483  0  49  49  49  0  0  49  0  49  0  0  49  49  0  49  0  49  49  0  49  49  49  0  49  0  49  0  0  414  414  414  0  0  0  378  378  0  0  414  414  414  414  414  0  414  0  486  0  487  0  16  16  16  0  16  16  16  0  0  0  0  16  16  16  16  16  0  16  0  16  0  16  16  16  0  479  479  0  488  0  375  375  375  0  375  0  0  489  489  0  0  490  0  0  491  0  
430  430  0  483  483  0  0  0  49  49  49  0  49  0  49  49  49  49  49  0  49  49  0  49  49  49  0  49  49  49  49  0  0  414  414  414  414  414  0  0  0  0  414  414  0  414  0  414  0  0  500  0  487  487  487  0  0  16  0  0  0  0  0  16  0  0  0  16  0  0  16  16  16  0  16  16  0  0  0  479  479  0  0  488  0  0  375  375  375  375  0  0  0  0  504  504  0  505  0  491  
430  0  0  0  0  49  0  0  49  0  0  0  49  49  49  49  49  0  49  49  49  0  49  49  49  49  49  0  0  49  49  0  508  0  0  0  414  414  414  414  414  0  0  0  414  0  0  414  414  414  0  510  0  0  487  0  0  0  16  16  16  0  0  16  16  0  16  16  16  16  16  0  0  0  0  16  16  16  0  479  479  0  0  488  0  375  375  0  375  0  0  504  504  504  504  0  0  505  0  0  
0  0  515  0  0  49  49  49  0  49  49  49  49  0  49  49  0  0  49  49  49  49  0  0  49  49  49  49  0  0  0  0  0  0  518  0  0  0  414  414  414  0  0  414  0  414  414  414  414  414  0  16  0  0  521  0  16  16  16  16  16  16  16  16  0  16  16  16  16  0  16  16  0  16  16  0  0  16  0  479  479  0  0  525  0  0  375  375  375  375  375  0  504  504  0  0  0  526  0  527  
0  515  515  0  49  49  49  49  49  49  49  0  49  49  49  0  49  49  49  49  49  0  0  49  49  49  49  49  49  49  0  0  532  0  0  0  49  49  0  414  414  414  414  414  0  414  0  0  414  0  0  16  16  0  0  16  0  16  0  16  0  0  16  16  0  0  0  0  0  16  16  16  16  16  0  0  536  0  0  479  479  0  0  0  0  537  0  375  375  375  0  538  0  504  0  0  539  0  0  527  
0  49  0  0  49  49  0  0  49  49  49  49  0  49  49  49  49  0  0  49  0  49  0  49  49  49  49  49  49  0  49  49  49  0  49  49  0  49  49  49  0  414  0  0  414  414  414  0  0  414  0  16  16  0  0  16  16  16  0  0  16  16  0  0  0  0  0  546  0  0  16  16  16  16  16  16  0  536  0  547  0  479  0  548  0  549  0  375  375  375  375  375  0  0  504  504  0  0  551  0  
0  49  49  0  49  0  0  0  49  49  0  49  0  49  49  0  0  552  0  49  49  0  0  49  49  49  49  49  49  49  49  49  49  0  0  49  49  49  0  49  0  0  553  0  0  414  414  0  554  0  0  0  16  16  0  16  16  16  16  16  16  16  16  16  16  16  16  0  0  16  16  16  16  16  16  16  0  536  0  0  0  479  479  0  0  0  375  375  375  0  0  375  375  0  504  0  504  0  0  0  
0  0  49  49  49  0  49  0  49  49  49  49  49  0  0  49  49  49  0  0  0  49  49  49  49  0  0  49  0  0  49  49  0  0  49  49  0  49  0  49  49  0  562  0  414  0  414  0  564  0  16  16  16  16  16  16  16  16  16  16  16  16  16  0  16  16  0  16  0  16  16  0  16  0  0  16  16  16  0  567  0  567  0  0  567  0  0  375  375  375  375  375  375  375  0  504  504  504  0  0  
49  0  49  0  49  0  49  0  49  49  49  49  49  49  49  0  0  0  49  49  0  0  49  0  49  49  49  49  49  0  49  49  49  0  49  0  0  49  49  49  0  572  0  414  414  414  414  0  0  0  0  0  16  0  16  0  0  0  0  0  0  16  0  0  16  16  0  16  16  0  16  16  16  0  0  16  16  16  0  567  0  567  567  567  567  567  567  0  375  0  0  0  0  0  0  504  0  504  0  574  
49  49  49  0  0  49  49  49  0  49  49  49  0  49  49  49  49  49  49  49  0  576  0  49  49  0  49  49  49  0  49  0  0  0  49  49  49  49  49  49  0  0  572  0  414  0  0  414  414  0  579  0  580  0  16  16  0  16  0  0  16  16  16  0  16  16  16  16  0  16  16  16  16  0  585  0  16  16  0  567  567  567  567  0  567  0  0  567  567  0  504  504  504  0  0  0  504  0  504  0  
49  0  0  0  0  49  49  49  49  49  0  0  0  49  0  0  49  49  0  49  0  576  0  49  49  49  49  0  0  49  49  0  49  49  49  0  0  49  49  0  572  0  572  0  414  414  414  0  414  414  0  580  580  0  16  0  16  16  16  16  0  16  0  0  16  16  0  16  16  0  16  0  0  16  0  16  16  16  0  567  0  567  0  567  567  567  0  567  0  0  504  0  504  504  504  504  504  504  504  0  
0  49  49  49  49  49  0  49  0  49  49  0  596  596  0  49  49  49  49  49  0  0  0  49  0  49  49  0  0  0  0  49  49  49  49  49  0  49  49  0  572  572  572  572  0  414  0  0  0  414  0  580  580  0  0  16  0  16  16  0  16  16  0  16  0  16  16  16  16  16  16  16  16  16  16  0  16  16  16  16  0  567  567  0  0  567  567  567  0  504  504  504  0  504  504  504  504  0  0  504  
0  49  49  0  0  49  49  0  49  0  0  0  596  0  0  49  49  49  49  49  49  0  0  49  49  49  0  49  0  0  0  0  49  49  49  49  0  49  0  0  572  572  572  572  572  0  607  0  0  0  580  580  0  609  0  16  16  16  16  0  0  16  16  16  16  0  16  16  16  16  0  16  16  0  16  0  16  0  16  0  0  0  0  0  567  567  567  567  567  0  0  504  504  504  504  504  504  0  611  0  
0  49  49  49  0  0  0  49  49  49  49  49  0  0  49  49  0  0  49  49  0  0  49  49  49  49  0  49  49  49  49  49  49  0  49  0  0  49  49  49  0  0  572  0  572  0  0  0  0  580  580  580  0  618  0  0  16  16  16  0  16  16  0  16  16  0  16  16  16  16  16  0  0  0  621  0  16  16  0  16  16  0  623  623  0  0  567  567  567  0  0  0  0  504  0  0  504  504  0  611  
624  0  49  49  49  49  49  0  49  49  49  49  0  49  0  49  49  0  0  0  626  0  0  49  49  0  0  49  49  49  49  0  49  49  49  0  0  49  49  0  0  0  0  572  572  0  572  0  0  0  580  0  0  618  618  0  0  16  16  0  0  16  16  16  16  16  0  16  16  16  16  16  16  16  0  16  16  16  16  16  16  16  0  0  0  567  567  0  567  567  0  567  567  0  0  0  504  504  504  0  
632  0  0  49  0  49  0  0  49  49  0  49  49  0  49  49  49  49  49  0  0  0  49  49  49  49  49  0  49  49  49  49  0  49  49  49  49  0  0  49  49  0  635  0  572  572  572  572  572  572  0  0  0  0  618  0  49  49  0  0  49  0  16  0  0  16  16  0  0  16  16  16  16  0  16  16  0  16  16  0  16  0  16  16  16  0  0  567  0  0  567  567  567  0  638  0  0  0  0  504  
0  639  0  49  49  49  0  49  0  49  0  0  49  49  0  49  49  0  49  49  49  49  49  49  0  0  49  49  0  49  49  49  49  49  49  49  49  0  49  49  49  49  0  0  0  0  0  572  572  0  0  0  0  49  0  49  0  49  49  49  49  0  0  16  16  16  16  16  0  0  16  0  16  0  16  16  16  0  0  16  16  16  16  16  16  16  0  567  0  567  0  567  567  567  0  567  567  567  0  0  
0  0  639  639  0  0  49  49  49  49  0  49  0  0  49  49  49  0  0  49  0  49  49  49  0  49  0  49  0  0  49  49  0  0  0  49  49  0  0  49  0  0  49  49  49  0  0  49  0  0  0  49  0  49  49  49  49  49  49  49  0  0  0  16  0  0  16  0  0  654  0  16  0  16  0  16  0  16  16  16  16  0  16  16  16  16  0  655  0  0  567  567  0  0  567  0  567  567  0  656  
0  657  0  639  639  0  49  49  0  0  0  49  49  49  49  0  0  0  0  49  49  0  49  49  49  49  49  49  49  0  49  49  49  49  49  0  0  49  49  49  0  49  49  49  0  0  49  49  49  49  49  49  49  0  0  49  0  0  49  0  16  16  16  16  0  0  16  16  16  0  16  16  16  16  16  16  16  16  16  16  0  0  16  0  16  16  0  655  0  0  567  567  567  567  567  567  567  567  0  656  
0  0  0  639  639  0  639  0  0  49  49  49  49  49  0  0  0  666  0  49  49  0  0  49  49  49  0  0  49  0  0  49  0  49  49  49  0  0  49  49  49  49  0  49  49  0  0  49  49  49  49  49  49  0  0  668  0  49  49  49  49  0  16  0  16  16  16  16  16  0  670  0  16  0  0  0  0  16  16  16  0  0  671  0  16  16  16  0  655  0  0  0  567  567  567  567  567  567  0  673  
0  674  674  0  639  639  639  639  639  0  0  0  49  0  0  49  0  666  0  0  0  49  49  49  49  0  0  49  0  49  49  0  49  49  49  49  0  49  49  0  49  49  0  0  49  49  49  0  49  49  49  49  0  0  0  0  49  49  49  49  0  0  0  0  0  16  0  0  0  0  0  16  16  0  0  683  0  16  16  0  0  16  0  685  0  0  16  0  655  0  0  567  0  567  0  567  567  567  0  673  
687  0  674  0  639  639  639  639  639  639  0  0  49  49  49  49  49  0  666  666  666  0  49  0  0  49  49  49  49  49  49  0  0  49  49  49  49  49  0  49  49  49  49  49  49  49  0  49  0  0  49  49  49  49  0  0  0  49  49  0  49  0  690  0  16  16  0  692  0  16  16  16  16  0  694  0  0  694  0  16  0  16  16  16  0  0  567  0  567  0  0  567  567  567  567  0  0  0  0  0  
687  687  0  700  0  0  639  0  0  639  0  0  49  49  0  49  0  666  666  666  0  49  49  49  49  0  49  49  49  49  49  0  49  49  0  49  0  49  0  49  49  0  49  49  49  49  49  0  704  704  0  49  0  49  49  49  0  49  0  705  0  49  0  0  0  16  16  0  0  0  0  0  16  0  694  694  694  694  0  0  0  16  0  16  0  0  567  0  567  567  567  0  567  567  567  0  707  0  708  708  
709  0  0  0  0  0  639  639  639  639  639  639  639  0  49  0  0  666  666  666  0  49  49  49  49  49  0  0  0  49  49  49  0  49  49  49  0  0  49  0  49  0  49  49  49  0  0  49  0  704  704  0  0  49  0  49  49  49  49  0  0  49  49  0  16  0  16  16  16  16  0  0  16  16  16  0  0  694  0  718  0  16  16  16  0  567  567  567  567  0  567  0  0  567  567  567  0  0  0  708  
0  0  0  49  49  0  639  639  0  0  0  639  639  0  49  49  49  0  0  0  0  0  0  49  49  49  0  722  0  49  49  49  49  49  49  49  0  49  0  0  49  49  49  49  49  49  0  49  49  0  0  0  49  49  0  49  0  49  49  0  49  49  0  16  16  16  16  0  0  16  16  16  16  16  16  16  0  0  727  0  16  16  0  16  16  0  567  0  567  567  567  567  567  567  0  567  567  567  567  0  
0  0  49  49  0  49  0  0  0  730  730  730  0  639  0  0  0  49  49  49  49  49  0  49  49  0  0  732  0  49  49  49  0  0  0  49  49  49  49  0  49  49  49  49  49  0  0  0  49  0  49  49  0  49  49  0  0  49  49  49  49  49  49  49  0  0  16  16  0  0  16  16  0  16  16  16  16  16  0  0  16  16  16  16  0  16  0  567  567  0  567  567  567  0  567  567  0  0  567  567  
0  49  49  49  49  49  49  49  0  730  730  730  730  0  0  49  0  49  0  49  0  0  49  49  49  0  49  0  49  0  49  49  0  743  743  0  0  49  0  0  49  49  0  0  49  49  0  0  49  49  0  49  49  0  49  0  49  49  0  0  0  49  49  0  49  49  0  16  0  0  16  16  16  0  16  16  16  16  16  16  0  0  0  0  16  16  0  567  567  567  567  567  567  567  567  567  0  0  0  0  
747  747  0  49  49  49  0  49  49  0  0  0  0  730  0  49  49  49  0  49  49  0  0  49  0  0  49  49  49  49  49  49  0  0  0  0  751  0  49  0  0  49  0  0  49  49  0  0  49  49  49  49  0  49  0  49  0  0  49  49  49  49  49  49  49  0  49  0  16  0  0  16  0  16  16  0  16  16  16  16  0  0  16  16  0  16  16  16  0  567  567  567  0  567  567  0  567  0  0  0  
747  0  49  49  49  0  49  0  0  0  0  49  0  0  49  49  49  0  759  0  49  49  49  0  49  0  49  49  49  49  0  0  49  49  0  0  0  49  49  0  49  49  0  49  49  0  49  49  49  0  0  49  49  49  49  49  0  49  0  49  0  0  0  0  49  49  49  0  0  0  49  0  49  0  16  16  16  16  0  0  16  16  16  16  16  16  16  16  0  567  567  567  0  567  567  567  0  0  770  0  
747  747  747  0  49  49  0  49  49  49  49  0  49  0  0  0  49  0  0  0  0  0  0  49  49  49  0  49  0  0  49  0  0  49  0  49  49  49  0  49  0  0  49  49  0  49  49  0  0  0  0  773  0  49  0  49  0  49  49  0  0  0  49  49  0  49  49  49  0  0  0  49  0  49  49  0  0  0  16  16  16  16  16  16  16  16  16  16  0  776  0  0  0  0  567  0  567  0  770  770  
0  0  0  49  49  49  0  49  49  49  0  49  49  49  49  49  49  0  780  0  49  49  49  0  49  0  0  49  0  49  49  0  0  49  49  49  49  0  49  49  49  49  0  49  0  49  49  49  0  0  773  773  0  49  49  49  49  49  0  0  49  0  49  0  0  0  49  49  49  49  49  49  0  49  49  49  0  49  0  16  0  16  0  16  16  0  16  16  0  0  567  567  567  567  567  567  567  0  0  770  
0  0  0  49  0  0  49  49  49  49  49  49  49  49  49  0  0  49  0  0  789  0  49  49  49  49  49  0  0  0  49  49  0  49  49  0  49  0  791  0  49  0  49  49  49  49  49  0  0  0  0  773  0  792  0  49  49  0  0  49  49  49  49  49  0  0  794  0  49  49  0  0  49  49  49  49  49  49  49  0  16  16  16  16  16  16  16  0  16  0  0  0  567  0  567  567  0  567  0  795  
49  49  49  49  49  49  49  0  49  49  49  49  49  0  49  49  49  0  0  0  789  0  49  49  49  49  0  0  49  49  49  49  49  49  49  49  49  0  0  49  0  49  0  0  49  49  0  0  800  0  801  0  802  0  803  0  49  49  49  49  49  49  49  0  49  49  0  49  49  0  806  806  0  49  0  49  0  0  49  0  16  16  16  0  16  16  16  0  16  16  16  0  567  0  0  0  0  567  0  795  
807  0  0  49  49  49  0  49  49  49  49  0  49  49  0  0  49  49  49  0  49  0  0  0  49  49  49  0  0  0  49  49  49  49  49  49  0  0  0  49  49  0  49  0  49  49  0  0  0  0  0  801  0  802  0  803  0  49  49  49  0  49  49  49  49  0  49  49  49  49  49  0  0  0  49  49  0  49  49  49  49  0  16  0  0  16  0  0  16  16  16  0  0  567  567  567  567  0  567  567  
0  813  0  49  0  49  0  49  0  49  0  49  49  0  49  49  49  49  49  49  49  0  0  0  0  49  49  0  0  49  49  49  49  0  49  49  49  0  49  49  49  49  49  0  0  49  0  0  0  49  0  0  819  0  0  0  49  49  49  49  0  49  49  49  49  49  0  0  49  49  49  49  49  0  49  49  49  49  49  49  49  49  0  821  0  0  822  822  0  0  16  16  0  567  567  567  0  567  0  567  
0  0  813  0  49  49  49  49  0  824  0  49  0  49  0  49  49  49  0  49  49  0  49  0  0  49  0  49  0  49  49  0  49  0  49  0  49  49  0  49  49  0  49  0  830  0  49  0  49  49  49  49  49  0  0  832  832  0  49  49  0  0  49  0  0  49  0  49  49  0  49  0  0  49  49  49  0  0  0  0  0  49  49  0  0  0  0  0  822  822  0  0  0  0  567  567  0  567  567  567  
0  835  0  49  49  49  49  49  49  0  49  49  49  0  0  49  49  0  0  49  49  0  49  49  49  49  0  49  0  49  49  49  49  49  49  49  0  0  49  49  0  0  49  49  0  0  49  49  49  49  0  49  49  0  832  832  832  832  0  0  840  0  0  49  0  49  0  0  49  49  49  49  0  49  49  0  49  49  49  49  49  49  49  0  0  0  0  822  822  822  0  567  567  0  567  567  0  567  567  567  
835  835  835  835  0  49  0  49  0  0  49  0  0  49  0  49  49  49  49  0  0  49  0  0  49  0  49  0  49  49  0  49  49  0  49  0  49  0  49  0  49  0  49  49  49  49  49  49  0  0  49  49  49  0  0  0  0  832  0  49  49  0  49  49  49  0  49  49  0  0  0  49  0  852  0  49  49  0  49  0  0  0  0  49  49  0  853  0  822  0  0  567  567  567  0  567  0  0  567  567  
835  835  0  835  0  49  49  0  855  0  49  49  49  49  49  49  49  49  49  49  49  0  0  49  49  0  49  49  49  0  49  49  49  49  49  49  0  0  49  49  49  49  0  49  0  49  49  0  0  49  49  0  49  49  49  49  0  0  49  0  49  49  49  0  49  0  0  49  0  0  49  49  0  0  49  49  0  49  49  49  49  49  49  49  0  0  853  0  822  0  0  567  567  567  567  567  567  567  567  0  
0  0  835  0  0  49  0  49  0  0  0  0  0  49  49  49  49  49  0  0  49  0  49  49  49  0  49  49  49  49  49  49  49  49  49  0  49  0  0  0  49  49  49  49  49  49  0  49  49  0  0  49  49  49  49  49  49  0  49  49  49  49  49  49  49  0  49  0  49  49  49  49  49  49  49  0  49  49  49  49  49  49  49  49  0  868  868  0  822  822  822  0  567  0  0  567  567  567  0  0  
870  870  0  49  0  49  0  0  49  0  49  0  49  49  0  49  0  49  49  0  49  49  49  49  49  49  49  49  0  49  0  0  49  49  0  875  0  0  0  49  49  0  49  49  49  0  49  0  49  0  878  0  0  49  49  49  0  0  49  49  0  49  49  49  49  49  49  49  49  49  49  49  0  0  49  49  0  49  0  0  49  0  49  0  868  868  0  880  0  822  0  0  567  567  0  567  567  567  567  567  
870  870  870  0  49  49  49  0  49  49  49  49  0  0  0  49  49  49  49  0  49  49  49  49  49  0  49  49  49  0  0  0  49  49  0  886  0  49  49  49  49  49  49  49  0  49  49  49  49  49  0  0  0  888  0  49  49  49  0  0  49  0  49  0  49  49  49  0  49  0  49  0  0  889  0  49  49  49  49  49  49  0  868  0  0  868  0  891  0  0  0  0  0  567  567  0  567  567  0  0  
870  0  0  49  49  49  49  0  49  49  49  49  49  49  0  49  0  0  0  49  49  0  49  49  0  894  0  49  49  0  0  0  0  0  895  0  896  0  49  49  49  49  0  49  0  49  49  49  0  49  0  49  49  0  0  0  49  0  49  49  49  0  0  49  49  0  0  49  49  49  49  0  0  0  0  0  49  0  0  49  0  868  868  868  868  868  868  0  0  567  0  567  567  567  0  0  0  567  567  567  
49  0  49  49  49  0  0  49  49  49  49  49  49  49  49  0  49  49  49  0  49  49  0  0  49  0  0  49  0  0  0  49  49  0  908  0  896  896  0  49  49  0  49  49  0  910  0  0  49  0  49  49  49  0  0  49  49  49  49  49  0  49  0  49  49  49  0  0  49  49  49  49  49  49  49  49  0  49  0  0  0  868  868  868  0  868  868  0  0  0  567  0  567  567  0  567  567  0  0  567  
49  0  49  0  49  0  0  49  0  49  49  49  0  0  49  49  49  0  49  0  0  49  0  0  49  49  49  49  49  49  49  49  0  908  908  0  896  0  49  0  49  0  0  49  49  0  0  917  0  49  0  49  49  49  0  0  0  0  49  49  49  0  0  49  0  0  0  919  0  49  49  49  49  49  0  0  920  0  921  921  0  0  0  868  0  868  0  0  0  567  567  567  567  567  567  567  0  923  923  0  
49  49  0  49  0  49  0  925  0  926  0  49  49  49  0  0  49  49  49  49  0  0  49  49  49  49  49  0  49  49  0  0  49  49  0  0  927  0  49  49  0  49  0  49  49  49  49  49  0  0  49  49  49  0  49  49  49  0  49  49  0  0  931  0  49  49  49  0  0  0  0  0  49  0  49  0  920  920  920  0  0  933  0  934  0  868  868  868  0  0  567  567  567  0  0  0  0  0  923  0  
49  49  49  49  0  0  936  0  937  0  0  49  0  49  0  49  0  49  49  0  0  939  0  49  0  49  0  0  0  0  49  49  49  49  49  49  0  0  49  49  49  49  0  49  0  49  49  49  49  49  49  0  0  49  0  49  0  49  49  49  0  943  0  49  0  49  0  0  945  0  0  49  0  49  49  49  0  0  920  920  0  0  934  934  0  0  0  0  0  567  567  0  567  0  567  567  0  951  0  952  
953  0  0  49  0  0  0  0  954  0  954  0  0  49  49  0  49  49  49  0  0  49  0  958  0  0  49  0  49  49  49  49  49  0  0  0  0  960  960  0  49  0  0  0  49  49  49  0  49  49  0  49  49  0  49  0  49  49  0  0  0  0  0  49  49  49  49  49  49  0  0  49  49  49  49  0  49  0  920  920  920  920  0  934  0  964  964  964  0  0  0  567  0  567  0  567  0  951  951  0  
953  0  0  0  966  0  0  954  954  954  954  954  0  0  0  0  0  49  49  49  49  49  0  0  0  49  0  49  49  49  49  49  49  49  49  49  0  0  0  0  49  0  49  0  0  49  49  49  49  0  0  49  49  49  49  49  49  0  0  49  49  0  0  49  49  49  49  0  49  49  49  0  49  0  49  49  0  0  0  920  0  920  0  934  934  0  964  0  567  567  567  567  567  567  567  567  0  0  0  973  
966  0  966  966  0  966  0  0  0  0  0  954  0  976  976  976  0  0  0  0  49  49  49  49  0  49  49  49  49  0  0  0  0  49  0  0  0  0  49  49  49  0  49  49  49  49  49  49  0  49  0  49  0  49  49  49  49  49  49  0  49  49  49  49  49  0  0  49  0  49  0  49  49  0  49  0  0  49  0  920  920  0  0  0  0  0  567  0  567  567  0  567  567  0  0  0  567  567  0  0  
966  966  966  0  966  966  0  0  0  987  0  0  976  976  0  0  989  989  0  0  49  49  49  49  49  49  49  49  49  49  0  0  49  49  49  49  49  0  49  0  49  49  49  0  0  49  49  49  49  49  0  49  49  49  0  0  0  49  49  0  49  49  49  0  0  49  49  49  0  49  49  49  49  49  49  49  49  49  0  920  920  0  567  567  567  567  567  567  567  0  0  567  0  0  0  567  567  567  567  567  
0  966  0  966  966  966  0  0  987  987  987  987  987  0  976  976  0  0  989  989  0  49  49  0  0  49  49  0  0  0  0  0  0  49  0  49  49  49  49  49  49  49  49  49  49  49  0  0  0  0  0  995  0  0  0  0  996  996  0  49  0  49  49  49  49  49  49  49  0  49  49  49  0  49  49  49  49  0  0  920  920  920  0  567  0  0  567  567  567  567  567  567  567  0  999  999  0  0  567  567  
