2  2  2  2  2  2  2  2  2  2  2  0  2  2  2  0  2  2  2  2  2  2  0  0  2  2  2  2  2  2  0  0  0  2  2  2  2  0  2  2  2  0  2  2  2  2  2  2  2  2  2  2  0  2  2  2  2  0  2  2  0  0  0  0  0  2  0  2  2  2  2  2  2  2  2  0  2  2  2  2  0  2  2  2  2  0  2  2  2  2  2  0  0  2  2  0  0  17  17  17  
2  2  2  2  2  2  0  2  2  2  2  2  2  0  0  2  2  2  2  2  2  2  0  2  0  2  2  2  2  2  2  2  2  0  2  2  2  2  0  2  2  2  2  0  0  2  0  2  2  2  2  0  2  2  2  2  2  2  2  2  2  0  2  2  2  2  2  2  2  0  2  2  2  2  2  2  2  2  2  0  2  2  2  2  0  2  0  2  2  2  2  0  0  2  2  2  2  2  0  17  
2  2  2  2  0  2  2  2  0  2  2  2  2  2  0  2  2  2  0  0  2  2  0  2  0  2  2  2  2  0  0  0  2  2  2  0  2  2  2  2  0  0  2  2  2  2  0  2  2  2  2  0  0  2  0  2  0  2  0  2  2  2  0  2  2  0  2  2  0  0  2  2  0  2  2  2  2  2  2  2  2  0  0  2  0  0  2  2  2  2  2  2  0  2  0  2  2  0  0  17  
2  2  2  2  0  0  2  0  0  24  0  2  2  0  2  2  2  2  0  0  2  2  2  2  2  2  2  2  2  2  0  0  2  2  0  2  2  2  0  0  2  2  2  2  2  2  2  2  2  0  2  2  2  2  2  0  0  2  2  0  2  0  2  2  0  0  2  2  2  2  2  0  2  0  0  2  2  0  2  2  2  2  2  0  0  2  0  0  2  2  0  2  2  2  2  2  0  0  30  0  
2  2  0  2  2  2  2  2  0  0  2  0  2  2  2  0  2  0  32  32  0  2  2  2  2  2  2  2  2  2  2  2  0  2  0  0  2  2  2  0  2  2  2  2  2  0  2  2  2  0  2  2  0  2  2  0  2  2  2  0  2  0  2  0  34  0  2  2  0  2  2  2  0  2  2  2  2  0  2  0  2  0  0  2  2  2  2  0  2  2  2  2  2  2  2  2  0  0  0  37  
0  2  2  2  0  0  2  2  2  2  2  2  2  2  2  2  0  2  2  0  0  2  2  0  2  2  0  2  2  2  2  0  2  2  2  2  2  2  2  0  0  2  2  2  2  2  2  2  0  0  2  2  2  2  2  0  2  2  0  0  0  2  2  0  0  0  2  2  0  2  2  2  2  2  0  2  2  2  2  2  0  2  2  2  2  2  0  0  0  2  2  2  0  2  2  2  2  0  2  2  
2  0  2  2  2  2  2  2  2  2  2  2  2  2  0  0  0  2  0  2  2  2  2  2  2  2  2  2  2  2  2  2  0  0  0  2  2  2  2  2  2  0  2  0  2  0  2  2  2  2  2  2  0  2  0  46  0  2  0  2  2  2  2  2  0  2  2  2  2  2  2  2  2  2  2  2  2  0  0  0  2  2  2  2  2  0  2  2  2  0  0  0  0  2  2  2  2  2  2  2  
0  2  2  2  0  2  2  2  2  2  0  0  0  0  2  2  0  2  2  2  2  2  2  0  0  0  2  0  2  2  2  0  0  52  0  53  0  2  2  0  2  2  2  2  0  2  0  2  2  2  2  0  0  54  0  2  0  0  2  2  2  2  2  2  2  2  2  2  0  0  2  0  2  2  2  2  2  0  2  2  2  0  2  0  2  2  2  2  2  2  0  2  2  2  2  0  2  2  2  0  
58  0  0  2  2  0  2  0  2  0  2  0  2  2  2  0  0  2  0  2  0  2  2  0  2  2  2  2  2  2  2  0  0  0  2  0  0  0  2  2  2  0  0  2  0  2  2  2  2  2  2  2  2  0  2  2  2  2  2  0  2  2  0  2  2  2  0  0  0  0  2  2  2  2  2  0  2  2  2  2  0  2  0  2  2  2  2  0  2  2  2  0  2  0  2  2  2  2  2  2  
2  0  0  2  2  0  2  2  2  2  0  2  2  2  2  2  2  2  2  2  2  2  0  2  0  2  0  2  2  2  2  2  2  2  2  2  2  2  2  0  0  2  2  0  2  2  2  2  2  2  2  2  2  2  0  2  2  2  2  2  2  2  2  0  2  2  2  0  2  0  0  2  2  0  2  2  2  2  2  2  2  2  2  2  2  0  2  2  2  0  0  2  2  0  0  2  2  2  2  2  
2  2  2  0  0  2  2  2  2  2  2  0  0  2  2  0  2  0  2  0  0  2  2  2  0  0  2  2  0  2  0  0  0  2  2  2  0  2  2  2  0  2  2  0  2  2  2  2  0  2  0  2  2  2  2  0  2  0  2  2  0  2  2  0  2  2  2  0  2  2  2  2  2  2  2  2  0  2  2  2  2  0  2  0  2  0  2  0  0  0  2  0  2  0  0  2  0  2  2  0  
0  0  2  0  2  2  2  2  2  2  0  2  2  2  0  2  2  2  2  0  2  2  0  2  2  2  2  2  0  0  2  0  2  2  2  2  2  2  2  2  2  2  2  0  0  0  0  2  2  2  2  2  2  2  2  2  0  0  0  0  2  2  0  2  2  2  2  2  2  0  2  2  2  0  2  2  0  2  0  2  0  0  2  2  0  2  2  2  2  2  2  2  2  2  2  2  2  2  2  2  
2  2  2  2  2  0  2  2  2  2  0  0  2  2  2  2  0  0  2  2  2  2  0  0  2  2  2  2  0  2  0  2  2  2  2  0  2  2  2  2  0  2  0  2  2  2  2  2  2  2  2  0  2  2  2  2  2  2  0  0  0  2  2  2  0  2  2  2  2  2  2  2  2  2  2  2  0  2  2  2  2  0  2  2  0  2  2  2  2  2  2  0  0  2  2  2  2  0  0  2  
2  2  2  2  0  2  2  2  2  2  2  2  2  2  0  2  2  2  2  2  2  2  2  2  2  2  2  2  0  2  2  2  2  2  0  2  2  2  2  0  2  2  2  0  2  0  0  0  2  2  2  2  2  0  0  2  2  2  2  2  0  0  0  0  2  2  2  0  2  2  2  0  2  0  2  2  2  2  2  0  0  2  0  2  2  2  2  0  2  0  2  2  0  2  2  2  2  2  2  2  
2  2  0  2  2  2  2  2  0  2  2  0  2  2  2  2  2  2  0  0  2  0  0  0  2  2  2  2  0  2  2  2  2  0  2  2  2  2  0  2  2  0  2  0  0  2  2  2  0  0  2  2  2  0  2  0  2  2  2  2  2  2  2  2  2  2  0  0  2  2  2  2  2  2  0  0  2  0  0  2  2  2  2  0  2  2  2  2  2  2  2  0  2  2  2  2  0  2  2  2  
2  2  2  2  2  0  2  0  2  2  2  0  2  0  2  2  2  2  2  2  2  0  0  2  0  2  2  0  0  2  2  2  0  2  0  0  2  0  0  2  2  2  2  2  2  2  2  2  0  2  2  2  2  2  2  2  2  2  2  2  2  2  2  2  2  0  0  2  2  2  2  0  2  0  0  2  2  2  2  2  0  0  2  2  2  0  2  2  2  2  0  2  2  2  2  2  2  2  2  0  
2  2  0  2  2  0  2  2  0  2  2  2  2  2  0  0  0  2  2  2  2  2  2  2  2  0  0  2  0  0  2  2  2  0  0  2  0  2  2  2  2  2  0  2  2  2  2  2  2  2  2  0  2  2  2  2  2  2  2  0  2  2  2  2  2  0  0  2  2  2  2  2  0  0  2  2  0  0  0  2  0  103  0  0  0  0  2  2  2  0  2  0  0  2  0  2  0  0  2  0  
2  2  2  2  2  2  2  0  2  2  0  2  2  0  0  2  0  2  2  0  2  2  2  0  2  0  0  2  2  2  0  2  2  0  0  2  2  2  2  0  2  2  2  2  2  0  2  2  2  2  2  0  2  2  2  2  2  0  2  2  0  2  0  2  0  0  2  2  2  2  2  2  2  0  0  2  2  2  2  0  2  0  0  0  2  2  2  0  2  2  2  2  0  2  2  0  2  2  0  2  
2  2  2  2  2  0  2  0  0  2  2  0  0  0  2  2  2  2  2  2  2  2  2  0  0  2  2  2  2  0  2  2  2  2  2  0  0  2  2  2  2  0  0  0  2  0  2  0  2  2  2  2  2  0  2  2  2  0  2  2  2  2  2  0  2  0  0  2  2  2  2  0  0  2  2  2  2  2  0  2  2  2  0  2  2  2  2  2  0  2  2  0  0  2  2  0  0  2  2  2  
121  0  0  2  2  2  0  0  2  2  0  0  0  0  0  0  2  0  2  2  2  2  2  2  2  2  2  2  2  2  2  0  2  2  0  2  2  2  0  2  2  2  2  2  2  2  2  2  2  0  2  2  2  2  2  0  2  2  2  2  2  2  2  2  2  2  0  2  2  2  2  2  0  0  0  2  2  0  0  2  2  2  2  2  2  2  2  2  2  2  0  2  0  2  0  2  2  0  0  2  
0  2  2  2  0  0  2  0  2  2  2  2  2  0  2  0  2  2  2  0  0  2  0  2  0  2  2  0  2  2  0  2  0  0  2  2  0  2  2  0  2  2  2  2  2  2  2  2  0  2  2  2  2  2  0  0  2  2  2  2  2  2  2  2  0  2  0  0  2  2  2  2  2  2  0  2  2  2  0  0  2  2  2  2  2  0  2  0  2  2  2  2  0  2  2  0  2  2  2  2  
2  0  2  2  2  2  0  2  0  0  2  2  0  0  0  2  2  2  2  2  0  2  2  0  0  2  2  2  2  0  0  2  2  0  136  0  0  2  2  2  2  0  2  0  0  0  0  0  2  2  2  0  2  2  2  2  2  0  2  2  0  2  2  2  2  2  2  2  2  2  2  0  2  2  2  2  2  2  2  2  2  2  2  2  2  0  2  2  2  2  2  2  2  0  0  2  2  0  0  2  
2  0  0  0  2  2  0  2  2  2  0  2  0  0  139  0  2  2  2  2  2  0  0  2  2  2  0  2  0  2  2  2  2  0  0  2  2  2  2  2  0  2  0  0  144  144  0  2  0  0  2  2  2  0  2  2  0  2  0  0  0  2  0  2  2  2  2  2  2  0  2  0  2  0  2  0  0  0  2  0  0  2  2  2  2  2  2  0  2  2  0  0  2  0  2  2  0  0  0  2  
2  2  0  2  2  2  2  0  2  2  2  0  2  2  2  0  2  2  2  2  2  0  2  2  2  2  0  0  2  2  2  2  2  2  0  2  2  2  0  0  2  2  2  0  144  144  0  2  2  2  2  2  0  2  2  0  2  0  2  2  2  2  2  2  2  2  2  0  2  2  0  2  2  2  2  2  2  2  0  2  0  2  2  2  0  2  2  0  2  2  2  0  2  2  2  2  2  0  0  2  
0  2  2  2  2  2  2  0  2  2  2  2  2  2  0  2  2  2  2  2  2  2  0  2  2  0  2  2  2  2  0  2  0  2  0  0  2  0  2  2  2  2  0  2  0  0  0  0  2  2  2  2  0  2  0  2  2  0  0  2  0  0  2  2  2  0  2  2  2  0  2  0  2  2  0  2  0  2  2  2  0  2  0  0  2  0  0  0  2  0  0  166  0  0  0  2  2  2  2  2  
2  2  0  2  2  2  0  2  2  2  2  2  0  0  2  2  2  2  2  2  2  0  0  2  0  2  2  2  0  2  0  2  2  2  2  2  2  2  2  2  2  2  2  2  2  2  2  2  2  2  0  2  2  2  2  0  2  2  0  2  2  2  2  2  2  2  0  0  2  0  2  2  2  2  2  0  0  0  2  2  2  2  0  0  0  2  2  0  2  2  2  2  0  2  2  2  2  0  0  2  
0  2  2  2  0  2  0  2  0  2  2  0  2  0  2  2  2  2  0  2  2  2  2  2  2  0  0  0  0  2  2  2  0  2  2  2  2  2  2  2  0  0  0  0  0  2  2  0  2  2  2  0  0  0  2  0  2  2  2  2  2  2  0  2  2  0  0  2  2  2  2  2  0  0  2  0  0  2  2  2  2  0  2  2  2  2  2  2  2  0  2  2  2  2  2  2  2  2  0  2  
178  0  2  2  2  2  2  2  2  2  0  2  0  2  2  2  2  0  2  0  2  2  0  2  0  2  2  0  2  2  2  2  2  2  0  2  2  2  2  0  0  2  2  2  2  0  2  2  2  2  2  2  0  2  2  2  2  2  0  2  0  2  2  0  2  0  0  2  0  2  2  0  2  2  2  2  0  2  0  2  2  0  0  2  0  2  2  2  2  0  2  2  2  2  2  0  2  0  2  2  
0  2  0  2  2  2  2  2  2  0  2  2  2  0  0  0  2  0  2  2  0  2  2  0  0  2  2  2  2  2  2  2  2  2  2  0  2  2  2  2  2  2  0  0  2  0  2  2  2  2  0  2  2  2  2  2  2  2  2  2  0  0  2  2  2  2  2  2  2  2  2  2  2  2  2  0  0  2  2  0  0  2  2  2  2  2  2  2  2  2  0  2  0  0  2  2  2  2  2  0  
2  2  2  2  2  2  2  2  2  0  2  2  2  2  2  0  2  2  2  2  2  2  0  2  2  2  2  2  2  0  0  2  0  2  2  2  2  0  2  2  2  2  2  2  2  2  2  2  0  2  2  2  2  0  2  0  2  2  0  2  0  2  2  0  2  0  2  0  0  0  0  0  0  2  2  0  2  2  2  2  2  0  2  2  0  0  0  2  2  2  2  2  2  2  2  0  2  2  0  2  
2  2  0  0  0  0  2  0  0  2  0  2  2  2  2  0  2  0  2  2  2  2  0  0  2  2  2  2  2  0  2  2  0  0  2  2  2  2  0  2  2  2  2  2  2  2  2  2  2  0  2  2  2  2  2  2  2  0  0  2  2  2  0  2  2  2  2  0  2  2  0  2  2  2  2  2  2  2  2  2  2  2  2  2  0  2  2  2  2  2  2  2  2  0  2  2  0  2  2  2  
199  0  2  2  0  2  2  2  0  0  2  0  2  2  2  0  2  2  0  0  2  0  0  2  2  0  2  0  2  2  0  2  0  0  2  2  2  2  2  2  2  2  2  2  0  0  0  2  0  2  2  2  2  0  2  2  2  2  0  0  0  2  2  2  2  0  2  2  2  2  2  0  0  0  2  0  2  2  0  2  2  0  2  2  2  2  2  2  2  0  2  0  2  2  2  2  2  2  0  2  
0  2  0  0  0  2  0  2  2  2  2  2  2  0  0  0  2  2  2  2  0  2  2  2  2  2  2  2  2  2  0  0  0  0  0  2  2  0  0  0  2  0  0  0  2  2  2  2  2  0  2  2  2  2  2  0  2  2  2  2  2  2  0  2  2  2  2  2  2  2  0  2  2  2  2  0  2  0  2  2  2  2  0  2  2  2  2  2  0  0  2  2  2  2  2  2  2  0  2  2  
2  0  2  2  2  2  2  0  0  0  2  2  2  2  2  0  2  2  2  2  2  2  0  2  2  0  0  2  2  2  2  0  2  2  2  2  0  2  0  2  0  2  2  2  2  0  2  0  2  2  2  2  0  2  2  0  0  2  2  0  2  2  2  2  2  0  2  0  2  2  2  0  2  2  2  2  2  2  0  0  0  2  0  2  2  2  2  0  0  2  2  2  0  2  2  2  2  2  2  2  
2  2  2  2  0  0  2  2  2  0  2  2  0  2  0  2  0  2  2  0  2  2  0  2  2  2  2  2  0  0  2  2  0  2  2  2  2  2  2  2  2  0  0  2  2  0  2  2  0  0  0  0  0  2  2  2  2  2  0  2  2  2  2  2  0  0  0  2  0  2  2  2  0  0  0  2  2  0  2  2  2  2  2  2  2  2  0  0  0  2  2  0  2  2  0  0  2  2  2  2  
2  2  2  2  2  2  2  2  0  2  0  2  0  2  2  0  2  2  2  0  223  0  2  2  2  2  2  2  2  2  0  0  2  2  2  2  2  2  0  2  2  2  0  224  0  2  2  2  2  2  2  2  2  2  2  2  2  0  2  2  2  0  2  2  2  0  225  0  2  0  2  2  2  2  2  2  2  2  2  2  2  0  2  2  2  2  2  2  0  2  0  0  2  2  2  2  2  0  2  2  
2  0  2  2  0  2  0  2  2  2  2  2  2  2  2  2  2  0  2  0  0  0  2  2  2  2  2  2  2  0  228  0  2  2  2  2  2  2  0  0  0  2  0  224  0  2  0  2  2  2  0  2  2  2  2  2  2  2  0  2  2  2  2  2  2  2  0  2  2  0  0  2  2  2  2  2  2  0  2  2  2  2  2  2  2  2  2  2  2  2  2  2  2  0  2  0  2  0  0  0  
2  2  2  0  2  0  2  0  2  2  0  2  0  2  0  2  0  2  2  0  231  231  0  0  2  0  0  0  2  2  2  0  232  0  2  0  0  2  0  2  2  2  2  0  224  0  2  2  2  2  2  2  0  0  0  0  0  2  0  2  2  2  0  0  0  2  0  235  0  2  2  0  2  2  2  2  2  2  2  2  2  0  0  2  2  0  0  2  2  2  0  2  2  2  2  0  0  2  0  2  
2  2  0  2  2  2  0  238  0  0  2  2  2  2  2  0  2  2  2  0  231  0  231  231  0  242  0  242  0  2  0  232  232  0  2  0  0  2  2  2  2  2  2  0  0  2  2  2  0  0  2  2  2  2  0  2  2  2  0  2  2  2  2  0  2  0  0  0  2  2  2  2  2  0  2  2  0  2  2  2  0  0  2  0  0  2  2  0  2  0  2  2  2  0  2  2  0  2  2  2  
2  2  2  2  2  2  2  2  0  2  2  0  0  2  0  0  2  2  2  0  231  231  231  231  231  0  242  242  242  0  2  2  0  0  0  2  2  2  2  2  2  0  2  2  2  0  0  2  2  0  2  2  2  2  2  2  2  2  0  2  0  2  2  2  0  2  0  2  2  0  2  0  2  2  2  0  2  0  2  2  2  0  2  2  2  0  2  2  2  2  2  2  2  2  2  2  2  2  0  0  
2  2  2  0  2  0  2  2  0  0  2  2  2  2  2  2  2  2  2  2  0  231  0  231  231  231  0  0  0  0  0  0  0  2  2  2  2  0  0  2  0  261  0  2  2  2  2  2  2  2  2  0  0  0  2  2  2  2  2  2  2  2  2  2  0  2  2  0  2  2  0  2  0  0  2  2  2  2  0  2  2  2  2  2  2  0  0  0  2  2  0  2  2  0  0  0  2  2  0  263  
0  2  2  2  2  0  2  0  2  2  2  2  2  2  2  0  2  2  0  2  2  2  0  265  0  231  0  2  0  267  0  268  268  268  0  2  2  0  2  0  2  2  0  2  2  2  0  2  2  2  2  2  0  2  2  2  2  0  2  2  0  2  0  2  2  2  0  2  2  2  0  2  2  2  2  2  2  2  2  2  2  2  2  0  2  2  2  2  2  2  2  2  2  2  2  2  2  2  0  0  
2  2  2  2  2  2  2  0  0  2  2  2  0  0  2  0  0  2  2  0  2  2  0  265  265  0  0  2  2  0  268  268  268  0  2  2  2  2  2  0  0  2  2  0  2  2  2  0  2  0  2  0  0  2  2  2  2  2  2  2  2  2  0  2  2  0  2  2  0  2  0  0  2  2  0  2  2  0  2  2  2  2  0  0  0  2  2  2  0  2  2  0  2  2  2  2  2  2  0  0  
2  2  0  2  0  2  2  2  2  2  2  2  2  0  2  2  0  2  2  2  2  2  2  2  0  0  2  0  2  2  0  0  0  268  268  0  2  0  2  2  2  2  0  2  0  2  2  2  2  0  0  2  0  2  2  0  2  2  0  2  2  0  2  2  2  0  2  2  0  2  2  2  2  2  2  0  2  2  2  2  2  2  0  0  2  2  0  2  0  285  0  2  2  0  0  2  0  2  2  2  
0  0  2  2  2  2  0  2  0  2  2  2  0  2  2  0  2  2  2  2  2  0  0  0  0  2  2  0  0  2  2  2  0  0  0  290  0  291  0  0  2  0  2  0  0  2  2  2  2  2  2  2  2  0  2  2  2  2  2  2  2  2  0  2  2  0  2  2  2  2  2  2  2  2  2  0  2  2  2  0  2  2  2  2  2  0  2  2  0  0  2  2  0  2  2  2  0  0  2  2  
2  2  0  2  2  0  2  0  2  0  2  0  0  2  2  2  2  2  0  2  2  2  2  2  2  0  0  2  2  2  2  2  2  2  2  2  0  2  0  299  0  2  2  2  0  2  2  2  2  2  2  2  2  2  2  2  0  0  0  2  0  2  2  0  0  0  2  2  0  2  2  2  0  2  2  2  2  2  0  0  2  2  0  0  2  2  2  2  0  303  303  0  0  2  2  0  2  2  2  2  
2  2  2  0  2  2  0  2  2  2  0  0  2  2  2  2  2  2  0  2  0  2  2  2  2  2  0  2  2  2  2  2  2  2  0  2  2  2  0  0  2  2  2  2  2  2  2  2  2  0  0  2  2  2  2  0  2  2  2  0  2  2  2  2  2  0  2  2  2  0  2  0  2  2  2  2  2  2  0  0  2  2  2  2  2  2  2  2  0  303  303  303  0  2  2  2  2  0  0  2  
2  0  2  0  2  0  2  2  2  2  2  2  0  2  2  2  2  2  0  2  2  2  2  2  2  2  0  2  0  0  2  0  0  2  2  2  0  2  0  2  2  2  2  2  2  2  0  0  2  2  2  2  2  2  2  2  2  2  0  2  2  2  0  0  0  2  2  0  2  2  2  2  2  0  0  2  2  2  2  2  2  0  2  2  2  2  2  2  2  2  0  303  0  316  0  2  0  2  0  2  
2  2  2  2  2  2  2  0  2  2  0  2  2  2  0  0  2  2  2  2  0  0  2  2  2  2  2  2  2  0  0  2  2  2  2  2  2  2  0  2  2  2  2  2  0  0  2  2  0  2  0  2  2  2  2  2  0  2  2  2  2  2  2  2  2  2  0  2  2  2  2  2  2  2  0  2  0  2  2  2  0  2  2  2  2  2  2  2  2  2  0  0  322  0  2  2  2  2  2  2  
2  2  0  0  2  2  0  2  2  2  0  0  2  0  0  2  2  2  0  2  2  0  326  0  2  2  0  2  2  2  2  2  2  2  0  2  2  0  0  0  0  2  2  0  2  2  2  0  2  0  0  2  2  2  2  2  0  2  0  0  2  2  2  2  2  2  2  0  2  2  2  0  0  2  2  2  2  2  0  2  2  2  2  2  0  2  2  0  2  2  2  2  2  0  2  0  0  2  2  2  
2  2  2  2  2  0  2  2  0  0  0  2  2  2  2  2  2  0  2  2  2  0  0  0  2  2  2  2  2  2  0  2  2  2  2  2  0  2  2  2  2  2  0  0  0  2  2  2  2  2  0  0  2  2  2  2  0  2  2  2  0  2  2  0  0  2  2  2  0  2  0  334  334  0  2  2  2  2  0  2  2  2  0  2  0  0  2  2  2  0  2  2  2  0  2  2  2  0  2  0  
2  0  0  2  2  2  2  2  2  2  2  2  0  0  2  2  2  2  0  2  0  0  336  0  2  2  0  0  2  2  0  2  2  0  2  2  0  2  2  0  0  2  2  2  0  340  0  2  2  0  2  2  0  2  2  0  2  2  2  2  0  2  2  0  0  2  2  2  2  2  2  0  334  0  2  2  2  2  2  2  0  2  2  2  0  2  2  2  2  2  2  2  0  2  2  0  2  2  0  2  
2  0  2  2  2  0  0  2  2  2  2  2  0  346  0  2  2  0  2  2  2  2  0  2  2  0  2  0  2  2  0  2  2  0  2  2  2  2  2  0  0  2  0  2  0  340  0  2  2  2  0  2  2  2  0  2  2  2  2  2  2  2  0  2  2  2  2  0  2  2  0  0  0  0  0  2  0  2  2  2  2  0  0  0  2  2  2  2  2  0  2  2  2  2  2  2  2  2  0  2  
2  2  2  0  2  2  2  0  2  0  2  0  2  0  0  2  2  0  2  2  2  0  2  2  0  2  2  2  2  0  2  0  0  0  2  2  2  2  0  0  2  0  0  0  0  340  340  340  0  0  2  2  2  2  2  0  2  2  2  2  2  2  0  2  2  0  0  2  2  2  0  0  2  2  2  0  0  2  2  0  2  2  2  2  2  2  2  2  2  2  0  2  2  0  2  0  0  2  2  2  
0  0  2  2  0  0  2  2  2  2  0  2  2  2  2  2  2  2  2  2  2  0  2  0  0  2  2  0  2  2  0  0  2  0  0  2  2  2  2  2  2  2  0  364  364  0  0  0  365  365  0  2  2  0  2  0  2  0  2  2  2  0  2  2  2  2  2  0  2  2  2  2  0  0  2  2  2  2  2  2  0  2  2  2  2  2  2  2  0  0  2  2  2  2  0  2  2  2  0  0  
0  2  2  2  0  0  2  2  2  2  0  371  0  0  2  2  2  2  0  2  2  2  2  0  0  2  2  0  2  2  0  2  2  2  2  0  2  2  2  0  2  2  2  2  0  0  375  375  0  0  365  0  0  2  2  0  2  2  2  2  2  2  0  2  2  2  0  2  2  0  2  2  2  2  2  2  0  2  0  2  2  0  0  2  2  2  0  2  2  2  2  2  0  0  0  2  2  2  2  2  
378  0  2  2  0  2  2  2  2  2  0  0  380  380  0  2  0  0  2  2  0  2  2  2  2  0  2  2  2  2  0  2  2  0  2  0  2  2  2  0  2  2  2  2  0  382  0  0  0  0  365  0  0  2  2  2  2  2  2  2  2  0  383  0  0  0  2  0  2  0  2  0  2  0  2  0  2  2  2  2  0  0  2  2  0  2  0  2  2  2  2  2  2  2  0  0  2  2  0  2  
0  0  2  2  0  2  0  2  0  0  2  2  0  0  0  0  0  2  2  0  2  2  2  2  2  2  0  2  2  0  0  2  2  2  2  2  0  2  2  2  2  2  2  2  2  2  0  391  0  391  391  0  2  2  2  2  2  0  0  2  0  0  0  383  0  2  2  2  0  0  0  2  2  2  2  2  2  2  0  2  2  2  2  2  2  2  2  0  2  0  2  2  2  2  0  0  0  2  2  2  
2  2  0  2  2  2  2  2  2  0  0  2  2  2  2  2  0  0  2  0  2  2  0  0  2  0  2  2  2  2  2  2  2  0  2  2  0  2  0  2  2  0  0  2  0  2  0  391  391  391  0  0  2  2  2  2  2  2  2  2  2  2  0  0  2  2  2  2  0  2  0  0  2  0  2  0  2  0  2  0  2  0  2  2  0  0  0  400  0  2  2  2  2  0  2  0  0  2  2  2  
2  2  0  2  2  0  2  2  2  2  2  2  2  2  2  2  0  405  0  2  2  0  2  2  2  2  2  2  0  0  2  2  2  2  2  0  0  0  2  2  0  2  2  2  2  2  2  0  391  391  0  2  2  2  2  0  2  0  2  0  2  2  2  2  2  2  2  2  2  2  2  2  2  2  0  2  0  2  2  2  0  2  2  2  2  2  2  0  0  0  2  2  2  2  0  2  2  2  2  2  
0  2  2  0  0  2  2  2  2  2  0  2  2  2  2  2  0  405  0  2  0  2  2  2  0  2  2  2  0  2  2  2  2  2  2  2  0  2  2  0  2  2  2  2  2  2  2  0  391  391  391  0  2  2  0  2  0  0  2  2  2  0  2  2  0  0  0  0  2  0  2  0  2  2  0  0  2  2  2  0  2  0  2  2  2  2  2  2  0  2  2  0  2  0  0  0  2  2  0  2  
2  2  0  2  2  2  2  2  2  0  2  0  0  2  2  2  2  2  0  2  2  2  2  2  2  0  2  2  2  2  2  0  2  2  2  2  2  2  2  2  0  2  2  2  2  0  2  2  2  0  391  0  2  2  0  0  2  0  2  2  0  0  2  2  2  0  2  0  0  2  2  2  2  2  2  2  0  2  2  2  2  2  0  2  2  2  2  2  2  2  0  2  0  2  0  2  2  2  2  0  
2  2  2  0  0  2  0  2  2  0  2  0  2  0  0  0  2  0  0  2  2  2  2  2  2  2  2  2  2  2  0  2  2  2  2  0  2  2  0  0  2  2  2  2  0  2  2  2  2  2  0  2  0  0  2  2  2  0  2  2  2  2  2  2  2  0  2  0  2  0  2  2  2  0  0  2  2  2  2  2  0  2  2  2  2  2  2  2  0  2  2  2  0  2  2  2  2  2  2  2  
2  2  2  2  2  2  2  2  0  2  2  2  2  2  2  2  0  2  2  2  2  2  2  0  2  2  0  0  0  0  0  2  2  0  2  2  2  2  2  2  2  0  0  2  2  2  2  0  2  0  2  0  2  0  0  0  0  2  2  2  0  2  0  2  0  2  2  2  2  2  0  2  0  2  0  2  2  0  2  0  2  2  2  2  2  0  2  2  2  2  2  0  2  0  0  0  2  0  0  2  
0  0  2  0  2  2  2  2  2  2  2  2  0  2  2  2  2  2  2  2  2  0  2  2  2  2  2  0  2  2  0  0  2  2  2  2  0  2  2  0  2  2  2  0  2  2  2  2  0  2  2  2  2  2  0  2  2  2  2  0  436  0  2  0  2  2  2  0  0  2  0  0  2  2  0  2  0  2  0  0  2  0  2  2  0  0  2  2  2  2  2  2  2  2  2  2  2  2  0  0  
441  0  2  2  2  2  0  0  2  2  2  0  0  2  2  0  2  2  2  2  2  2  2  2  2  2  2  2  2  2  2  0  0  0  2  2  2  2  2  0  0  2  2  2  2  0  0  2  0  2  2  2  2  0  2  0  0  0  2  0  436  436  0  2  0  2  2  2  2  2  2  2  2  0  0  0  2  2  2  2  2  2  2  2  2  2  2  2  2  2  2  2  0  2  0  2  0  2  2  0  
0  0  2  0  0  2  0  2  2  0  2  2  0  2  2  2  2  2  0  0  2  0  0  2  0  0  0  2  2  2  2  2  2  2  2  2  2  2  2  2  0  2  2  2  2  2  2  2  2  2  0  2  2  2  2  2  2  2  0  447  0  0  0  2  2  2  2  2  0  2  2  0  0  2  2  0  2  2  0  2  2  0  2  2  0  2  0  2  2  2  2  2  0  0  2  2  2  2  2  2  
2  0  2  2  2  2  0  2  2  2  2  0  0  0  2  2  2  2  2  0  453  0  2  2  2  2  2  0  2  2  0  2  0  0  2  2  2  0  2  2  0  2  2  2  2  0  2  2  0  2  2  0  0  2  2  0  2  2  2  2  0  2  2  2  2  2  2  2  2  2  2  2  2  2  2  2  0  2  2  2  2  2  2  2  0  0  2  2  0  2  0  2  2  2  2  2  2  2  2  0  
2  0  2  0  2  0  0  2  2  2  2  0  2  2  2  0  0  2  0  0  453  0  2  2  0  0  2  2  2  0  0  2  2  0  2  2  2  0  2  2  2  2  2  2  0  2  2  2  2  2  0  0  2  2  2  2  2  2  2  0  2  2  2  2  2  0  2  2  2  0  0  2  2  2  2  2  0  2  0  2  2  0  2  2  2  0  0  2  0  0  0  2  2  2  0  2  2  0  2  2  
2  2  2  2  2  2  2  0  2  0  2  2  2  2  2  0  0  2  2  2  0  453  0  2  2  2  0  2  2  2  2  2  2  0  2  2  0  2  2  0  2  2  2  0  2  2  2  2  2  2  2  0  2  2  0  2  2  2  0  0  2  2  2  2  0  2  2  2  0  2  2  2  2  2  2  2  2  0  2  0  0  2  2  2  0  0  2  0  2  0  2  2  2  2  0  2  2  0  0  2  
0  2  0  2  2  2  2  2  0  0  2  0  2  2  2  2  0  0  2  2  0  0  2  2  2  2  2  0  2  0  2  0  0  2  2  2  2  2  0  471  0  0  2  2  0  2  0  2  2  0  2  0  0  0  2  2  0  2  0  2  0  2  2  2  2  0  2  2  2  0  2  0  2  2  0  0  0  2  2  0  2  2  2  2  0  2  2  2  2  0  2  0  0  2  2  2  0  2  2  2  
478  0  2  2  0  2  2  2  2  0  2  0  2  2  2  2  0  481  481  0  2  2  2  2  2  2  2  2  2  2  2  2  2  2  0  2  2  2  2  2  0  2  2  2  2  2  2  2  2  0  2  2  2  2  2  2  2  2  2  2  2  2  2  2  2  2  0  2  2  2  0  2  2  2  0  0  2  0  2  2  2  0  0  2  0  2  2  2  2  0  2  2  2  0  2  2  2  2  2  2  
0  2  2  2  2  0  2  0  0  2  2  2  2  2  2  0  481  481  0  2  2  0  2  2  2  2  2  0  2  0  2  2  2  0  0  2  0  2  2  2  0  2  2  2  2  0  0  2  2  0  2  2  2  2  0  0  2  0  2  2  2  2  0  2  2  2  2  0  0  2  2  2  2  2  2  2  2  2  2  2  2  0  2  2  0  0  2  0  2  2  2  0  2  2  0  2  2  2  0  2  
2  2  2  0  0  0  2  0  0  2  2  2  2  2  2  2  0  0  0  2  2  2  0  0  0  2  2  0  0  2  2  0  0  2  0  2  2  0  0  2  2  2  2  2  2  2  2  2  2  2  0  2  0  2  2  2  2  2  2  2  2  2  0  0  2  2  0  2  2  2  2  2  0  0  2  2  0  2  2  2  2  2  2  2  2  0  497  0  2  2  2  2  2  2  0  2  0  2  2  2  
2  2  2  0  2  2  2  0  2  2  2  2  2  2  2  2  2  0  0  2  2  2  2  0  2  2  0  0  2  0  0  504  504  0  0  0  2  2  2  0  2  0  2  0  0  0  0  0  2  2  2  2  2  2  0  2  0  2  2  2  0  0  2  2  2  0  0  2  2  0  0  0  2  2  0  0  2  2  0  2  0  0  2  0  2  0  0  2  2  2  2  2  2  2  2  2  0  2  2  2  
0  0  0  0  509  0  2  2  2  0  2  2  0  0  2  2  0  2  0  2  2  2  2  2  2  0  0  2  2  2  0  504  504  0  2  2  2  2  0  0  2  2  2  2  2  2  0  2  2  0  2  0  2  2  0  2  2  0  2  2  2  0  0  0  2  0  2  0  2  2  2  2  2  2  2  2  2  2  0  2  2  2  2  0  2  0  0  2  0  2  2  0  2  2  2  2  0  2  2  0  
0  0  2  2  0  2  0  2  2  0  2  2  2  2  2  0  2  2  2  0  2  0  2  2  0  2  2  2  2  2  0  0  0  526  0  2  2  0  0  2  2  2  2  2  2  0  2  0  2  2  2  0  2  2  2  0  2  2  0  2  0  0  2  2  2  0  2  0  2  2  2  2  2  2  0  0  0  2  2  0  2  0  0  2  2  2  2  2  2  2  0  531  0  0  0  2  2  0  2  2  
2  0  0  0  2  2  2  2  2  2  2  2  2  0  2  2  0  2  2  2  2  2  2  2  2  2  2  2  2  0  2  2  2  2  0  2  0  2  2  0  2  2  0  2  0  2  2  2  2  0  2  2  2  0  0  2  2  0  2  2  2  2  2  0  0  2  2  2  2  2  0  0  0  2  2  2  0  2  2  2  2  2  0  2  2  2  2  2  2  2  2  2  0  2  0  537  0  2  2  0  
2  2  2  2  2  2  0  2  2  0  2  0  0  538  0  2  2  0  2  2  0  2  2  0  2  2  2  2  2  0  2  2  0  2  0  2  0  0  2  2  2  2  0  0  2  2  0  0  2  2  2  0  0  2  0  2  2  0  2  2  2  0  2  2  2  0  0  0  2  2  2  2  2  0  2  0  2  2  2  2  0  0  0  2  0  0  2  2  2  2  0  0  2  2  0  0  2  2  0  0  
2  2  0  2  2  2  0  2  2  0  0  0  2  0  538  0  0  2  2  2  0  2  2  2  2  2  2  2  2  2  2  2  2  2  0  2  2  2  0  2  2  0  2  2  2  2  2  2  2  0  2  2  0  2  2  2  2  2  2  2  2  2  2  2  2  2  2  2  2  2  0  0  2  2  0  0  2  2  0  0  2  2  2  2  0  0  0  0  0  2  2  2  2  0  2  2  2  2  2  2  
2  2  0  0  2  2  0  0  2  2  2  2  2  2  0  551  0  2  2  2  0  0  2  2  2  2  2  2  2  2  2  2  2  2  0  0  2  2  2  2  0  2  2  0  2  2  0  2  2  2  2  0  2  2  2  2  2  0  2  2  2  2  0  2  2  2  2  2  0  2  0  2  0  2  2  0  0  2  2  2  0  2  2  2  2  2  0  2  0  2  2  2  2  2  2  2  2  2  0  2  
0  2  2  2  2  0  2  2  0  2  0  2  2  2  2  0  0  0  2  2  2  2  2  2  2  2  2  0  0  2  2  2  2  0  0  2  0  0  2  0  2  0  0  0  0  2  2  2  0  0  0  2  0  2  0  0  2  2  2  0  0  2  2  2  2  2  0  0  2  2  2  2  2  2  2  2  2  0  2  2  2  2  2  2  0  2  2  2  2  2  2  0  2  2  2  2  0  2  2  2  
2  2  0  2  0  2  2  0  2  2  2  0  2  0  2  0  0  0  2  2  2  2  0  2  2  0  2  2  0  0  2  0  2  2  0  2  0  2  0  2  2  2  2  0  2  2  2  2  2  2  2  2  2  0  0  2  2  0  2  0  0  0  2  0  2  2  2  2  2  2  2  2  2  2  2  2  2  2  2  2  2  2  2  2  2  0  2  0  0  0  2  2  2  2  2  2  2  2  2  2  
2  2  2  2  0  2  2  2  2  0  2  2  2  0  2  2  0  0  0  0  2  2  2  2  0  2  2  2  0  567  0  2  2  2  2  0  2  2  2  2  2  2  0  2  2  0  0  2  0  2  0  2  2  2  2  2  0  0  0  2  2  2  0  2  2  2  2  2  2  2  0  2  2  2  2  2  2  2  2  2  2  2  2  0  2  2  2  0  0  2  2  2  0  2  2  0  0  2  2  2  
2  2  2  2  2  0  0  2  0  2  0  2  2  0  0  2  2  2  2  2  0  0  2  0  2  2  0  0  0  0  2  0  0  2  2  2  0  2  2  0  0  2  2  2  2  2  2  2  2  0  0  0  2  0  2  2  0  572  0  2  2  2  2  2  0  2  2  2  2  2  0  0  2  2  0  0  0  2  2  0  2  2  0  2  2  2  2  2  2  2  2  2  0  2  2  2  2  0  0  0  
2  2  2  0  2  2  2  2  0  0  2  0  0  0  2  2  2  2  0  0  2  2  0  2  2  2  2  2  2  2  0  2  2  2  2  0  2  0  2  2  0  2  2  2  2  0  2  0  0  2  0  2  2  2  2  2  0  578  0  2  2  2  2  2  0  0  2  0  2  2  2  2  0  2  0  0  0  0  2  2  0  0  2  2  2  2  2  2  2  0  2  2  2  2  2  2  0  2  2  0  
2  0  2  2  0  0  0  0  2  2  2  0  2  2  2  2  0  2  0  2  2  2  2  2  2  2  0  2  0  2  2  2  0  2  0  2  2  0  2  0  2  2  0  2  2  2  2  0  2  2  0  0  0  0  2  0  0  578  0  2  0  2  0  0  2  2  2  0  0  0  0  2  2  2  2  0  2  2  2  2  2  2  2  2  2  0  0  2  2  2  2  0  0  2  2  2  2  2  2  2  
588  0  2  2  2  2  2  2  0  2  2  2  0  2  2  0  2  2  2  2  0  0  2  2  0  2  2  2  2  2  2  2  0  0  0  2  2  2  2  2  2  2  2  2  2  2  2  2  2  2  2  2  2  2  2  2  2  2  0  2  2  2  0  0  0  2  2  0  2  2  0  0  0  2  0  2  2  2  0  0  2  0  2  2  0  0  2  2  0  2  2  2  2  2  0  0  2  2  2  2  
0  2  2  0  2  2  2  2  0  2  2  0  0  0  2  2  2  2  2  2  2  0  2  2  0  2  2  2  0  2  2  2  2  0  2  2  2  2  0  2  2  0  0  2  2  2  2  2  0  0  2  2  2  0  2  0  2  2  0  0  2  2  0  2  2  2  0  2  2  2  2  2  0  2  2  0  2  2  2  2  2  2  2  0  0  0  2  0  0  0  2  0  0  2  2  0  2  2  2  2  
2  2  2  2  2  2  2  0  2  0  2  0  2  0  0  2  0  2  0  2  2  2  2  0  2  2  0  0  2  0  2  2  2  2  0  2  0  2  0  0  2  2  2  2  0  2  2  2  0  2  2  2  2  0  2  2  2  2  0  0  2  0  2  2  0  2  0  2  0  2  2  2  2  0  2  2  2  2  0  2  2  2  2  0  2  2  2  2  2  2  2  2  2  2  2  2  2  2  0  2  
2  2  2  2  2  2  0  0  2  0  2  2  2  2  2  2  0  0  605  0  2  2  2  2  2  2  0  2  2  0  0  0  2  2  0  0  0  2  0  0  2  2  2  0  0  2  0  0  0  0  0  2  2  2  2  2  2  2  2  2  2  2  0  2  2  2  2  2  2  0  2  2  2  2  2  2  0  2  0  2  2  2  2  2  2  2  2  2  2  2  2  0  0  2  2  2  0  2  0  2  
0  0  2  0  2  2  2  2  2  2  2  0  2  0  0  2  2  0  607  0  2  2  0  0  2  2  2  0  0  2  0  2  2  2  0  0  2  2  0  2  2  2  2  2  0  2  0  0  0  613  0  2  2  0  2  0  2  0  2  0  2  2  2  2  2  2  2  2  2  2  0  0  2  0  0  0  2  2  2  2  2  0  0  2  2  2  2  2  2  2  2  2  0  0  2  0  2  2  0  615  
2  2  2  0  2  2  2  2  2  2  2  0  2  2  2  2  2  0  607  0  2  2  2  2  2  0  2  0  2  0  2  0  2  2  2  0  0  2  0  2  2  2  2  0  2  2  2  0  0  0  2  2  2  2  2  2  2  2  2  0  0  2  2  2  2  0  2  2  2  0  0  0  2  2  2  2  0  0  0  2  0  2  0  2  2  2  0  2  0  0  2  2  0  2  2  0  2  2  0  0  
0  0  0  2  2  0  2  0  0  2  2  2  2  0  0  2  2  2  2  0  2  2  2  2  0  0  2  2  2  2  2  2  2  2  2  0  0  2  2  2  2  2  2  2  2  2  0  2  2  2  0  2  2  2  0  0  2  0  2  2  0  0  2  0  2  2  2  0  0  0  2  2  2  2  2  2  0  2  2  2  0  2  2  2  2  2  0  2  0  2  2  2  2  2  2  2  2  0  0  0  
0  2  2  2  0  632  0  633  633  0  0  0  0  0  0  0  0  0  0  0  0  2  2  2  2  2  2  2  2  0  2  2  2  2  2  2  2  2  2  0  2  0  2  0  2  0  2  2  2  0  2  2  2  2  2  2  2  2  2  2  2  2  2  2  0  2  2  0  0  0  2  2  2  2  0  2  0  2  2  2  2  2  0  2  2  2  2  2  2  2  2  2  2  2  0  2  0  2  0  637  
0  0  2  2  2  2  0  0  0  0  0  2  2  2  2  2  0  2  2  2  0  0  2  2  2  0  2  0  2  0  0  0  0  0  0  2  0  2  0  2  2  2  0  2  0  2  2  2  2  2  0  0  0  0  0  2  0  0  2  2  2  2  2  2  0  0  0  2  0  2  2  2  0  2  0  0  2  2  2  0  2  2  0  2  2  2  0  2  0  0  2  2  0  2  2  2  2  2  2  2  
0  2  2  0  0  0  0  643  0  644  0  0  2  0  2  2  2  0  2  0  2  0  2  0  0  2  2  0  2  2  0  2  2  2  2  2  0  2  2  2  2  2  2  0  0  2  2  0  2  0  648  0  2  2  2  2  2  2  2  2  2  2  0  2  2  0  2  2  2  2  0  2  2  2  2  0  0  2  2  2  2  0  2  2  2  2  0  0  2  2  2  2  2  2  2  2  0  2  2  2  
653  0  2  2  2  0  0  643  643  0  0  643  0  0  2  2  2  2  0  2  2  2  2  2  0  2  2  2  2  0  0  2  0  0  2  2  0  0  0  0  0  2  2  2  0  2  0  2  2  2  2  0  2  2  2  0  2  2  0  2  2  2  2  0  2  2  2  2  2  0  2  2  2  2  2  2  0  2  2  2  0  2  0  2  2  2  2  2  2  2  0  2  2  2  0  0  2  0  2  0  
653  653  0  2  2  2  0  643  643  0  643  643  0  0  0  0  2  2  2  2  2  2  0  0  2  2  2  0  0  0  2  2  2  2  2  0  2  2  0  2  2  2  2  2  0  2  2  2  0  2  2  2  2  2  2  2  2  2  0  0  0  2  0  2  2  0  2  0  2  2  2  0  2  2  2  2  2  2  2  0  0  2  2  2  2  2  2  2  2  2  0  0  2  2  2  2  2  0  0  0  
668  0  653  0  0  0  0  669  0  643  643  643  643  643  643  0  2  2  0  2  2  2  2  2  2  2  2  0  671  0  2  2  2  0  0  2  2  2  2  0  2  0  2  2  0  0  2  2  2  2  2  0  0  2  2  2  2  2  2  0  673  0  0  0  2  2  2  2  0  2  2  2  0  2  0  2  2  2  2  2  2  2  2  2  0  2  2  2  0  0  2  0  674  0  2  2  2  0  675  0  
