0  2  0  3  0  4  4  0  5  0  0  0  6  6  0  7  0  8  0  0  0  9  0  0  0  0  10  0  11  0  0  0  12  0  13  0  14  14  0  0  15  0  0  16  16  0  0  17  17  17  17  0  18  0  0  0  0  0  0  0  0  0  0  19  0  0  0  0  0  0  0  0  0  0  20  20  0  21  0  0  0  0  22  22  0  0  23  0  0  0  24  0  0  25  0  26  26  0  0  0  
27  27  0  0  3  3  0  4  0  0  28  0  29  0  0  0  0  0  0  30  0  0  9  0  0  0  0  0  11  11  0  0  0  0  32  0  0  14  0  33  0  15  0  0  0  0  0  34  0  0  0  0  0  0  0  35  0  0  36  0  0  0  37  0  19  19  0  38  0  0  0  39  0  0  40  0  0  0  0  41  0  42  0  0  0  0  0  0  43  0  0  0  44  0  0  0  0  26  26  0  
0  0  45  0  0  0  0  4  0  0  28  0  0  0  46  0  0  0  0  0  0  0  0  0  0  0  0  0  0  0  0  0  0  47  0  0  0  0  48  0  0  15  0  0  0  0  0  0  49  0  0  0  0  0  50  0  0  51  0  52  0  37  37  0  19  0  0  0  0  0  0  0  0  0  0  0  54  54  0  0  0  0  55  0  0  56  0  57  0  58  0  26  0  0  0  0  26  26  0  0  
0  0  0  0  0  0  0  0  0  61  61  0  0  0  0  0  0  62  62  0  0  0  0  63  0  0  64  0  0  0  0  0  0  0  47  47  47  0  65  0  66  0  15  0  67  0  0  0  0  0  0  68  0  0  69  0  0  70  0  0  52  52  0  37  0  0  71  0  0  72  0  0  73  73  0  0  54  0  54  54  0  75  0  0  0  0  56  0  0  0  0  0  26  26  26  26  26  26  0  76  
0  0  0  0  77  0  78  0  0  0  0  0  79  79  0  0  0  0  0  80  80  80  80  0  0  0  0  0  81  81  0  0  0  0  0  0  0  0  0  0  0  0  0  0  0  0  0  0  0  0  0  0  0  82  0  0  0  0  52  52  52  0  0  37  0  0  0  84  0  72  0  0  73  73  73  0  54  54  0  54  0  0  85  0  0  0  56  0  86  86  0  87  0  26  26  0  0  26  0  0  
0  0  0  0  88  0  0  0  89  89  0  0  79  79  79  0  0  0  0  0  0  0  0  80  80  0  0  0  0  81  0  91  0  92  92  0  93  93  0  0  94  0  0  0  0  0  0  0  0  0  0  0  0  95  0  96  96  0  52  52  52  0  0  0  37  37  0  0  0  98  0  0  0  73  0  0  0  0  54  54  54  54  0  0  0  0  99  0  0  86  0  0  0  100  0  26  0  101  0  102  
0  0  0  0  0  0  103  0  0  89  0  0  0  79  0  104  0  0  0  0  105  0  0  80  0  0  106  0  107  0  108  0  109  0  92  0  0  0  0  0  0  110  0  111  0  112  0  113  0  0  0  0  0  0  0  96  0  0  52  52  52  52  0  0  0  37  0  0  0  0  114  114  0  0  0  0  0  0  0  54  0  0  115  0  0  116  0  0  0  86  0  0  0  0  117  0  0  0  0  0  
0  0  0  0  0  0  0  0  118  0  0  119  119  119  0  0  104  104  0  120  0  0  0  0  80  0  0  106  0  0  121  0  0  0  0  92  0  0  122  122  0  123  0  124  0  0  0  0  113  113  113  0  0  0  0  0  96  96  0  52  0  0  52  0  0  0  0  0  0  0  0  0  0  0  0  0  0  0  0  0  0  0  0  115  0  125  0  126  0  0  86  0  0  127  127  0  128  0  0  129  
0  0  0  0  0  0  0  0  0  0  130  0  0  0  104  104  104  0  0  120  0  0  0  132  0  133  0  0  0  121  121  0  0  135  0  0  136  136  0  0  0  123  0  0  0  137  0  0  113  0  113  113  0  0  0  0  0  96  0  0  0  0  52  52  0  138  0  139  0  140  0  0  0  0  0  141  0  0  0  142  0  0  0  0  0  125  0  0  0  143  0  0  127  127  0  0  0  0  0  0  
0  0  0  0  145  0  146  0  147  0  0  0  148  0  149  0  0  0  0  0  0  0  0  0  0  0  0  0  150  0  0  121  0  0  0  0  136  136  136  0  0  152  0  153  0  154  0  0  0  113  0  0  0  0  0  0  155  155  0  156  0  157  157  0  0  158  0  0  0  0  0  159  159  0  160  0  141  0  0  0  0  0  0  161  0  0  0  162  0  0  0  163  163  0  127  127  0  0  0  164  
0  0  0  0  0  0  0  0  0  0  0  165  0  0  0  0  166  166  0  0  0  0  0  167  0  0  150  150  150  0  0  0  169  0  170  170  0  136  136  0  0  0  0  0  0  0  0  0  0  0  171  0  172  0  0  0  0  0  0  156  0  157  157  0  0  158  0  173  0  174  0  159  159  0  0  175  0  176  0  177  0  178  0  161  0  0  0  0  179  179  179  0  0  180  0  0  181  0  164  164  
0  0  183  183  0  0  184  0  0  0  0  0  0  185  0  0  0  0  0  0  186  0  187  0  0  188  0  0  150  0  0  0  169  169  0  0  0  0  0  136  136  136  0  0  0  190  190  0  191  0  0  0  0  0  0  192  192  0  0  0  0  0  157  0  0  193  0  194  0  174  174  0  0  159  0  0  175  0  0  0  177  0  178  0  0  0  0  0  0  0  0  179  179  0  0  0  196  0  0  0  
197  0  0  0  0  0  0  0  0  0  0  0  0  0  198  0  0  0  199  0  186  0  0  0  0  188  0  0  0  0  0  0  169  169  0  0  200  0  0  0  0  0  201  0  0  190  0  0  0  0  0  0  202  0  0  192  192  0  0  0  203  203  0  0  0  0  0  0  0  174  0  0  0  159  0  0  0  0  0  0  0  204  0  0  205  0  206  0  0  0  0  0  179  0  0  0  0  207  207  207  
0  0  0  0  0  0  0  0  208  0  0  0  0  209  0  198  0  0  0  0  0  0  0  210  0  211  0  212  0  0  0  0  0  169  0  0  0  200  0  213  0  0  214  0  0  0  0  215  0  0  216  0  0  0  217  0  192  0  218  218  0  0  0  0  219  0  220  220  220  220  0  0  0  0  159  159  159  159  0  0  0  0  204  0  0  0  221  0  222  222  0  223  0  0  0  224  0  0  207  0  
225  0  226  0  0  0  227  0  0  228  0  229  0  0  198  198  0  0  0  0  0  0  231  0  0  0  0  0  0  232  0  0  0  0  0  233  0  200  0  213  213  0  0  0  0  234  234  0  0  216  216  216  0  0  217  0  0  0  0  218  218  218  0  0  0  0  0  220  220  0  236  236  0  237  0  159  0  0  0  0  0  238  0  239  0  239  0  0  222  0  0  0  0  0  0  224  0  0  0  0  
241  0  0  226  0  242  0  0  243  243  0  0  0  0  0  0  0  0  0  0  244  244  244  0  0  0  0  0  232  232  232  0  0  246  246  246  0  0  0  0  0  213  0  0  0  234  234  234  234  0  0  0  216  0  248  0  0  0  0  0  0  218  218  218  0  0  220  220  220  0  250  0  236  0  0  0  159  0  251  0  252  0  0  0  239  239  239  0  0  0  0  0  0  0  0  0  224  0  0  0  
241  0  253  0  0  0  0  0  0  243  243  243  0  0  254  254  254  0  255  0  244  0  0  0  256  0  257  0  232  0  0  0  246  246  246  0  0  0  0  0  0  0  0  0  259  0  0  0  0  260  0  0  216  0  0  0  0  0  0  0  0  218  218  218  218  218  0  0  0  261  0  262  0  0  0  0  0  263  0  0  0  264  0  0  239  0  0  0  0  0  265  0  0  0  266  0  0  0  0  267  
0  0  268  0  0  0  269  269  0  0  0  0  0  0  0  254  254  0  270  0  0  0  271  271  0  0  0  0  0  0  272  272  0  0  0  246  0  0  0  0  273  0  274  0  0  0  0  0  0  0  0  0  0  0  0  0  0  0  0  0  0  0  0  218  0  0  0  275  0  0  0  0  0  0  0  0  0  276  0  0  0  277  0  0  0  0  0  0  0  0  0  265  0  278  0  0  279  0  280  0  
0  0  0  281  0  282  0  0  0  0  0  0  0  0  0  0  0  0  0  0  0  0  0  0  0  0  283  0  0  0  272  272  272  0  0  0  284  0  0  0  0  0  0  0  285  285  285  285  0  286  0  287  287  0  0  0  288  0  0  0  0  0  0  0  289  0  0  0  290  0  0  0  291  0  0  0  0  0  0  0  0  0  292  0  293  0  0  294  0  295  0  0  296  0  0  0  0  0  0  297  
0  298  0  281  281  281  0  300  0  0  0  0  301  0  0  0  302  0  0  0  303  303  303  0  0  304  304  0  0  305  0  272  272  0  0  306  0  284  284  0  0  307  0  308  0  285  0  285  0  0  0  287  287  287  287  287  287  0  310  0  0  311  311  0  289  289  0  0  0  0  0  313  0  0  0  0  314  0  0  0  315  315  0  292  0  0  0  294  294  294  0  0  0  0  0  317  0  0  0  0  
318  0  0  0  0  281  0  0  0  0  0  319  0  320  0  0  0  321  321  321  0  303  0  322  322  0  0  0  323  0  0  0  0  0  0  0  0  0  0  0  0  0  0  308  0  0  324  0  325  325  0  0  0  0  287  0  0  310  310  0  0  0  0  0  289  0  0  0  0  0  313  313  313  0  0  0  0  0  0  0  0  0  0  0  294  294  294  294  0  0  0  329  0  0  330  0  331  0  332  0  
0  0  0  0  0  333  0  0  334  0  0  319  319  0  0  336  336  0  0  321  0  337  0  0  0  0  0  338  0  0  0  339  0  340  0  0  341  341  0  0  0  342  0  0  0  343  0  0  0  0  0  344  0  0  0  0  0  0  0  310  0  345  0  0  0  0  346  0  0  347  0  0  0  0  0  0  0  0  348  348  0  349  0  0  294  294  0  0  0  0  351  351  0  0  352  0  0  331  331  0  
353  0  0  0  0  0  0  0  334  0  354  0  0  0  0  336  0  0  355  0  0  0  0  0  0  0  0  338  338  0  356  0  0  340  340  0  0  0  0  357  357  0  358  0  359  0  360  0  0  0  361  0  0  0  0  0  0  362  362  0  0  0  0  363  363  0  0  364  0  0  365  365  0  0  366  0  367  0  348  348  348  0  0  0  294  0  368  0  0  0  0  351  0  352  352  0  0  331  0  0  
353  353  0  371  371  0  372  372  0  334  334  0  0  373  0  0  336  336  336  0  0  0  374  0  0  375  0  0  338  0  0  0  376  0  0  340  0  0  0  377  0  0  0  0  378  0  0  0  379  0  0  361  0  0  0  0  0  0  362  0  380  0  0  0  363  0  381  0  364  0  382  0  365  0  0  0  0  0  0  348  348  0  0  383  0  294  0  0  0  384  384  0  0  0  0  0  0  0  331  0  
0  0  0  0  371  0  372  372  0  0  0  385  0  0  0  0  336  0  0  386  0  387  0  0  0  375  0  0  0  0  0  0  376  376  0  0  388  0  389  0  0  0  390  390  0  0  0  0  0  0  0  361  0  391  0  0  0  392  0  0  0  393  0  363  363  0  381  0  0  0  0  0  0  0  0  0  395  395  0  0  348  0  0  0  0  0  0  0  0  384  0  0  396  396  0  0  397  0  0  0  
0  398  0  0  0  0  0  0  0  0  0  385  385  0  0  400  0  0  0  0  0  0  0  0  401  0  0  402  402  0  0  403  0  0  0  404  0  0  0  0  0  0  390  390  390  0  0  0  0  406  0  0  361  0  391  391  391  0  0  393  393  393  393  0  363  0  0  0  0  0  0  408  0  0  0  0  409  0  0  0  410  0  0  411  0  412  0  0  0  0  384  384  384  0  0  0  0  0  0  0  
0  0  0  0  413  0  0  414  0  385  385  385  0  0  400  400  400  400  0  417  0  0  0  0  0  0  418  0  0  0  0  403  0  0  0  404  0  0  419  0  420  0  0  0  0  421  421  421  0  0  0  0  0  0  0  0  0  0  393  393  393  393  0  0  0  0  0  423  0  424  424  0  0  0  0  0  0  0  425  0  0  426  0  0  0  412  412  412  0  384  384  384  384  384  0  0  428  0  0  0  
429  0  430  430  0  0  0  431  0  0  385  0  0  432  0  0  0  0  0  433  0  0  434  434  0  0  0  0  435  0  0  403  403  0  437  0  0  419  419  419  0  420  420  420  420  420  0  0  421  0  0  0  0  0  0  0  0  439  0  0  0  393  393  0  440  0  0  0  0  0  0  424  424  0  441  441  0  0  442  0  443  0  426  0  0  0  0  0  0  0  0  0  384  0  384  0  0  0  444  0  
0  430  430  0  0  446  0  0  0  0  0  0  0  0  0  447  0  0  433  433  0  449  0  434  434  0  450  0  0  0  451  0  403  0  0  0  0  0  0  0  0  420  0  0  0  0  452  0  0  0  453  0  0  0  454  0  0  0  0  0  0  0  0  440  440  440  0  0  0  456  0  424  424  0  0  0  457  0  0  0  0  0  0  0  0  0  0  0  0  0  0  0  0  0  0  458  0  0  444  0  
0  0  430  0  0  0  446  446  0  459  459  0  0  0  0  0  447  0  0  0  0  0  0  0  0  434  0  0  0  0  0  0  0  0  460  460  0  0  0  461  0  462  0  463  463  463  0  452  0  0  0  453  453  453  0  454  454  0  464  0  465  465  465  0  0  440  440  440  0  0  0  466  0  424  0  0  0  457  0  0  467  467  0  468  468  468  0  469  469  0  0  470  470  470  470  0  0  471  0  444  
0  430  430  430  430  0  0  0  459  459  0  0  474  0  0  0  447  0  0  475  0  476  0  0  0  0  0  477  0  0  0  0  478  478  0  0  0  0  479  0  0  0  0  0  463  0  0  452  0  0  0  0  453  0  480  0  0  0  0  0  0  0  0  0  0  0  0  0  481  481  0  0  0  0  0  0  0  0  0  0  467  0  482  0  0  0  0  0  0  0  0  0  0  0  0  0  471  471  0  0  
0  484  0  430  0  430  0  0  0  0  0  0  0  0  0  0  0  447  0  485  0  486  0  487  0  488  0  0  0  489  0  0  0  478  478  0  0  0  0  0  490  0  0  0  0  0  491  491  0  492  0  0  0  453  0  0  0  0  0  0  0  493  493  0  0  0  0  0  0  0  0  0  0  494  0  0  0  495  0  0  0  0  0  0  496  496  0  0  0  0  0  497  497  497  497  0  0  0  0  0  
484  484  484  0  0  0  0  0  0  499  0  0  0  500  0  0  0  0  501  0  502  0  0  487  0  488  488  488  0  0  0  0  503  0  478  478  0  0  0  0  0  0  0  0  0  0  491  0  0  0  0  504  0  453  453  0  0  0  505  0  506  0  0  0  507  507  0  0  508  508  0  494  494  494  494  0  495  495  495  495  0  0  0  0  0  0  0  0  0  0  511  0  0  0  0  0  0  0  0  512  
0  484  0  484  484  484  484  0  0  513  0  0  0  0  500  0  0  514  514  0  0  0  0  0  0  0  0  0  0  515  515  0  516  0  517  0  0  518  0  519  519  0  0  520  520  0  521  0  0  0  522  0  0  0  453  0  0  0  0  0  0  0  0  0  523  0  507  0  0  0  0  494  494  494  0  0  0  0  0  495  0  525  525  525  0  0  0  0  0  0  0  0  0  0  0  0  0  526  0  0  
527  0  0  0  0  0  0  0  513  513  0  0  500  500  500  0  530  0  0  0  530  530  530  530  0  0  0  0  0  0  0  532  0  533  0  0  534  0  0  0  0  0  0  0  520  0  521  0  0  0  0  535  0  0  453  0  536  0  0  537  0  0  538  0  0  0  0  0  539  539  0  494  0  0  0  540  0  0  0  495  0  0  525  0  0  0  0  541  0  0  542  0  0  0  543  0  0  526  0  0  
544  0  0  0  0  0  0  0  0  0  0  500  500  500  0  500  0  530  530  0  530  530  530  530  0  0  0  0  547  0  0  0  0  548  0  0  0  534  0  0  0  0  0  549  0  0  0  0  0  0  0  0  0  0  550  0  0  0  0  551  0  552  0  538  0  538  0  0  0  0  0  0  0  0  0  554  0  0  0  0  495  495  0  0  0  555  0  556  0  557  0  0  0  543  543  543  0  0  526  0  
0  0  559  0  0  0  560  560  560  0  0  0  0  0  0  0  0  0  530  530  530  530  530  530  0  0  0  547  547  0  0  0  0  0  0  0  0  0  0  0  0  0  562  0  0  0  563  0  0  0  564  0  0  0  0  0  0  565  0  0  552  552  0  538  538  538  538  0  0  0  0  0  567  0  0  0  0  568  0  0  495  0  0  0  0  555  0  556  0  0  569  0  0  0  0  543  0  570  0  0  
0  0  0  0  571  0  572  0  0  0  0  0  0  0  0  0  573  573  573  0  0  0  530  0  530  530  0  0  0  0  574  0  0  0  575  575  0  576  0  577  0  0  0  0  578  0  0  0  0  0  0  0  0  579  0  0  580  0  0  0  0  552  0  538  538  0  0  0  582  0  0  0  0  567  0  0  583  0  0  0  0  0  584  584  0  0  0  0  556  0  0  569  0  0  0  0  543  0  570  570  
0  0  585  0  0  0  572  0  0  0  0  586  0  0  587  0  0  0  0  0  530  530  530  0  0  0  0  0  0  589  0  0  0  575  575  575  0  576  0  0  591  0  0  0  0  592  592  592  0  593  0  0  0  0  594  594  0  0  595  0  0  0  538  538  0  597  597  0  0  0  0  567  567  567  0  599  0  0  0  0  0  0  0  0  0  0  0  0  556  556  0  0  0  0  0  0  0  0  570  570  
0  600  0  0  0  601  0  0  0  0  0  0  586  0  0  0  0  602  602  0  0  0  0  0  0  603  0  0  0  0  589  589  0  0  0  0  575  575  0  0  0  0  0  0  604  0  0  0  0  0  0  0  605  0  606  0  0  0  607  0  0  608  608  0  538  0  0  597  0  0  0  0  0  0  0  0  0  0  0  609  0  610  0  0  0  611  611  0  0  0  556  0  612  0  0  613  0  614  0  0  
0  0  0  0  615  0  0  616  0  0  617  617  0  0  0  618  0  0  602  602  0  602  0  0  0  603  0  0  0  620  0  0  621  621  0  575  575  0  623  0  624  0  0  0  604  0  0  0  0  625  0  0  0  626  0  627  627  0  0  0  0  608  0  0  538  0  0  597  0  0  628  0  0  0  0  0  0  0  0  0  0  0  0  629  0  611  0  0  556  556  556  0  0  0  0  0  0  0  0  0  
0  0  0  0  631  0  0  0  0  632  0  0  617  0  0  633  0  0  634  0  602  602  602  602  0  0  0  635  635  0  0  0  0  0  0  0  0  0  0  0  0  0  636  636  0  0  0  0  0  625  625  625  0  0  0  0  627  0  0  0  638  0  608  0  0  0  0  639  0  0  0  0  0  0  0  0  640  640  640  0  0  0  0  0  0  0  611  611  0  556  0  0  0  641  0  0  0  0  0  642  
0  0  643  0  0  644  0  645  0  0  0  0  0  646  646  0  647  647  0  602  602  0  0  0  649  649  0  0  0  650  0  0  0  0  0  0  0  651  651  0  0  0  0  636  0  0  0  0  625  625  0  0  0  0  0  0  0  653  0  0  0  0  0  654  654  0  655  0  0  0  656  0  657  0  658  0  640  0  0  0  659  659  0  660  660  0  611  0  0  556  0  0  661  0  0  0  662  0  0  642  
663  0  0  0  664  0  0  0  0  0  0  0  665  665  0  0  0  647  0  666  0  0  0  0  0  0  0  667  0  668  0  669  669  0  670  0  0  0  0  0  671  0  0  636  636  0  0  673  673  0  0  0  0  674  0  0  0  0  0  675  675  675  0  0  654  0  655  655  0  677  0  0  0  0  0  658  0  640  0  678  0  659  0  0  0  0  0  0  0  0  556  0  679  0  0  0  680  0  0  681  
663  0  0  682  0  0  683  0  0  684  0  665  665  665  665  665  0  0  666  666  0  0  0  687  0  0  0  0  0  668  0  0  0  670  670  0  0  0  0  0  0  0  689  0  0  0  0  673  0  0  0  0  0  0  0  0  0  0  0  0  0  675  0  0  0  655  655  655  0  0  691  0  0  692  0  0  693  0  0  0  0  0  0  0  694  694  0  0  695  0  0  0  0  0  0  696  0  0  0  0  
0  0  0  0  0  683  683  683  0  684  684  0  0  665  0  0  0  0  0  666  0  0  0  699  0  0  700  0  0  701  0  0  702  702  0  0  703  703  703  0  0  704  0  689  0  705  705  0  0  0  706  706  0  0  0  0  707  0  0  0  0  0  0  0  708  0  0  0  0  0  691  691  691  0  0  0  710  0  711  0  712  0  712  0  0  0  0  0  0  695  695  0  0  0  0  0  0  0  0  0  
0  0  714  0  0  0  683  0  0  0  0  0  0  0  715  715  715  715  0  0  0  716  0  699  0  700  700  0  701  701  701  0  702  702  0  0  0  0  0  0  0  0  719  0  705  705  0  0  0  0  0  0  0  0  0  0  0  0  721  0  0  722  0  0  0  723  0  0  0  0  0  0  0  0  0  0  710  0  0  0  712  712  712  712  0  0  724  0  0  0  0  725  0  0  725  725  0  725  0  0  
0  0  0  0  0  0  728  0  0  729  0  730  0  0  0  715  715  0  715  0  0  0  716  0  0  0  0  700  0  701  0  0  0  0  0  731  0  732  0  733  0  0  0  0  0  0  0  734  734  0  734  0  0  736  736  0  0  0  0  0  0  0  0  0  0  737  0  0  0  738  738  0  0  739  739  0  740  0  741  0  0  0  0  0  0  742  0  724  724  0  0  0  725  725  725  725  0  0  725  0  
0  0  0  0  743  0  728  728  0  0  744  0  0  0  715  715  0  746  0  0  0  0  0  0  0  0  0  0  0  701  0  747  0  0  0  0  0  0  0  0  748  0  749  0  0  0  734  734  734  734  734  0  0  736  0  751  0  0  0  0  752  752  0  753  0  737  0  0  0  0  738  0  739  739  0  0  0  0  0  0  0  755  755  0  0  0  0  0  724  0  0  756  0  725  0  725  725  725  725  0  
0  0  0  757  0  0  0  0  0  0  0  744  0  0  0  0  0  0  0  0  0  0  0  758  0  0  0  0  0  0  0  0  0  0  759  0  0  0  760  0  761  0  0  0  762  0  0  0  0  0  0  734  0  0  736  0  0  0  0  0  0  0  0  0  0  0  0  763  0  0  764  0  764  0  0  0  766  0  0  0  0  0  755  0  0  0  0  0  0  0  0  0  0  0  0  0  725  0  0  0  
0  0  0  0  0  767  0  768  768  0  0  0  0  0  769  769  0  0  770  0  0  0  0  0  0  771  771  0  0  0  0  772  0  773  0  0  774  0  0  761  761  0  0  762  762  0  0  777  0  0  778  0  0  0  0  0  779  0  0  0  0  0  0  763  0  0  763  763  763  0  764  764  764  764  764  0  0  782  0  783  0  0  0  0  0  0  784  0  0  0  0  0  0  0  785  0  0  786  0  787  
0  788  0  0  0  0  767  767  0  0  0  0  0  0  0  769  0  0  0  0  0  0  789  0  790  0  0  0  0  0  772  772  772  0  0  0  792  0  793  0  0  0  0  794  0  0  0  777  777  777  0  778  778  0  796  0  779  779  0  0  798  798  0  0  763  0  763  763  763  763  0  0  764  0  0  0  800  800  0  0  783  783  0  0  0  0  801  0  0  0  0  802  802  0  0  785  0  0  0  803  
0  0  804  804  0  805  0  767  0  0  0  0  0  806  0  0  807  807  0  808  0  809  0  790  790  790  790  0  0  0  0  772  0  0  0  811  0  0  0  812  0  813  0  0  0  0  0  0  0  0  0  778  0  0  0  779  779  779  0  0  0  0  815  0  763  763  763  0  0  0  816  816  0  0  0  0  0  0  0  0  783  0  0  0  817  0  801  0  0  818  0  0  0  0  0  785  0  0  0  803  
0  819  0  804  0  0  0  0  0  0  820  820  820  0  0  821  0  0  0  0  0  822  0  823  0  0  0  0  0  0  0  772  772  0  0  0  811  0  0  0  812  0  0  0  825  0  0  826  0  827  827  0  0  828  828  0  0  779  0  0  0  0  0  815  0  0  0  0  0  0  0  0  0  0  829  0  0  0  0  830  0  0  0  831  0  0  0  0  0  0  818  0  0  0  0  0  785  0  0  0  
0  0  0  0  0  0  832  0  0  0  820  0  0  0  821  821  0  0  834  834  0  0  823  823  823  0  0  0  0  0  0  0  0  836  0  0  811  811  0  0  0  0  837  837  0  0  0  0  838  0  0  0  0  828  0  0  0  0  0  0  0  0  839  0  0  0  840  0  841  0  842  0  0  0  829  829  0  843  0  0  0  844  844  0  0  0  0  0  0  0  0  0  0  0  0  0  0  0  845  0  
846  0  0  0  0  0  0  832  0  847  847  0  848  0  0  0  0  0  0  834  0  0  0  823  0  0  0  0  0  0  849  0  0  0  0  0  850  0  0  0  0  851  0  0  0  0  852  0  0  838  0  853  853  0  828  0  0  854  854  0  0  855  0  0  0  856  0  0  857  0  0  0  0  858  0  829  0  0  0  0  844  844  844  844  0  0  860  860  0  0  861  0  0  0  0  0  0  0  0  0  
0  862  0  0  0  0  0  0  863  0  0  864  0  0  0  865  0  0  0  0  866  0  0  0  0  0  0  0  867  0  0  0  868  0  0  0  0  0  869  869  869  0  0  0  0  0  0  0  0  0  0  0  0  0  0  0  870  0  0  0  871  0  0  872  0  0  873  873  0  0  0  874  0  0  875  0  0  0  0  0  0  0  844  844  0  860  860  0  0  877  0  0  0  0  878  0  0  879  0  0  
880  0  0  0  0  0  0  0  0  0  0  0  864  864  0  881  0  882  0  0  0  0  0  0  0  0  0  0  0  867  0  0  883  0  0  884  0  0  0  0  0  0  0  885  885  0  886  886  0  0  887  0  0  0  0  888  0  0  889  0  0  0  0  0  0  890  0  873  873  873  0  891  0  892  0  0  0  893  0  0  0  0  894  0  0  0  860  0  895  0  877  0  896  896  0  0  897  0  0  0  
0  898  0  0  0  0  899  0  900  0  0  0  0  864  0  0  0  0  901  0  0  0  0  0  0  0  0  902  0  867  0  0  0  0  0  0  903  0  0  0  0  0  0  0  885  0  0  0  904  0  887  0  0  0  0  0  0  0  0  0  905  0  0  906  0  0  0  0  0  873  873  0  907  0  0  0  908  0  0  0  0  0  894  894  0  0  860  0  0  0  0  0  0  0  0  0  0  909  0  0  
910  0  0  0  0  0  0  899  0  0  0  0  0  0  0  911  0  0  0  901  0  901  0  0  0  0  0  913  0  0  867  0  0  0  0  914  0  903  903  0  0  0  0  0  0  0  0  915  915  0  0  0  916  916  0  917  0  0  0  0  0  905  905  0  906  906  0  918  0  0  0  0  0  0  919  919  919  0  0  920  0  0  0  0  0  860  860  860  0  0  922  0  0  0  0  0  0  0  0  923  
0  924  0  0  0  0  0  0  0  0  0  0  0  0  0  0  0  0  0  901  901  901  901  0  0  925  925  0  0  926  0  0  0  927  927  0  903  903  903  0  929  929  0  0  0  0  0  915  0  930  930  0  0  0  917  917  0  0  0  0  0  905  0  0  0  906  0  0  0  0  0  932  0  0  0  919  0  0  0  0  0  0  0  0  0  860  0  0  0  922  922  0  0  0  0  0  0  934  0  0  
935  0  924  0  0  0  936  0  0  0  0  0  937  0  0  938  938  938  0  0  0  0  0  0  0  939  0  0  926  926  926  0  941  941  0  0  0  903  903  0  0  0  0  942  0  0  0  0  0  0  930  0  0  0  943  0  0  0  0  0  0  0  0  0  0  0  0  0  0  0  0  0  932  0  944  0  0  0  945  0  0  0  946  946  0  0  0  947  0  948  0  922  0  0  0  0  0  934  934  0  
0  924  924  0  0  0  936  0  951  0  952  0  0  0  0  0  938  938  0  953  0  954  0  0  0  0  0  0  0  0  0  0  0  941  0  0  0  0  0  0  0  955  955  0  0  956  0  0  0  930  930  0  0  0  0  958  0  0  959  959  959  0  0  960  0  0  0  0  961  961  0  0  932  932  0  0  0  0  0  0  0  0  0  0  0  962  0  0  0  0  0  0  963  963  0  0  964  0  934  0  
0  965  0  924  0  0  0  936  0  0  966  0  0  0  0  0  0  0  938  938  0  0  954  0  0  967  967  0  0  968  0  0  969  969  0  970  0  0  0  971  0  0  955  0  0  0  0  972  0  0  930  0  973  0  0  0  0  0  0  0  959  959  0  960  960  0  0  975  0  0  961  961  0  0  932  0  0  976  976  0  0  0  0  0  0  962  962  0  978  0  0  0  979  0  0  980  0  0  0  0  
0  0  0  924  0  0  0  936  0  0  0  981  0  982  0  983  983  0  0  0  0  0  0  984  984  0  0  0  0  0  0  0  0  0  0  0  0  0  0  0  985  0  0  0  986  0  0  0  0  0  930  0  0  0  987  0  0  0  988  0  959  0  989  0  0  0  990  0  991  0  0  0  0  0  0  992  0  0  0  993  993  0  0  0  0  0  0  978  978  978  0  995  0  0  0  0  0  0  0  996  
997  0  0  0  0  0  0  0  0  0  0  0  0  998  0  0  0  0  999  0  0  0  1000  0  0  984  0  0  0  1001  0  0  0  0  0  1002  0  0  0  1003  0  985  0  0  0  986  0  0  0  0  0  930  0  0  0  0  0  0  0  0  1004  0  0  0  0  0  0  0  1005  0  1006  0  0  0  0  1007  0  0  1008  0  0  0  0  0  0  0  0  0  0  978  0  0  0  0  0  0  0  0  1009  1009  
997  0  1010  0  0  0  0  0  0  0  1011  0  0  0  0  1012  1012  1012  0  1013  1013  1013  0  0  0  984  0  0  0  0  0  1014  1014  1014  0  0  1015  0  0  0  0  985  0  0  0  0  0  0  0  0  0  0  0  0  1016  0  0  0  0  1017  0  0  0  1018  0  0  0  0  1005  0  0  0  1019  0  0  0  1020  1020  0  0  1021  0  0  0  0  0  1022  0  0  0  0  0  0  1023  0  0  0  0  1009  0  
0  0  0  0  0  1024  0  0  0  0  1025  0  0  0  0  1026  0  0  1012  1012  0  0  0  0  984  984  984  984  0  0  1028  1028  0  1014  0  0  0  0  0  0  0  0  985  0  0  1029  0  0  1030  1030  0  0  0  0  1031  0  0  0  1017  1017  1017  1017  0  1018  1018  0  0  0  0  0  0  0  1034  0  0  0  1035  0  0  0  0  0  0  0  1036  0  0  1022  1022  0  1037  1037  1037  1037  0  0  0  1038  0  0  
0  0  0  0  0  0  1039  1039  0  1040  0  0  0  0  0  0  0  1041  0  0  0  0  0  1042  0  0  0  0  0  0  0  0  1014  1014  1014  0  0  0  0  1044  0  1045  0  0  0  0  0  1046  0  1030  0  1047  1047  0  1031  0  0  1017  1017  1017  0  0  0  1018  0  1049  0  0  0  0  1050  0  0  1051  0  1052  0  1053  0  0  0  0  0  0  0  1022  1022  1022  1022  0  1037  0  0  0  0  0  0  0  1055  1055  
1056  0  1057  0  0  0  0  1039  0  0  1040  0  1058  0  1059  0  0  0  0  0  0  0  1042  1042  1042  1042  0  1061  0  0  0  0  1062  0  0  0  0  1063  0  0  0  1064  0  0  0  1065  1065  1065  0  0  1030  1030  0  0  1066  0  0  0  0  1017  0  0  1067  1067  0  1049  1049  0  1069  0  1050  1050  1050  1050  0  0  0  0  1053  0  1071  0  0  0  0  1022  1022  0  1022  0  0  0  1073  1073  0  0  0  1074  1074  0  
1056  0  1057  0  1075  1075  0  0  0  0  0  0  1058  0  1059  0  0  0  0  1076  1076  0  0  0  0  0  1077  0  1078  0  1079  0  1062  0  1080  0  0  0  0  1081  1081  0  0  0  0  0  0  1065  0  0  1030  0  0  0  1066  1066  1066  0  0  0  0  0  0  0  0  1049  0  1082  0  1083  0  1050  0  1050  0  0  0  0  1053  1053  0  0  0  0  0  0  1022  0  0  0  1084  0  0  0  0  0  0  1074  0  0  
0  0  1085  0  1086  0  0  1087  0  1088  0  1089  0  0  1090  0  0  0  0  0  0  1076  0  0  0  0  1091  0  0  0  0  1079  0  0  0  0  0  0  1092  0  1081  1081  0  0  1093  0  0  0  1065  0  0  0  1094  0  0  0  0  0  0  0  0  0  0  0  1095  0  0  1096  0  0  1083  1083  0  1097  0  0  1098  1098  0  0  0  1099  0  1100  0  0  1101  0  0  0  1084  1084  1084  0  0  1103  0  0  0  0  
1085  1085  1085  0  1086  1086  1086  0  0  0  0  0  1105  0  1090  1090  0  1106  0  0  0  0  1107  0  0  1091  1091  1091  0  0  0  0  0  0  0  0  0  0  0  1081  1081  0  1110  1110  0  1111  0  0  1065  0  1094  1094  1094  0  0  0  0  1113  1113  0  1114  0  0  1095  1095  0  0  1096  1096  1096  0  0  0  0  0  0  0  0  0  0  1099  1099  0  1100  1100  0  1101  0  0  1117  0  1084  1084  1084  0  1103  0  0  1118  1118  
1085  1085  0  1085  1085  0  0  1086  1086  1086  0  1120  0  0  1090  1090  0  1122  0  1123  1123  0  0  0  1124  0  0  1091  0  0  0  0  0  1125  0  1126  0  0  0  1081  1081  0  1128  0  1110  0  0  0  1129  0  0  0  1094  1094  1094  0  0  0  1113  0  0  0  1130  0  0  0  0  0  0  0  0  0  1131  0  1132  0  1133  0  1134  0  1099  1099  0  0  1100  0  1136  0  1137  1137  0  1084  1084  0  1084  0  1103  0  0  0  
1085  0  0  1085  1085  1085  1085  0  0  0  0  0  0  0  0  0  0  1122  1122  0  1123  1123  0  1124  1124  0  1140  0  0  1141  1141  1141  1141  0  0  0  1142  0  0  0  0  0  0  1143  0  0  1144  0  1129  0  0  1145  0  0  0  0  0  0  0  0  0  0  1130  0  1146  1146  0  0  0  0  0  1147  0  0  0  1133  1133  0  1134  0  0  1099  0  1149  0  0  1136  0  0  0  0  0  0  0  0  0  0  1150  0  0  
0  1085  1085  1085  0  1085  0  0  0  1151  0  1152  1152  0  0  0  1153  0  0  0  0  1123  0  0  0  1124  0  0  1154  1154  0  0  1141  0  0  0  1155  0  0  1156  1156  0  0  0  1143  0  1157  0  0  0  0  1158  0  0  0  0  0  0  0  1159  0  1130  1130  1130  0  0  0  0  1161  1161  0  0  0  0  1162  0  0  0  1163  0  0  1164  0  1165  0  0  0  1136  0  0  0  0  0  0  0  1166  1166  0  0  1167  
0  0  0  0  1168  0  0  0  0  0  0  0  0  0  0  0  0  0  0  0  0  1123  1123  0  0  1124  0  0  1154  1154  1154  0  0  1155  1155  1155  1155  0  0  0  0  0  0  0  0  0  0  0  1170  0  0  1158  0  0  0  1171  0  0  0  1159  0  0  0  1130  0  0  0  0  0  0  1172  0  1162  1162  1162  0  0  0  0  1174  0  1164  0  1165  0  0  0  0  0  0  0  0  0  0  0  1166  0  0  1167  1167  
0  0  0  1176  0  1168  1168  0  0  0  0  0  0  0  0  0  0  0  1177  0  0  0  1123  1123  0  0  0  1178  0  0  0  1154  0  1155  1155  0  1155  1155  0  1180  0  0  0  1181  0  1182  1182  0  0  0  1183  0  1158  0  0  0  0  1184  0  1185  0  0  0  0  0  0  0  0  1186  0  0  0  0  0  0  0  0  0  0  0  0  0  0  0  1165  1165  0  1187  1187  0  0  1188  0  1189  0  0  0  0  0  0  
0  0  0  0  1190  0  1168  0  1191  0  0  0  0  0  0  0  0  1192  0  0  0  0  0  0  1193  1193  0  0  0  0  1194  0  1195  0  0  1196  0  0  0  0  0  1197  0  0  0  0  0  1198  0  0  1183  0  0  1199  1199  0  0  0  0  1185  1185  0  0  0  0  0  0  0  0  0  0  0  0  0  0  1200  0  0  0  0  0  0  0  0  0  1165  1165  0  0  0  0  0  1189  1189  1189  0  0  0  1202  0  
1203  0  0  0  1190  1190  1190  0  0  0  0  1205  0  0  0  0  0  0  1192  0  1206  0  0  0  0  1193  0  0  0  1195  0  0  1195  1195  0  1209  0  0  0  1210  0  1197  1197  0  1212  0  1198  1198  1198  0  0  0  1214  0  0  0  1215  0  1216  1216  0  0  1217  0  0  1218  0  0  1219  0  1220  1220  0  1221  1221  1221  0  0  1222  0  0  0  0  0  1223  1223  0  0  1224  1224  1224  1224  0  0  1189  0  1225  0  1202  1202  
0  0  0  1227  0  0  0  0  1228  0  1229  0  1230  0  0  0  0  1231  0  0  0  1232  0  0  0  0  0  1233  0  1195  1195  1195  0  1195  0  0  1234  0  0  0  1197  1197  0  0  1212  0  0  0  1198  1198  0  0  0  1236  1236  0  0  0  1216  0  0  0  0  1237  0  1218  1218  1218  0  1238  0  0  1239  0  1221  0  0  0  0  0  0  0  0  1223  1223  1223  0  0  0  0  0  1224  0  1241  0  0  1225  1225  0  0  
1242  0  0  1243  0  0  0  0  0  0  0  0  0  1230  1230  0  0  1244  0  1245  0  0  1232  1232  0  1233  1233  1233  1233  0  0  0  1195  1195  1195  1195  0  0  0  1247  0  0  0  0  0  0  0  0  0  1198  0  0  0  0  0  1236  0  0  1216  1216  0  1249  0  1250  0  0  1218  1218  0  0  1238  0  0  1239  0  1221  1221  0  1251  1251  0  0  0  0  0  1223  0  0  1252  1252  0  0  0  0  1241  1241  0  0  0  0  
0  1253  0  1243  0  1243  0  1255  1255  0  0  0  0  0  0  0  0  0  0  1245  0  1232  0  1232  0  0  0  0  1233  1233  1233  0  0  0  0  0  1257  1257  1257  0  1258  0  0  1259  0  0  1260  1260  0  0  0  0  0  0  0  0  0  0  0  1216  0  1249  0  0  0  0  0  0  1238  1238  1238  0  0  0  1262  0  0  1263  0  0  0  0  0  1264  0  1223  0  1265  0  0  0  0  1241  1241  1241  1241  0  0  0  0  
1267  0  1253  0  1243  1243  1243  1243  0  0  0  0  0  0  1268  0  0  0  0  0  1245  0  1232  1232  1232  0  0  0  0  0  0  0  0  0  1269  0  0  1257  1257  1257  0  0  0  0  0  0  0  1260  0  0  1270  1270  1270  1270  0  0  0  0  0  1216  1216  0  0  0  1272  1272  0  1273  1273  0  0  0  0  0  0  1262  0  0  1263  1263  1263  0  1274  1274  0  1223  1223  0  0  0  1276  0  0  0  0  0  1241  0  1277  1277  
0  0  1253  0  0  0  1243  0  1278  0  0  0  0  0  0  0  0  0  1279  0  0  0  0  0  0  0  1280  0  1281  0  0  1282  1282  0  0  0  0  1257  0  0  0  0  0  0  1283  0  0  0  0  0  0  0  1270  0  0  0  0  0  0  1216  0  0  0  0  1272  1272  1272  0  1273  0  0  0  0  0  0  0  0  0  1263  1263  0  0  0  0  1223  1223  0  0  0  0  0  0  0  0  0  0  0  0  1277  1277  
0  0  1285  0  1286  1286  0  0  0  0  1287  0  1288  0  1289  0  0  1290  0  1279  0  0  1291  1291  0  0  0  0  0  0  0  0  0  0  0  1292  0  1293  0  0  0  0  0  0  0  0  0  0  1294  0  0  0  1295  0  0  0  0  1296  0  1297  0  1298  0  1299  0  0  0  0  1300  0  1301  0  1302  0  0  1303  0  1304  0  1263  0  1263  1263  0  0  0  0  0  1306  0  0  0  0  1307  0  1308  0  1309  0  1277  
1310  0  0  0  0  0  0  0  0  1311  0  0  0  0  0  0  1312  0  0  0  0  0  0  0  0  0  0  1313  0  0  0  0  0  0  0  0  1293  1293  0  0  0  0  0  0  1315  1315  0  1316  0  0  1317  0  0  0  0  1318  0  0  0  0  0  0  1319  0  0  0  0  1320  0  0  1301  0  0  1321  0  0  1322  0  1263  1263  1263  1263  0  0  0  0  0  0  0  1324  0  0  0  0  0  0  0  0  1277  1277  
0  0  0  0  0  1326  1326  1326  0  1327  0  1328  1328  1328  0  0  0  0  0  0  0  0  0  0  0  1329  0  0  0  0  0  0  1330  1330  0  0  0  0  0  0  1331  1331  0  0  0  1315  0  1332  0  0  0  0  0  1333  0  0  0  1334  0  1335  0  0  0  0  0  0  1336  0  0  0  0  0  1337  0  1321  0  0  0  0  0  1263  1263  1263  0  0  0  1338  0  1339  0  0  0  0  0  1340  0  0  1341  1341  0  
1342  0  0  1343  0  0  0  0  0  1327  1327  0  1328  1328  0  0  0  0  0  0  0  1344  0  0  0  1329  0  0  0  1345  1345  0  0  0  0  0  0  0  0  0  0  0  1346  0  0  0  0  0  0  0  0  0  0  1333  0  0  1334  1334  0  0  0  0  0  0  0  0  0  0  0  0  1348  0  0  1349  0  0  0  1350  1350  0  0  0  0  0  1351  0  0  1339  1339  0  0  0  0  1353  0  0  0  0  0  1354  
0  1342  0  0  0  1355  0  0  0  0  0  0  0  0  0  0  1356  0  0  1357  1357  0  1344  1344  0  0  1329  0  0  0  1345  0  1358  0  1359  0  1360  0  0  1361  0  1362  0  0  0  1363  0  0  0  0  1364  1364  1364  0  0  0  0  1334  0  0  0  0  0  0  1365  0  0  0  0  0  0  0  1366  0  0  0  0  1350  1350  0  1368  0  1369  0  1351  1351  0  1339  1339  1339  0  0  0  0  1353  1353  0  1372  0  1373  
0  0  0  0  0  0  0  1374  1374  0  0  0  0  1356  1356  1356  1356  0  0  0  0  0  1344  0  0  0  0  0  1376  1376  0  0  1358  0  0  0  1360  0  0  0  0  0  0  0  1377  0  0  0  0  1364  1364  0  1364  0  1379  0  1334  1334  0  1381  1381  1381  0  0  0  0  1382  1382  0  1366  0  1366  1366  1366  0  0  0  0  0  0  1368  0  0  0  0  1351  0  0  0  1339  1339  1339  0  0  0  0  0  1372  0  0  
0  1385  0  1386  1386  0  1387  0  1374  0  0  0  1388  0  0  1356  0  0  1389  0  0  0  0  1344  0  1390  0  0  0  0  1376  0  0  0  0  1391  1391  0  0  0  0  0  1392  0  0  0  0  0  0  1393  0  0  0  1364  0  0  0  0  1334  1334  0  0  0  0  0  0  0  1382  0  1366  1366  1366  1366  0  0  1395  0  1396  0  0  0  1368  1368  0  0  0  0  0  0  0  0  0  0  0  0  1397  0  1372  1372  0  
0  0  1386  1386  0  0  0  0  0  0  0  0  0  0  1400  0  1401  0  0  1344  1344  1344  1344  1344  0  1390  0  0  0  1376  1376  1376  1376  0  0  0  0  0  1404  0  1405  0  0  1406  1406  0  1407  0  1408  0  1409  0  0  0  0  0  1410  0  1334  0  0  0  0  0  0  1411  0  0  0  0  1366  0  0  0  0  0  0  1396  0  1412  0  0  0  0  1413  0  1414  0  0  0  0  1415  1415  1415  0  1397  0  0  1372  1372  
0  1416  0  1386  1386  0  0  0  0  0  1417  0  0  1418  0  0  0  0  1419  0  0  0  1344  0  1344  0  1390  0  0  0  1376  1376  0  1376  0  1420  0  1421  0  1404  0  0  0  0  1406  0  0  0  0  0  0  0  1422  0  1423  1423  0  0  1334  1334  0  0  0  1425  0  0  1411  0  1426  0  1427  0  0  0  1428  0  1428  0  0  0  0  0  1430  0  0  0  0  0  1431  0  1432  0  0  1415  1415  0  0  0  0  0  
1416  1416  0  0  1386  0  0  0  1434  0  0  0  0  1418  0  0  0  1435  0  1436  0  0  0  0  0  0  1390  0  0  0  1376  1376  0  0  0  1420  0  0  0  0  0  1437  0  0  0  0  0  0  0  1422  0  1422  1422  0  0  0  1440  1440  0  1334  0  0  1441  0  0  1442  0  0  1426  0  1427  0  1443  0  1428  1428  1428  1428  0  0  1444  1444  0  1445  0  0  1446  0  0  1447  0  0  0  1415  1415  1415  0  0  0  0  
0  1416  1416  0  0  0  1448  0  1449  0  0  0  1450  0  0  0  1451  0  0  0  0  0  1452  1452  0  0  0  0  0  0  0  0  0  0  1453  1453  0  0  0  1454  0  1455  0  0  0  0  0  0  0  1422  1422  1422  1422  0  1457  0  1440  1440  0  0  0  0  0  1441  0  1459  0  1460  1460  0  0  0  0  0  0  0  0  0  0  0  0  0  0  1445  1445  0  0  0  0  1447  1447  0  0  0  1415  1415  1415  1415  0  0  
0  0  0  1463  0  0  1448  0  0  0  0  0  0  1464  0  0  1451  1451  1451  0  0  1465  0  0  1466  1466  1466  0  1467  0  0  1468  0  0  0  0  1469  0  1454  1454  1454  0  0  0  0  0  1471  0  0  0  0  0  0  0  0  1472  0  0  1473  0  0  1474  0  1441  0  1459  0  0  0  1475  0  0  0  0  0  1476  1476  1476  1476  0  0  0  0  0  1445  0  0  0  0  1447  0  1477  0  0  0  0  1415  1415  0  0  
0  0  1478  1478  0  1479  1479  0  0  1480  0  0  0  1481  0  1482  0  0  0  1451  0  1465  1465  0  0  0  0  1466  0  1467  0  1484  0  0  1485  0  0  0  0  0  1454  0  0  0  0  0  0  0  0  0  0  0  0  0  0  0  0  1486  0  0  0  0  0  1487  0  0  1459  1459  0  0  0  0  1488  0  0  0  1476  0  1476  0  1489  0  0  0  0  0  1490  1490  0  0  0  0  0  0  0  0  1491  0  0  0  
0  1492  0  0  0  0  0  0  0  1480  0  0  0  1481  1481  0  1493  0  0  0  0  0  0  0  0  0  0  0  1494  0  0  0  0  1485  1485  0  0  0  1496  0  0  0  0  0  0  0  0  0  0  1497  1497  0  0  1498  0  0  0  0  1499  1499  1499  0  0  0  0  0  0  0  0  0  1500  0  0  0  1501  1501  0  0  1476  0  1489  0  0  1502  0  0  1490  0  0  1503  1503  0  0  0  0  0  1491  0  0  0  
0  0  0  1504  0  0  1505  1505  0  0  1480  0  1481  1481  1481  0  0  1493  0  0  0  0  0  0  0  0  0  0  0  0  1507  0  0  0  0  0  0  0  1496  1496  0  0  0  0  0  0  0  0  1509  0  0  0  0  1498  1498  0  1511  0  0  0  0  0  0  0  1512  0  0  0  0  1513  0  0  0  1514  1514  0  0  0  0  0  0  0  0  0  0  0  0  0  0  0  0  1503  0  1515  0  1516  0  1491  0  1517  
