2  2  2  2  2  2  0  3  0  3  3  0  0  5  0  0  0  6  0  6  6  0  0  0  8  0  0  0  0  0  0  0  0  0  9  0  10  0  0  0  0  0  0  0  0  0  0  0  0  11  11  0  0  0  0  12  0  13  0  0  14  0  15  0  15  15  15  0  0  0  0  17  17  0  0  0  0  18  0  18  0  0  0  0  0  0  0  20  20  0  0  0  0  21  21  0  0  0  22  22  
23  0  0  2  2  2  0  0  3  3  3  0  24  0  0  25  25  0  6  6  6  6  0  0  8  8  0  0  0  0  0  0  27  0  0  0  0  0  28  0  29  0  0  30  0  31  0  32  0  0  11  11  0  0  0  0  0  0  0  0  0  0  15  15  15  15  0  15  0  0  34  34  0  0  35  0  0  0  18  18  18  18  18  18  18  0  20  20  20  0  0  37  0  0  0  0  38  38  0  22  
0  39  0  0  0  0  0  0  0  0  0  40  0  41  0  25  0  42  0  0  0  0  0  0  0  0  43  0  44  0  27  27  27  27  27  27  0  0  28  0  0  46  0  0  0  0  0  0  0  0  0  0  0  0  0  0  47  0  48  48  0  48  0  15  0  0  0  0  0  0  0  0  0  35  35  35  0  0  18  0  18  0  18  18  18  0  20  0  20  20  20  0  0  51  51  0  0  38  0  22  
52  52  0  53  53  53  0  54  0  40  40  40  40  0  0  56  0  0  0  0  0  57  0  0  0  0  58  0  0  0  59  0  27  27  0  0  0  0  0  0  0  60  0  0  0  0  0  61  61  61  0  0  62  0  0  63  0  0  64  0  48  48  48  48  0  0  65  65  0  0  66  0  0  0  0  35  0  0  67  0  68  0  0  18  0  0  0  20  0  20  0  0  0  69  0  51  51  0  0  0  
0  52  0  0  53  53  0  54  0  40  40  40  0  0  0  0  0  70  0  0  71  0  72  0  0  0  0  73  0  0  0  74  0  0  75  75  0  76  0  0  77  0  0  78  0  0  61  61  0  61  0  0  62  0  0  0  0  0  0  0  48  0  0  0  0  65  65  0  0  81  0  0  0  0  0  35  0  82  0  0  68  0  0  0  0  0  83  0  20  20  20  0  51  0  51  51  51  0  0  0  
0  52  52  0  88  0  0  89  0  40  40  0  0  0  91  91  91  0  0  0  0  0  0  72  72  72  0  0  0  92  0  0  74  74  0  75  0  93  0  0  0  0  0  0  0  0  0  0  0  0  61  0  0  62  0  0  0  94  0  0  0  0  0  0  0  95  0  0  96  0  81  81  0  97  0  0  0  0  0  68  68  68  68  68  0  0  83  83  0  0  0  0  0  51  51  51  0  51  51  51  
52  52  52  0  88  0  89  89  0  0  0  0  102  0  0  0  91  91  91  91  91  0  72  72  0  0  104  0  0  92  92  92  0  74  0  75  0  0  0  0  105  105  105  0  0  0  106  0  107  0  61  61  0  0  0  108  108  0  109  0  0  0  110  0  0  0  0  0  0  81  81  0  112  0  0  113  113  113  0  0  68  68  68  0  0  0  0  0  0  0  0  0  0  0  0  0  51  51  0  0  
0  0  52  52  52  0  115  0  0  0  0  116  0  102  102  102  0  91  91  91  0  0  0  72  0  0  104  104  0  0  92  0  92  0  0  0  0  0  105  105  105  105  0  105  105  105  105  0  0  107  0  61  61  0  0  0  108  0  0  0  0  119  0  110  110  110  0  0  0  0  0  0  0  112  112  0  0  113  113  113  0  0  68  0  0  0  120  0  0  0  0  0  121  0  0  0  0  0  51  0  
0  122  0  0  52  0  0  0  0  123  123  0  0  0  102  0  0  91  0  0  0  124  124  0  104  104  104  0  126  126  0  0  0  0  0  0  127  127  0  105  105  105  105  105  0  105  0  128  0  0  0  0  0  0  0  0  108  108  0  0  0  0  110  110  0  110  0  0  0  0  130  130  0  0  0  0  0  0  113  0  0  131  0  132  0  133  0  134  134  0  135  0  0  0  0  51  51  51  51  0  
137  137  0  138  0  0  123  0  0  123  123  123  0  0  141  0  0  0  0  124  124  124  124  0  0  0  0  0  0  0  0  0  0  0  0  143  0  127  0  144  0  0  105  105  105  0  0  145  0  0  0  146  0  146  146  146  0  108  108  108  108  0  148  0  110  0  0  0  149  0  0  0  130  0  0  150  150  0  151  0  0  152  0  0  0  153  0  0  134  134  0  0  154  154  0  0  51  0  0  0  
0  0  155  0  156  0  123  123  123  123  0  123  123  0  0  157  157  0  0  124  124  124  124  124  124  0  158  158  0  158  158  0  0  0  160  0  0  0  0  0  161  0  0  0  0  0  0  0  0  0  0  146  146  146  0  0  0  0  0  0  0  162  0  0  0  0  0  163  0  0  0  164  0  0  165  0  0  0  0  0  0  152  152  0  166  0  167  0  0  0  0  0  0  0  0  0  0  168  0  0  
0  169  0  155  155  0  0  0  0  123  123  0  123  0  170  170  0  0  0  0  0  124  0  0  124  0  171  0  158  158  158  158  158  0  0  0  0  0  172  0  0  0  173  0  0  174  174  174  0  0  175  0  0  146  0  0  176  0  0  0  0  162  162  162  162  162  0  178  0  178  0  0  0  0  165  165  0  0  0  0  181  0  152  0  182  0  0  0  183  0  0  0  183  0  0  185  185  0  168  0  
186  0  155  155  0  0  0  123  123  123  0  189  0  0  0  170  170  0  0  0  0  124  0  0  124  0  0  158  158  0  0  158  158  158  0  191  0  0  0  0  0  0  0  192  192  0  174  0  193  0  175  0  0  146  0  194  0  0  195  0  0  0  0  162  0  0  178  178  178  178  178  178  178  178  0  0  197  197  197  197  0  152  152  0  0  0  199  0  183  0  183  183  183  183  0  185  0  0  0  0  
0  0  0  0  0  0  0  201  0  123  0  189  189  0  0  0  170  170  0  0  203  0  124  0  124  124  0  0  158  158  158  0  0  158  158  0  0  0  0  0  205  205  205  0  0  192  0  174  0  0  0  0  0  0  146  146  0  206  206  0  206  0  206  0  162  162  0  0  0  178  0  178  0  0  0  0  0  0  197  197  0  209  0  0  0  210  0  0  0  183  0  0  183  0  0  185  185  0  0  0  
212  0  213  213  0  0  214  0  0  0  189  189  189  0  0  170  170  170  0  0  203  0  124  0  124  124  0  0  0  0  0  217  0  0  0  218  218  218  218  0  0  0  205  205  0  0  219  0  0  219  219  219  219  0  0  0  0  0  206  206  206  206  206  0  0  162  0  221  221  0  0  178  0  0  0  0  0  0  197  0  0  0  0  0  0  0  0  0  0  183  183  183  183  0  0  185  0  222  0  223  
0  0  0  213  0  224  0  0  0  0  225  0  0  0  226  0  0  0  0  203  203  203  0  0  228  0  0  229  0  0  0  217  217  0  231  0  0  218  218  0  232  232  0  0  205  205  0  219  219  0  219  219  0  0  0  0  233  233  0  0  0  0  206  206  206  206  0  0  0  221  0  0  178  0  0  197  197  197  197  197  0  0  235  235  0  236  236  0  237  0  183  183  0  183  0  0  0  0  0  0  
0  238  0  0  224  224  224  0  0  240  0  241  0  0  0  0  0  242  242  0  0  203  203  0  228  0  0  229  229  229  0  217  0  0  0  243  243  0  218  0  232  232  0  205  205  0  0  0  219  219  219  219  0  0  0  0  233  0  0  0  245  0  206  0  206  0  0  0  221  221  0  0  0  0  197  197  0  197  0  0  235  235  235  0  0  236  236  0  0  0  0  0  0  183  0  0  0  0  249  249  
250  0  0  251  0  0  224  0  252  0  0  0  0  253  253  0  0  0  0  242  0  203  203  203  0  0  0  0  0  229  0  0  217  217  0  255  0  0  0  218  0  0  0  205  205  0  0  0  0  0  219  219  219  0  219  0  258  0  0  259  0  245  0  0  260  0  0  221  0  221  221  221  0  262  262  0  197  0  197  0  0  235  235  0  0  263  0  236  236  0  264  264  0  0  183  183  0  0  0  0  
0  0  0  0  0  0  0  0  0  0  0  0  253  253  253  0  266  0  267  0  0  0  203  0  0  268  268  0  0  0  0  269  0  0  270  0  0  0  0  0  271  0  0  205  0  272  272  272  0  0  0  0  219  219  219  0  0  273  0  0  274  0  0  275  0  0  0  221  221  221  0  0  0  262  0  0  0  0  0  235  235  235  0  277  0  0  0  236  236  0  264  264  264  0  0  0  0  0  0  278  
0  0  0  0  279  0  0  0  0  280  0  281  0  253  0  0  282  0  267  267  0  284  0  0  0  0  0  0  0  285  0  269  269  0  0  0  0  0  0  0  0  271  271  0  0  0  0  0  0  287  287  287  0  0  0  219  0  219  0  0  0  274  274  0  0  0  0  0  221  221  0  0  0  0  0  0  289  0  0  0  0  0  235  0  277  277  277  277  0  0  0  0  0  0  0  0  290  0  0  0  
0  291  0  292  0  293  293  293  0  280  280  0  0  253  0  294  0  0  0  267  0  0  295  295  0  0  285  285  285  285  0  0  269  269  0  297  0  298  0  0  0  0  271  271  0  0  0  299  0  0  287  0  300  0  219  219  219  219  0  302  0  0  0  303  0  0  304  0  221  221  0  0  0  0  0  0  289  0  0  0  0  235  235  0  277  0  0  0  0  306  306  306  306  0  0  0  290  0  307  0  
308  0  291  0  0  0  0  0  0  309  0  280  0  253  253  253  0  311  0  312  0  0  313  0  0  314  0  0  285  0  0  315  315  0  269  0  0  0  0  0  0  0  316  0  271  271  271  0  0  317  0  0  0  0  0  219  0  219  0  318  0  319  0  320  0  321  0  0  0  221  221  221  221  0  0  0  0  0  322  0  0  0  0  235  0  0  0  0  0  0  0  0  306  306  0  0  0  0  323  0  
308  0  0  0  0  0  324  0  325  0  0  280  0  0  253  0  0  0  326  0  0  0  0  327  0  0  0  0  0  328  0  315  315  0  0  329  0  0  330  330  0  0  316  0  0  271  271  271  0  0  331  0  0  332  0  0  333  0  0  318  0  319  0  0  321  321  0  0  221  221  0  221  0  0  0  0  336  0  0  0  0  337  0  235  235  235  235  0  338  0  0  306  306  306  306  0  0  340  0  341  
0  0  342  0  0  343  343  0  0  325  325  325  0  0  0  253  0  0  0  0  344  0  0  345  0  0  0  346  0  328  328  0  0  0  0  0  0  0  0  0  330  330  330  0  0  271  0  271  0  0  0  0  0  0  0  0  0  0  349  0  0  350  0  0  0  321  321  321  0  0  0  0  221  221  221  0  351  0  0  352  0  353  0  235  235  0  0  0  355  0  355  0  306  306  306  306  306  0  0  0  
0  0  342  0  0  343  343  0  0  325  0  0  0  357  0  0  0  358  0  0  344  0  0  0  0  346  346  346  0  0  0  0  0  360  0  361  361  0  0  362  0  0  0  363  0  271  271  271  271  271  0  0  0  364  0  0  0  0  349  0  350  350  0  366  0  0  0  0  0  0  367  0  0  221  221  0  351  351  0  0  0  0  0  0  0  0  368  0  355  355  355  0  0  0  306  0  0  369  0  370  
371  0  342  342  342  0  343  343  0  0  0  0  0  373  0  374  374  0  0  375  0  0  0  376  0  0  346  346  346  0  377  0  0  0  360  0  0  361  0  0  0  0  378  0  0  0  271  271  0  0  271  271  0  364  364  0  0  380  380  0  350  350  0  382  0  0  383  383  383  383  383  0  0  221  221  221  221  0  351  0  385  0  386  0  368  368  368  368  368  0  0  0  0  0  388  0  389  389  0  390  
0  391  0  342  0  0  343  0  392  0  393  0  0  373  0  0  374  374  0  0  0  394  0  376  376  376  0  0  346  346  0  395  0  396  0  397  0  0  0  0  398  398  0  399  0  271  271  0  0  271  271  0  0  0  0  0  402  0  0  350  350  350  0  0  0  0  383  383  0  0  383  383  383  0  0  221  0  351  351  351  0  405  0  406  0  0  368  368  368  0  0  0  407  0  0  408  0  0  0  390  
0  0  391  0  0  0  0  0  0  392  0  0  409  0  0  0  410  0  0  0  0  0  394  0  0  0  376  376  376  0  0  411  0  396  396  0  0  413  0  414  0  0  398  0  0  0  271  271  271  271  0  271  0  0  415  415  0  402  402  402  0  0  350  350  0  0  416  0  0  0  417  0  383  383  0  0  221  0  351  0  351  0  0  0  406  406  0  0  368  368  368  0  0  407  407  407  0  418  418  0  
0  0  391  391  0  419  0  420  0  0  0  0  0  421  0  422  0  423  0  424  0  394  394  0  426  0  0  0  0  0  0  0  0  0  396  0  0  0  0  414  0  427  0  0  0  0  0  271  0  271  0  0  0  0  415  0  428  0  0  402  402  0  0  0  429  0  0  430  0  0  0  0  0  383  0  221  221  0  351  0  351  0  432  432  0  406  0  0  368  0  368  0  0  407  407  407  407  0  0  433  
0  391  391  391  0  435  0  0  420  0  436  0  437  0  0  438  0  0  0  0  0  0  394  0  426  426  0  0  0  0  0  0  0  440  0  396  0  0  0  0  0  0  0  0  441  441  441  0  271  0  0  0  442  442  0  415  415  0  0  443  0  0  444  444  0  0  430  430  430  430  430  0  0  446  0  0  0  221  221  0  0  0  0  0  0  0  406  0  0  368  368  0  447  0  0  407  0  0  0  0  
0  0  391  0  435  435  435  0  0  0  436  0  437  0  438  438  0  0  0  450  0  451  0  0  0  426  0  452  0  0  0  0  0  0  453  0  0  0  453  453  0  455  0  456  0  441  441  441  0  0  0  0  442  0  0  415  0  457  0  0  0  0  0  0  458  458  0  0  0  0  430  0  0  0  0  0  0  0  221  0  0  0  0  0  0  459  0  0  0  0  0  0  0  460  0  0  461  0  0  462  
0  463  0  0  0  435  435  435  435  0  464  0  465  0  0  0  0  466  466  0  450  450  0  0  467  0  0  0  452  0  0  0  0  468  0  453  453  453  453  453  0  0  455  0  0  441  441  441  441  0  0  470  0  0  0  471  0  472  0  0  0  0  473  0  474  0  0  475  475  475  0  430  0  0  0  0  0  0  0  0  476  0  0  0  477  0  459  0  478  478  0  479  0  0  0  0  480  0  0  0  
0  463  0  481  0  435  0  435  0  0  0  0  0  0  0  0  482  0  0  450  450  0  0  467  467  467  467  0  0  0  485  485  0  468  0  0  0  453  453  0  0  0  455  0  441  441  0  0  441  0  0  470  470  470  0  471  471  0  487  0  0  473  473  0  0  0  475  475  0  0  0  430  0  490  490  490  490  0  0  0  0  0  0  0  0  0  0  491  0  478  0  0  492  0  0  493  0  494  0  0  
495  0  0  496  0  0  435  0  0  497  497  0  0  0  498  0  499  0  0  450  450  450  0  0  467  0  467  0  0  501  501  0  0  0  0  0  0  502  0  0  503  503  0  0  0  0  441  0  0  0  0  504  0  470  0  505  0  0  506  0  507  0  0  0  508  0  0  0  0  509  0  0  0  0  0  0  0  490  490  0  510  0  0  0  0  0  511  511  0  512  0  513  0  492  0  0  493  0  0  514  
495  495  495  0  0  0  435  435  435  0  0  515  515  515  0  499  499  499  0  0  0  0  517  517  0  518  0  519  519  0  0  0  0  0  0  520  0  0  0  0  503  0  521  521  521  521  0  0  0  522  522  0  470  470  0  505  0  506  506  0  0  525  525  525  0  526  0  0  0  509  509  0  0  527  0  528  0  490  0  510  510  0  530  0  0  0  0  511  511  0  0  0  531  0  532  0  0  0  0  0  
533  0  0  0  534  534  0  0  0  0  535  0  515  0  515  515  0  499  499  0  499  499  0  517  0  0  518  518  0  0  0  537  537  537  0  538  0  0  539  0  0  0  0  521  0  0  0  540  540  0  522  0  522  0  470  0  0  542  0  506  506  506  0  0  0  0  0  0  543  0  0  509  0  0  0  0  0  544  0  545  0  0  0  530  530  0  546  0  0  511  511  511  0  0  0  532  532  532  532  0  
533  533  533  0  0  534  0  0  547  0  0  0  0  0  0  0  499  499  499  0  499  499  499  0  549  549  0  0  550  550  0  537  0  0  0  538  0  0  0  0  0  551  0  521  0  0  540  540  540  0  522  522  522  0  0  0  542  542  0  0  506  0  0  554  0  555  0  0  0  509  0  509  509  0  0  0  0  0  0  545  545  545  545  0  0  557  0  0  0  0  0  511  511  511  511  0  0  0  532  532  
0  0  533  533  0  0  0  0  0  0  558  558  0  0  0  0  0  0  499  499  499  499  0  0  559  0  549  0  0  0  0  560  0  0  0  0  0  561  0  0  0  562  0  0  0  563  0  0  0  0  564  0  522  0  0  0  565  0  542  0  566  0  567  0  0  0  0  568  568  0  509  509  509  0  0  0  0  0  0  569  0  545  0  545  0  0  557  557  0  570  0  571  0  0  0  0  572  0  0  0  
0  0  0  0  0  0  573  573  0  574  0  558  0  575  0  0  0  499  499  499  499  0  0  0  0  0  549  549  0  0  577  0  0  578  578  0  0  561  561  0  0  562  562  562  0  0  0  0  0  579  0  0  522  0  580  0  565  0  0  581  0  0  0  582  0  0  0  0  0  509  509  0  509  0  0  0  0  545  545  0  545  545  0  0  0  557  557  0  570  570  0  0  0  0  0  0  0  588  0  0  
589  0  590  590  0  0  0  573  573  0  0  0  0  0  575  0  0  499  499  0  0  499  0  0  0  592  0  0  0  0  0  0  0  0  0  578  578  0  0  0  0  593  0  0  562  0  0  594  0  595  0  0  0  522  522  0  0  0  0  0  0  0  596  596  0  0  597  0  598  0  509  509  509  0  0  0  599  0  0  545  545  545  545  0  600  600  0  0  0  570  0  0  601  601  601  601  601  0  588  0  
589  0  0  0  602  0  603  0  0  0  0  604  604  0  0  0  0  499  0  499  499  499  0  606  0  592  592  0  0  0  0  607  0  0  0  578  0  608  608  0  0  0  609  0  0  0  0  0  595  595  595  0  0  0  522  522  522  0  0  0  611  611  0  0  612  0  0  0  0  0  0  509  0  0  613  0  599  599  0  0  0  545  545  545  0  0  614  0  0  0  0  0  0  0  601  601  601  0  588  588  
0  0  0  0  0  0  603  603  603  603  0  0  0  0  616  0  0  499  499  0  499  499  499  0  0  0  592  592  0  618  618  618  0  618  0  578  578  0  608  608  608  0  609  609  609  609  0  0  0  595  0  0  622  622  622  0  0  0  623  0  0  0  0  0  0  612  0  0  0  624  624  624  0  0  0  613  613  0  0  0  0  0  0  0  0  0  625  0  0  626  0  0  0  0  0  0  601  0  588  588  
0  0  628  628  628  0  0  0  0  0  0  0  0  629  0  630  630  0  0  0  499  499  499  499  499  0  592  592  0  0  0  618  618  618  0  578  578  0  0  0  0  631  0  609  0  0  0  0  0  0  0  632  0  622  0  633  0  0  0  0  0  0  634  634  0  0  0  0  0  0  624  624  624  0  635  0  0  0  636  636  636  636  0  0  0  637  0  0  637  0  0  639  639  639  0  0  0  0  0  0  
640  640  0  0  628  0  0  0  641  641  641  0  642  0  0  643  0  630  0  499  499  499  499  499  499  0  0  0  0  645  645  645  0  0  0  0  578  0  0  0  646  0  0  0  0  0  0  0  647  0  648  0  0  0  622  0  0  0  649  0  649  0  651  0  0  652  0  653  653  0  624  0  624  0  655  0  656  0  0  0  0  0  0  0  0  0  637  637  637  637  0  0  639  0  0  657  657  657  657  0  
0  0  0  0  0  0  658  0  0  0  641  641  0  0  643  643  0  0  660  0  499  0  0  0  0  661  0  0  0  0  645  0  662  0  663  0  578  578  0  0  0  0  664  664  664  0  647  647  647  0  0  666  0  0  622  622  622  0  649  649  649  0  0  667  0  0  0  653  0  0  624  624  624  624  0  624  0  669  669  0  0  0  0  0  0  0  637  0  0  0  670  670  0  0  0  657  657  657  0  671  
0  672  0  673  0  0  0  658  0  0  641  641  641  641  641  0  0  0  0  0  0  499  499  0  0  675  0  676  676  0  0  0  677  0  678  0  578  578  578  578  0  664  664  664  664  664  0  647  0  0  681  681  0  0  0  0  0  622  0  0  0  0  667  667  667  0  683  0  0  0  0  0  624  0  624  0  624  0  0  669  0  684  0  0  0  0  0  637  0  685  685  0  0  0  0  657  657  0  657  0  
0  0  0  673  0  0  658  658  0  0  0  0  0  0  0  688  0  0  0  0  0  499  499  499  0  0  0  0  0  0  0  677  677  0  0  690  0  578  578  578  0  0  0  0  664  664  0  647  0  0  0  681  0  691  691  0  692  0  693  693  693  0  667  0  0  694  0  0  0  0  0  0  624  0  624  624  624  0  0  0  0  0  0  0  0  0  0  637  0  0  685  0  0  695  0  0  0  657  657  0  
0  673  673  673  673  0  658  658  658  658  0  699  0  0  0  700  0  0  0  0  0  0  0  0  0  701  701  701  0  0  0  0  677  677  0  702  0  703  0  0  0  704  704  0  0  0  664  0  0  0  0  705  0  706  0  0  0  692  692  0  0  693  0  0  0  694  694  694  694  694  0  0  0  0  0  0  0  624  0  0  0  0  0  708  0  0  709  0  637  637  0  685  0  710  0  711  0  0  0  0  
0  673  0  0  0  0  658  0  0  658  658  0  712  712  712  0  0  713  713  0  0  714  0  714  0  0  701  0  716  0  0  717  0  0  718  0  0  703  0  719  0  704  0  0  720  0  0  0  0  0  0  0  0  706  706  0  0  0  692  0  0  0  0  0  0  694  0  694  694  0  0  0  0  0  0  624  624  624  0  722  0  0  0  708  0  0  0  723  0  637  0  0  0  710  710  0  0  0  0  0  
673  673  673  0  725  725  0  0  0  726  0  0  0  0  0  712  0  0  0  0  0  714  714  714  714  714  0  701  0  0  0  728  0  0  0  718  718  718  0  0  719  719  0  729  729  0  0  730  730  730  730  0  706  706  0  706  0  0  0  692  0  732  732  0  733  0  0  0  0  694  0  694  0  735  735  0  0  624  0  0  0  736  736  0  708  0  737  737  0  0  0  0  710  710  710  710  0  739  739  739  
0  673  0  0  0  725  0  740  740  0  0  0  741  741  0  0  0  0  742  0  0  0  0  0  0  714  0  0  743  743  743  0  744  0  0  718  718  718  718  718  0  0  729  729  729  0  0  0  0  730  730  0  0  706  706  706  0  0  0  0  0  732  0  0  0  746  0  0  694  694  694  694  694  0  735  0  0  624  0  0  748  0  0  0  0  749  0  0  0  0  0  750  0  0  710  0  0  0  739  739  
751  0  0  0  752  752  0  753  0  0  0  0  741  741  0  0  755  0  0  0  0  0  0  756  0  0  0  0  0  0  0  0  0  0  0  0  0  0  718  718  0  729  729  729  0  729  0  0  0  0  730  0  706  706  706  0  706  0  706  706  0  0  0  0  0  0  0  0  0  694  0  0  0  0  0  0  0  0  624  624  0  748  0  0  0  760  0  0  0  761  0  0  0  0  710  710  710  0  763  0  
751  0  0  764  0  0  0  0  0  0  0  0  741  0  0  0  755  0  765  0  766  766  766  0  0  0  0  0  767  0  0  768  0  769  769  0  0  0  0  718  718  0  0  0  0  0  770  770  0  0  0  0  706  706  706  706  706  706  706  0  0  771  771  0  0  772  0  773  0  0  0  774  774  0  774  774  774  0  0  0  0  748  0  776  0  760  760  0  777  0  0  778  778  0  710  0  710  0  0  0  
0  751  0  764  764  0  764  764  0  0  0  781  781  0  782  0  0  0  765  765  0  766  0  0  784  0  784  784  784  0  0  786  0  0  0  0  0  0  0  718  718  718  0  0  0  788  0  0  0  0  789  0  0  706  706  706  0  0  706  706  706  0  0  771  0  790  0  0  773  0  791  0  774  0  0  774  774  0  0  792  792  0  0  776  776  776  0  0  777  777  777  0  778  778  0  0  0  710  0  795  
0  751  0  764  764  764  764  764  0  0  0  0  781  0  0  796  0  765  765  765  0  0  0  0  784  784  784  0  0  798  798  0  0  799  799  799  799  0  0  0  0  0  0  0  0  788  0  800  0  0  0  0  801  0  0  0  0  0  706  0  706  0  802  0  0  0  0  0  0  0  0  774  774  774  774  0  774  0  0  792  0  0  0  0  776  0  0  804  0  777  777  0  0  0  805  0  0  0  0  0  
0  751  751  0  764  0  0  764  0  807  807  0  808  0  0  0  796  796  0  0  0  809  809  0  0  0  0  0  0  798  798  0  0  0  0  799  0  0  811  0  812  0  813  0  814  814  0  0  0  0  815  0  0  801  801  0  816  816  0  706  0  706  706  0  0  0  0  0  0  774  774  774  774  0  0  774  0  774  0  818  0  819  0  820  820  0  0  0  0  0  0  0  0  821  0  0  0  822  0  0  
0  0  0  823  0  824  0  0  807  807  0  0  0  826  826  0  0  0  0  0  0  809  0  0  827  827  0  0  0  0  0  828  0  0  0  0  811  811  811  0  812  812  0  0  814  0  0  0  0  830  0  0  0  0  0  0  0  0  0  0  831  0  0  0  832  0  0  0  833  0  0  0  0  0  0  774  774  774  774  0  834  0  820  820  0  836  0  0  0  837  837  0  0  821  0  838  0  0  0  0  
823  823  823  823  823  0  824  824  824  0  807  807  807  0  0  826  826  826  0  840  0  809  809  0  842  0  827  827  0  0  0  828  828  0  844  0  845  0  0  811  0  0  812  0  0  814  0  0  0  0  830  0  0  0  846  0  847  847  0  848  0  0  849  0  832  832  0  0  0  833  833  833  0  0  0  0  0  774  0  774  0  0  851  0  0  836  836  0  0  0  0  837  837  837  0  0  0  853  0  0  
0  0  0  0  0  854  0  824  0  0  0  0  807  0  0  826  826  0  0  0  0  0  0  855  0  0  827  0  856  0  857  0  0  0  844  844  0  0  811  811  811  0  0  0  0  0  0  0  859  0  0  0  0  0  0  847  847  847  0  0  0  0  0  0  832  0  861  0  0  833  0  833  0  0  0  0  0  774  774  0  0  0  0  862  862  0  836  836  0  837  837  837  0  837  0  0  0  0  0  0  
0  0  0  0  0  0  854  0  824  0  0  0  807  807  807  807  0  0  0  0  0  0  0  865  0  866  0  0  867  0  857  857  0  0  0  0  0  0  869  0  811  0  870  870  0  871  871  871  871  0  872  0  0  0  0  0  0  0  0  0  873  0  874  874  0  0  0  861  0  875  0  0  833  0  0  0  876  0  0  774  774  774  774  774  0  0  0  0  836  0  0  0  0  837  837  0  0  878  0  879  
0  880  880  0  881  881  0  824  824  824  824  0  0  807  807  0  883  883  0  884  0  0  885  0  0  0  886  886  0  887  0  857  857  0  857  857  0  0  0  0  811  0  0  0  889  0  871  0  871  0  872  0  0  0  890  0  891  891  0  0  0  892  0  874  874  0  0  0  893  0  0  0  833  0  0  876  876  0  895  0  774  774  774  0  0  0  0  0  0  0  0  837  837  837  0  0  0  878  0  0  
0  0  0  880  0  0  881  0  0  824  824  824  824  824  0  0  0  883  883  0  884  0  897  0  886  886  886  886  0  887  887  0  0  857  857  857  0  0  0  0  0  0  0  0  0  0  900  0  0  871  0  0  901  0  0  0  902  0  891  0  0  0  892  892  0  0  0  893  893  893  0  0  904  0  0  876  876  0  0  895  0  0  774  0  0  906  906  0  907  0  908  908  0  837  0  909  0  910  0  0  
0  911  0  0  0  912  0  824  824  824  0  824  0  0  914  0  0  0  0  0  0  0  897  897  0  886  886  0  915  0  0  0  857  857  0  0  917  0  0  918  918  0  0  0  919  0  900  0  920  0  0  901  901  0  922  922  0  0  0  923  923  0  0  0  0  0  893  893  0  0  925  925  0  0  0  0  0  0  0  895  895  0  774  0  926  0  0  0  0  0  0  908  0  0  0  0  0  0  0  0  
0  0  911  911  911  0  0  911  0  824  0  0  824  0  928  0  929  0  930  0  931  0  897  897  897  0  886  0  0  0  0  933  0  857  857  0  857  0  0  918  918  0  0  0  0  0  0  0  0  0  0  936  0  0  0  0  922  0  0  937  0  923  923  0  0  938  0  893  0  939  0  925  0  925  925  0  941  0  942  942  0  0  0  0  0  0  0  943  0  944  0  945  0  0  946  946  946  0  947  947  
948  0  0  0  911  911  911  911  911  0  0  949  0  950  0  0  929  0  0  0  0  0  897  0  897  0  0  0  0  951  0  0  0  0  857  857  857  0  952  0  0  0  953  953  0  0  0  0  954  0  954  0  956  956  0  922  922  922  0  937  0  923  0  0  938  938  0  0  0  0  0  925  925  925  0  959  0  942  942  942  0  0  961  961  0  0  0  0  962  0  0  945  0  946  946  946  0  0  947  0  
948  948  0  965  0  0  0  0  0  911  911  911  0  0  0  966  0  0  0  967  967  0  0  0  0  0  968  0  0  0  0  0  0  0  857  857  857  0  970  0  971  971  0  0  0  972  972  0  0  954  954  954  0  0  0  922  922  922  0  0  937  937  0  0  0  938  938  938  938  938  0  938  0  0  0  0  959  959  0  0  0  0  961  961  0  976  976  0  0  962  0  0  945  0  946  0  0  0  0  0  
0  0  0  0  0  0  0  977  977  0  911  911  911  911  0  0  0  0  978  0  0  0  0  0  0  0  968  968  0  0  0  857  857  857  857  857  857  0  970  0  971  0  980  0  0  0  0  0  981  0  0  0  0  0  0  922  922  0  0  0  0  0  982  0  938  938  0  938  938  938  938  938  938  0  984  0  959  959  959  0  0  0  0  961  0  976  976  0  0  962  0  945  945  945  0  0  986  986  0  987  
0  0  988  0  0  0  0  977  977  977  0  911  0  0  0  0  0  978  978  978  978  0  0  0  991  0  992  0  0  0  0  857  857  0  0  0  0  857  0  970  970  0  0  0  0  0  0  0  981  981  0  995  0  0  0  996  0  922  0  0  0  997  997  0  998  0  938  938  0  938  938  0  938  938  0  0  0  0  959  0  0  0  959  959  0  1000  0  0  0  962  962  962  0  0  0  0  0  986  0  1002  
1003  1003  0  0  0  1004  0  0  0  977  977  0  1005  0  1006  0  0  0  978  0  0  0  1007  0  0  1008  0  0  0  0  1009  0  0  0  1010  1010  1010  0  0  0  970  0  0  1011  1011  0  0  0  981  0  1012  0  0  996  996  996  996  0  0  0  0  0  0  0  0  0  0  0  0  938  938  0  938  938  0  1014  1014  0  959  959  959  959  959  959  0  1000  1000  1000  0  962  0  962  962  0  0  0  1002  0  1002  1002  
0  0  0  0  1017  0  0  0  1018  0  977  0  1019  0  1006  1006  1006  1006  1006  0  1007  1007  1007  1007  1007  0  1008  1008  0  0  0  0  1022  1022  0  0  1010  0  0  1023  0  0  0  0  0  0  1024  1024  0  981  0  1012  1012  0  0  0  996  0  1025  1025  1025  0  0  1026  1026  1026  1026  1026  0  0  0  938  0  938  938  0  0  0  0  0  0  959  959  0  959  0  1000  1000  0  0  0  962  962  962  0  0  1002  1002  1002  1002  
1029  1029  1029  0  0  0  1030  0  0  977  977  0  1019  0  0  0  1006  1006  0  0  0  1007  0  0  0  0  1008  1008  0  1032  1032  0  0  0  0  0  1010  1010  0  0  0  1033  1033  1033  1033  1033  0  0  1034  0  0  0  0  0  996  996  996  996  0  1025  0  1036  1036  0  0  1026  0  0  0  0  1037  0  938  938  938  938  938  0  0  0  0  0  0  959  959  0  0  1000  1000  0  0  962  0  962  0  1002  1002  0  0  1002  
0  1029  0  1029  1029  1029  0  1030  1030  0  0  0  0  0  1041  0  0  1006  0  0  0  0  0  0  0  0  1008  1008  0  1032  1032  1032  0  0  0  1044  0  0  0  0  0  0  0  0  0  1033  0  0  1034  1034  0  1046  1046  0  1047  0  0  0  0  1048  0  1036  1036  0  0  0  0  0  0  1050  0  1037  0  0  938  0  938  938  0  1051  1051  1051  0  0  0  959  0  1000  1000  1000  0  0  962  962  962  0  0  0  0  0  
0  1029  0  1029  0  0  0  0  0  0  0  0  1053  0  0  1054  0  0  1055  0  1056  1056  1056  1056  0  0  0  0  1032  1032  0  1032  1032  0  0  0  1058  0  0  0  0  1059  0  0  0  0  0  0  1034  0  1060  0  1046  0  0  0  1061  0  0  0  0  0  0  1062  0  0  0  0  1050  1050  0  0  0  0  938  0  938  938  0  1051  0  0  1064  0  959  959  0  0  0  1000  0  0  962  0  962  962  962  0  1066  0  
1029  1029  1029  0  1029  1029  0  0  0  0  0  0  1053  1053  0  0  0  0  0  0  0  0  1056  1056  1056  0  1069  1069  0  0  1032  0  0  0  1070  0  0  0  0  0  0  1071  0  1072  1072  0  0  0  0  1034  0  0  0  0  0  0  0  1061  0  0  0  0  0  0  0  0  0  0  0  0  1050  0  0  938  938  938  0  0  0  0  1051  0  0  0  0  0  959  0  0  0  0  0  0  0  0  0  0  0  0  1066  
1029  1029  0  0  1029  0  0  1074  0  1075  1075  0  0  1053  0  0  0  0  0  1076  1076  0  0  0  0  0  0  1069  0  1077  0  0  1078  0  0  1079  1079  1079  1079  0  0  0  0  0  0  1080  1080  0  0  0  0  0  1081  1081  0  0  1082  0  1083  0  1084  1084  0  0  1085  1085  1085  0  1086  0  0  0  938  938  938  0  1088  1088  1088  0  0  0  1089  1089  0  0  959  0  1090  1090  0  1091  0  0  0  1092  0  0  0  1066  
1029  1029  0  1094  1094  0  0  0  0  0  0  1075  1075  0  0  0  1095  0  0  1076  1076  1076  0  1097  1097  1097  1097  1097  0  1077  1077  0  0  0  0  0  0  0  1079  0  0  1099  0  1100  1100  0  1080  0  0  0  0  0  0  0  0  0  1082  1082  0  0  0  0  1084  1084  0  1085  0  0  0  0  0  0  0  0  938  938  0  1088  0  1088  0  0  1102  0  0  0  1103  0  1090  1090  0  1105  0  0  0  1106  0  0  0  0  
0  0  0  0  1094  0  0  0  1107  1107  0  0  1075  0  1108  1108  0  0  0  0  0  0  0  1097  1097  1097  1097  0  0  0  1077  0  0  0  1109  0  0  0  0  1110  1110  0  0  0  1100  1100  0  1111  0  0  0  0  1112  0  1113  1113  0  0  1114  1114  1114  0  1084  1084  0  0  1115  1115  1115  0  0  0  938  938  938  0  0  0  1088  1088  0  1102  1102  0  1119  0  0  0  0  1090  0  1105  1105  0  1106  1106  0  0  0  0  
1121  0  0  0  0  1094  0  0  0  0  0  0  0  0  1122  0  1108  0  0  1123  0  0  0  0  1097  1097  1097  1097  0  0  0  0  1124  0  0  1109  1109  1109  0  1110  1110  0  0  1100  1100  1100  1100  0  1111  1111  0  1127  0  0  1128  0  1113  0  1114  1114  1114  0  1130  0  1084  0  1115  1115  0  0  0  1132  0  938  0  0  1133  0  1088  0  1088  1088  0  0  0  1119  0  0  1135  1135  0  1136  0  0  0  1106  1106  0  0  0  
0  0  0  1137  0  0  0  1138  1138  1138  1138  0  0  1122  1122  1122  0  0  0  1123  0  0  0  1140  0  0  1097  1097  0  0  0  1141  0  0  0  0  0  0  0  1110  0  1142  0  1100  1100  0  0  1143  0  0  0  0  0  0  0  1113  1113  0  0  0  1114  0  1130  0  0  0  1115  0  0  0  0  0  1145  0  0  1146  0  0  1088  1088  1088  1088  0  1147  0  0  1135  1135  1135  0  0  1136  1136  0  1149  0  0  0  1150  0  
0  0  1151  1151  0  1152  0  0  0  0  0  1138  1138  1138  0  1122  0  1123  1123  1123  1123  0  1154  0  1140  1140  0  1097  1097  1097  1097  0  0  1155  1155  1155  1155  0  0  1156  0  0  0  0  0  1100  1100  1100  0  0  1157  0  1158  0  0  0  1113  0  0  0  1159  0  0  0  1160  0  0  0  0  1161  1161  0  1162  0  0  1146  1146  0  0  0  0  1088  1088  1088  0  0  0  0  1135  0  1164  0  0  0  0  1149  0  1165  1165  0  
1151  1151  1151  0  0  0  1167  1167  1167  0  1168  0  0  0  0  0  0  1123  0  0  0  0  1154  1154  0  0  1169  0  0  0  1097  1097  1097  0  1155  0  0  0  0  0  1170  0  0  1171  0  0  1100  0  1172  0  1157  0  1158  0  0  1113  1113  0  1174  1174  0  1175  0  1176  0  0  1177  0  1161  1161  0  1162  1162  0  0  0  1146  0  0  1180  1180  0  0  1088  0  1181  1181  0  0  0  1164  0  0  0  0  0  0  1165  1165  0  
0  1151  1151  1151  0  1182  1182  0  0  0  0  0  1183  0  1184  0  0  0  1123  1123  0  0  0  1154  0  1185  1185  0  1186  1186  1186  0  0  0  0  0  1187  0  0  1188  0  0  1189  0  1171  0  1190  0  0  0  0  0  1113  0  0  1113  1113  1113  1113  0  0  1193  0  1194  0  1195  0  0  0  0  0  0  0  1162  0  1146  1146  1146  1146  0  0  1180  0  0  1088  0  0  0  0  1197  0  0  0  0  1198  0  0  0  0  1165  
0  0  1151  0  0  0  0  1199  0  0  0  0  0  1200  0  0  0  1123  1123  0  1202  0  0  1154  0  0  0  1203  0  0  0  1204  0  0  0  1187  1187  1187  0  1188  0  1189  1189  1189  0  0  1190  0  0  0  0  0  1113  1113  1113  1113  0  0  0  0  1193  1193  1193  0  1208  0  1209  1209  0  0  0  1210  1210  0  0  1146  0  0  0  0  1211  0  1088  1088  1088  1088  0  0  0  0  0  0  0  1213  0  1213  1213  0  0  0  
0  1215  0  0  1216  0  1217  0  0  0  1218  0  1219  0  0  1220  1220  1220  0  0  0  0  0  1221  0  1222  0  1203  1203  0  0  0  1204  0  0  0  0  0  1187  0  1188  0  1189  1189  0  0  1190  1190  0  1225  1225  0  1226  0  0  0  0  0  0  1227  0  0  1193  0  1193  0  1229  0  1209  0  0  1210  1210  1210  1210  1210  0  1231  1231  1231  0  1211  1211  0  0  1088  0  0  0  0  0  0  0  0  1213  1213  1213  1213  0  0  
0  0  0  1232  0  1233  0  0  0  0  0  0  1219  1219  0  0  0  1220  0  0  0  0  0  0  0  1222  0  1203  1203  1203  1203  0  1204  0  1234  1234  0  0  0  0  1188  1188  0  1189  1189  1189  0  0  1235  0  1225  0  1226  0  0  0  0  1236  1236  0  0  0  1193  0  1193  0  0  1237  0  0  1238  0  0  0  0  0  0  1231  0  0  1211  1211  1211  0  0  0  0  0  1240  0  0  0  1213  1213  1213  0  0  1213  1213  0  
1242  0  1243  0  1232  1232  0  1232  1232  0  0  0  1245  0  1219  1219  0  0  0  0  1246  0  0  0  1247  0  0  0  0  1203  1203  1203  0  0  0  1234  0  0  0  0  1248  0  1188  1188  0  1189  0  0  0  0  0  0  0  0  0  1249  0  0  0  1236  0  0  0  1193  1193  1193  1193  1193  0  0  1250  0  0  0  0  1251  0  1252  0  0  0  0  1211  0  0  0  0  0  0  0  0  0  0  0  0  0  1253  1253  0  0  
0  1254  0  0  0  1232  1232  1232  1232  1232  1232  1232  0  0  1219  0  0  0  0  1246  1246  0  1256  0  0  0  0  0  1203  1203  1203  1203  1203  0  0  1234  1234  1234  0  1258  0  0  1188  1188  0  1189  0  0  1259  0  0  1260  1260  1260  1260  0  1261  0  0  1236  1236  0  0  0  0  0  1193  0  0  1262  0  0  0  0  0  0  0  1252  1252  0  1263  0  0  0  1264  0  0  1265  0  0  0  1266  0  1267  0  1253  1253  1253  0  1269  
0  0  1254  0  1270  0  1232  1232  0  1232  0  0  0  1271  1271  0  1272  0  1273  0  1246  1246  0  0  0  1274  1274  1274  1274  0  0  0  1203  0  1203  0  1234  0  0  0  1258  0  1188  1188  0  1188  0  1278  0  0  0  1260  1260  0  1260  1260  0  0  0  0  1236  1236  1236  1236  1236  0  0  0  1280  1280  0  0  0  0  0  1281  0  1282  0  0  1283  0  1284  0  1285  0  0  0  0  0  1286  0  0  1287  0  0  1253  1253  0  0  
0  1288  0  0  0  0  0  0  1232  1232  1232  0  0  0  1271  0  0  0  0  0  0  1246  1246  0  0  0  0  1274  0  1290  0  0  1203  1203  1203  0  1234  0  0  1291  0  0  0  1188  1188  1188  0  0  1292  0  1293  0  0  1260  0  1260  1260  0  1236  1236  1236  0  0  1236  0  0  0  0  0  0  1296  1296  0  0  0  0  0  0  1297  0  0  0  0  0  0  0  1298  0  0  0  0  0  0  1287  0  1299  0  0  1300  1300  
0  0  0  0  1301  0  1302  0  1303  0  1232  0  0  1304  1304  0  0  1305  1305  1305  0  0  0  0  0  0  0  0  1274  0  0  0  0  0  0  0  0  1234  0  0  0  0  0  1188  1188  0  1188  0  1307  0  1308  0  0  0  1260  1260  1260  1260  1260  0  0  1236  0  0  0  1309  0  1309  1309  1309  0  0  0  1311  0  1312  1312  0  0  0  1313  0  1314  0  0  1315  0  1298  0  1316  1316  1316  0  1287  1287  0  0  0  0  0  
1318  0  1319  0  0  0  0  1320  0  1232  1232  0  1322  0  0  1323  0  1305  0  1305  0  0  1324  0  1325  1325  0  0  1274  1274  0  1326  0  0  1327  0  1234  1234  0  1329  0  1188  1188  1188  1188  0  1188  0  0  0  0  1331  0  1332  0  0  1260  1260  0  1333  0  0  0  0  0  1309  1309  1309  0  1309  0  0  0  0  1334  0  1312  1312  1312  0  1313  1313  0  1335  0  1315  1315  0  0  1316  0  0  0  0  0  0  0  0  0  0  
1318  1318  0  0  0  0  0  1337  0  0  1232  1232  0  1322  0  1338  0  0  0  0  1305  1305  1305  0  0  0  1325  1325  0  0  1274  0  0  1327  1327  1327  0  0  0  1340  0  0  1188  0  0  1188  0  0  1341  0  0  0  1331  0  0  1342  0  1260  0  1343  0  0  1344  1344  1344  1344  0  1309  0  0  1309  0  0  0  1345  0  0  1312  0  0  0  1313  1313  1313  0  1315  1315  0  1347  0  1316  0  0  0  1348  1348  0  0  0  0  
0  0  0  1349  1349  0  1350  0  0  0  0  1232  0  1322  1322  0  0  0  1351  0  0  1305  0  0  1352  1352  0  1325  1325  0  0  0  1353  0  0  1327  1327  0  0  1340  0  0  0  0  1354  0  0  0  0  1355  1355  0  1331  0  0  0  1356  0  0  0  1357  0  1344  0  0  0  0  0  0  0  0  0  0  1358  0  1359  1359  0  1360  1360  0  1313  1313  0  1361  0  0  0  0  1316  1316  1316  0  0  0  1348  1348  0  1363  0  
0  0  0  1349  1349  0  0  0  1365  0  0  0  0  0  0  0  1366  0  0  1351  1351  0  0  0  0  0  1352  1352  0  1325  0  0  0  0  1367  0  0  0  1368  1368  0  1369  0  1370  1370  0  0  0  1355  1355  1355  0  1372  0  1373  0  1356  1356  0  1375  1375  0  0  0  0  1376  0  0  1377  0  0  0  0  0  0  0  0  0  1378  0  1360  0  1313  1313  0  1361  0  0  1379  1379  0  0  1316  1316  0  1380  0  0  0  1363  
1381  0  0  0  0  0  0  0  0  1382  0  1383  0  0  1384  0  0  1385  1385  0  1351  1351  1351  0  0  0  0  0  0  1325  1325  0  0  0  1367  0  1386  1386  0  0  0  1369  0  0  0  0  0  1355  1355  0  1355  1355  0  0  1373  0  0  0  0  0  1375  0  0  0  1388  0  1389  0  1377  1377  0  0  0  0  1390  0  0  1391  0  1360  1360  1360  0  0  1393  0  0  1379  1379  0  0  1316  1316  1316  0  1380  0  0  0  1363  
0  0  1396  1396  1396  0  0  0  1397  0  1382  0  1383  1383  1383  0  1398  0  0  0  0  1351  0  0  0  1399  0  1400  0  0  0  1325  0  0  1367  1367  0  1386  0  1402  1402  0  0  1403  1403  0  0  1355  1355  1355  0  1355  0  0  0  1373  0  0  1405  0  0  0  0  0  1406  0  0  0  0  1377  0  0  0  1407  1407  0  1408  1408  0  0  0  0  1360  0  0  0  0  0  0  0  0  1409  0  0  1316  1316  0  1410  0  0  
0  1411  0  0  1396  1396  0  0  1397  0  0  1412  0  1383  0  0  1398  1398  0  0  0  1351  0  0  0  0  1413  0  1414  0  0  0  0  0  0  0  0  0  0  1402  0  0  0  1403  0  0  1355  1355  1355  0  0  1355  0  1416  0  1373  0  0  0  1417  0  0  0  1406  1406  1406  1406  0  1377  1377  0  0  1407  1407  1407  1407  0  0  1421  1421  0  0  1360  1360  0  1422  0  0  0  1423  0  0  0  0  0  1316  0  1410  1410  0  
0  0  0  1424  0  1396  0  1425  0  1397  1397  1397  0  1426  0  0  0  0  0  0  1427  0  1351  1351  0  1428  1428  0  1429  0  1430  0  0  1431  1431  0  0  1432  0  0  1402  1402  0  0  0  1433  0  1355  0  0  0  1434  0  1435  0  0  1373  0  1436  1436  0  1437  0  0  0  0  0  0  1438  0  1377  0  0  0  0  0  0  0  0  0  1421  0  0  0  0  0  1422  0  0  1439  0  0  0  1440  0  0  0  0  0  0  
0  0  0  0  1441  0  0  1425  0  0  0  0  0  0  0  0  1442  1442  1442  0  0  1351  1351  1351  1351  0  1428  0  0  1430  1430  0  1445  0  0  0  0  0  1446  0  0  0  0  1447  0  0  0  0  0  0  0  1434  0  0  0  0  1373  1373  0  0  0  0  0  1448  0  0  1449  0  0  0  1377  0  0  1450  1450  0  0  0  0  0  0  0  0  0  1451  0  0  0  0  0  1452  0  0  0  0  1453  0  0  1454  0  
0  0  0  1455  0  1441  1441  0  0  1456  0  0  0  0  1457  0  0  1442  0  0  1351  1351  1351  0  0  0  1428  1428  0  1430  1430  1430  0  0  0  1461  0  0  0  1446  0  1462  0  0  1447  1447  0  0  0  1463  0  0  0  1464  0  1373  1373  1373  1373  1373  1373  1373  0  1466  0  1467  0  1449  0  0  0  1377  1377  0  0  0  0  0  1468  0  0  0  0  0  1469  0  1470  0  1471  1471  0  0  0  0  1472  0  1453  0  0  0  
