2  2  2  0  2  2  2  0  2  2  2  2  2  0  2  0  2  0  2  2  2  2  2  2  2  0  2  2  2  0  9  0  2  2  2  2  0  2  0  2  2  2  2  2  2  0  2  0  2  0  2  2  2  2  2  2  2  0  2  2  2  2  2  0  2  2  2  2  2  2  2  2  0  2  0  2  2  2  2  0  2  2  2  0  2  0  2  2  2  2  2  0  2  0  0  0  2  2  2  2  
2  2  2  2  0  2  2  2  2  0  2  2  0  2  2  2  2  2  0  0  2  0  2  2  2  2  2  2  0  2  2  0  2  0  0  2  2  2  2  2  0  2  2  2  2  2  2  2  0  2  2  2  0  2  2  0  0  2  2  0  0  2  2  0  2  2  0  2  0  0  2  2  2  2  2  2  2  0  2  2  2  2  2  2  2  2  2  2  2  2  2  2  2  2  2  2  2  2  2  2  
0  0  2  0  2  2  0  2  2  2  2  0  2  2  2  0  2  2  2  2  2  2  2  2  2  0  0  2  0  2  2  0  2  2  0  2  2  2  2  2  2  0  2  2  0  0  2  2  2  2  0  2  0  2  2  0  2  2  2  2  0  2  2  2  2  0  2  2  2  0  2  2  0  2  2  2  0  2  0  2  2  0  2  2  2  2  2  0  2  0  2  2  2  2  0  2  2  2  2  2  
2  2  2  2  0  2  2  2  2  2  2  2  2  2  2  2  2  2  2  0  0  2  2  2  2  2  2  2  2  2  2  2  0  2  2  0  0  0  2  0  2  2  0  2  2  2  2  2  0  2  2  2  2  2  0  2  2  2  2  2  2  2  2  2  2  2  2  2  2  2  2  2  2  2  2  2  2  2  2  2  0  2  2  2  2  2  2  2  0  2  2  2  2  0  0  0  2  0  2  2  
0  0  2  2  2  2  2  0  2  0  2  0  0  2  0  2  2  2  2  2  2  0  0  2  2  2  2  2  2  2  0  2  2  2  2  2  2  2  2  2  2  2  2  0  2  2  2  2  2  2  2  2  2  0  0  2  2  2  2  0  2  2  0  2  2  2  2  2  2  0  2  2  2  2  2  0  2  2  2  2  0  0  2  0  2  2  2  2  2  2  2  2  2  0  0  2  2  2  0  2  
0  2  2  0  2  2  0  2  2  2  2  0  0  2  2  2  2  2  2  2  2  2  2  2  2  2  2  2  2  2  2  2  2  2  2  2  2  0  0  2  0  2  2  2  2  2  2  2  2  2  2  2  0  0  2  2  0  0  2  2  2  2  2  2  2  2  2  2  2  2  2  2  2  2  2  2  2  2  2  0  2  2  0  0  2  2  2  0  2  2  2  2  0  2  2  0  2  0  2  0  
0  0  2  2  0  0  2  2  0  2  2  2  2  2  2  0  2  2  2  2  2  2  2  2  0  2  2  2  2  2  2  2  2  2  2  2  2  2  0  2  2  2  2  2  2  2  2  2  2  2  2  0  2  0  2  2  2  2  2  2  0  2  0  2  2  2  2  2  2  2  2  2  2  2  2  2  2  0  2  0  2  2  0  2  2  2  2  2  2  2  2  2  2  2  2  2  2  2  0  0  
2  2  0  2  2  2  2  2  2  0  0  2  2  2  2  2  2  2  0  0  2  2  2  0  2  0  2  0  2  2  2  2  2  0  2  2  2  2  2  0  2  2  2  2  0  0  2  0  2  2  2  2  2  2  0  2  0  0  0  2  2  2  0  43  0  2  2  2  2  2  2  2  2  2  2  2  0  0  2  2  0  2  2  2  0  2  2  0  0  2  2  2  2  2  2  2  2  0  2  2  
2  2  2  2  2  2  2  2  2  0  2  2  0  2  2  2  2  0  2  2  2  2  2  2  2  2  0  47  0  2  0  2  2  2  2  2  2  2  0  2  0  2  2  2  2  0  2  2  0  2  2  2  2  2  2  2  2  2  2  2  2  2  2  0  0  0  0  2  2  2  0  2  2  0  2  2  2  0  2  0  0  0  2  2  2  2  2  0  2  2  2  0  2  2  2  2  2  0  2  2  
2  2  2  2  0  0  2  2  2  2  2  2  2  2  2  2  2  0  2  2  2  2  2  2  2  2  2  2  0  2  2  2  2  2  2  2  2  2  2  2  2  2  2  2  2  2  0  0  2  2  2  2  0  2  2  2  0  2  2  2  2  2  0  2  2  2  2  2  2  2  2  0  0  2  2  2  2  0  2  2  2  2  2  2  0  0  2  0  2  2  2  2  2  2  2  2  2  2  2  2  
2  2  2  2  2  2  2  2  2  2  2  2  2  2  2  2  2  2  2  2  2  0  2  2  2  0  2  2  0  2  2  2  2  2  2  2  2  2  2  2  2  0  2  2  2  2  2  2  2  2  2  2  2  2  2  2  2  2  2  0  0  2  2  2  2  2  2  2  2  2  2  2  2  0  0  2  2  2  0  2  0  2  0  2  2  2  2  2  2  2  2  2  2  2  0  2  2  2  0  2  
2  2  0  2  2  2  2  2  0  0  2  0  2  2  2  2  2  2  0  2  0  2  2  2  2  2  2  2  2  2  2  2  2  2  2  2  2  2  2  2  2  0  2  0  2  2  2  2  2  2  2  2  2  2  2  2  2  2  2  2  2  2  2  2  2  2  0  2  2  2  0  2  0  2  2  2  2  2  2  2  2  0  0  0  2  2  2  2  2  0  2  0  2  2  2  2  0  2  2  2  
2  2  2  2  2  2  2  2  2  0  0  0  2  2  0  2  2  2  2  2  2  2  2  0  2  0  2  2  2  2  2  2  0  2  2  2  2  2  2  2  2  0  2  2  2  2  0  0  2  0  2  2  2  2  2  2  2  2  2  2  2  0  2  2  2  0  0  2  2  2  2  2  2  2  2  2  2  2  0  2  2  2  2  2  2  2  2  2  2  0  2  2  2  2  0  2  2  2  2  2  
2  2  2  0  2  2  2  2  2  2  0  2  2  2  2  0  2  2  2  2  2  0  2  2  2  2  2  2  2  2  2  0  0  2  2  2  2  2  2  2  0  2  2  2  2  2  2  0  2  2  2  2  2  2  2  2  2  2  2  2  2  2  2  2  2  2  2  0  2  2  2  2  2  2  2  2  2  2  2  2  2  2  0  2  2  2  0  0  2  2  0  2  2  2  2  2  2  2  2  2  
2  2  0  2  0  2  2  0  2  2  2  2  0  2  0  0  2  2  2  2  2  2  2  0  2  2  2  0  2  2  0  2  2  0  0  2  2  0  2  2  2  2  2  2  0  0  0  0  2  2  2  2  2  2  0  2  0  2  2  2  2  0  2  0  2  2  0  2  2  2  2  2  2  2  0  0  2  2  2  0  0  2  0  2  0  2  0  2  2  2  0  2  2  2  2  2  2  2  2  0  
2  2  0  2  2  2  2  2  0  2  2  2  2  2  2  2  2  2  2  2  2  2  2  2  2  2  2  2  2  2  0  0  2  2  2  2  0  2  0  2  0  0  2  2  0  0  2  2  2  2  2  2  2  2  0  2  2  2  2  2  2  2  2  0  2  2  0  2  2  2  2  2  0  2  2  2  0  2  2  2  2  2  2  2  0  2  2  2  2  2  0  0  2  0  2  2  2  2  0  2  
2  2  2  2  2  2  2  2  2  2  2  2  2  2  2  2  2  2  0  2  2  2  2  2  0  2  2  2  2  2  2  0  2  2  2  2  2  2  0  2  2  2  2  2  0  0  2  2  2  2  0  2  0  2  2  2  2  0  2  2  2  2  2  0  2  2  0  0  2  0  0  0  2  2  0  2  0  2  0  2  0  2  2  2  2  2  2  2  2  0  2  2  2  2  0  2  0  2  2  2  
74  0  2  2  2  2  0  2  0  2  2  0  0  2  2  2  2  2  2  2  2  0  0  2  2  2  2  0  2  2  2  2  2  2  2  0  0  2  2  2  2  2  2  2  2  2  2  2  2  0  0  2  0  0  0  2  2  2  2  2  2  2  2  2  0  2  2  2  0  2  2  2  2  2  2  2  2  2  2  0  2  2  2  0  2  2  0  2  2  2  2  0  2  2  2  2  2  2  2  2  
0  2  2  2  2  2  0  2  2  2  2  2  2  2  0  2  2  2  2  2  2  2  0  2  2  2  0  2  2  2  2  0  2  2  2  2  2  2  2  2  2  2  2  2  2  0  2  2  2  2  2  2  2  2  2  2  2  2  2  0  0  0  2  2  2  2  2  2  2  2  2  2  2  2  2  2  2  2  2  2  2  2  2  2  2  2  2  2  2  2  2  2  2  2  2  2  2  2  2  2  
2  2  2  2  2  2  2  2  0  2  2  2  2  2  0  2  2  2  2  0  0  2  0  0  2  2  2  2  2  2  2  2  2  2  0  2  2  2  2  2  2  0  2  0  2  2  2  2  2  0  2  0  2  2  2  2  2  2  2  2  0  80  0  2  2  0  2  0  2  0  2  2  2  2  0  2  0  0  2  2  2  2  2  2  2  0  2  2  2  0  2  2  0  0  2  2  2  2  0  2  
2  2  2  0  2  0  2  2  2  2  2  0  2  2  2  2  2  2  2  2  2  0  2  0  2  2  2  2  2  2  2  2  2  2  2  0  2  2  0  2  2  0  2  0  2  2  2  2  2  2  0  2  2  2  0  0  2  2  2  2  2  0  2  2  2  2  2  2  0  0  2  2  2  2  2  2  2  2  2  2  0  2  2  2  2  2  0  2  2  2  0  2  2  2  0  2  2  2  2  2  
2  0  2  2  2  2  2  2  2  0  2  2  2  2  2  2  2  2  0  0  2  0  2  2  2  0  2  0  2  2  2  0  2  2  2  0  2  2  0  2  2  0  0  2  2  2  0  2  2  2  2  2  2  0  2  2  2  2  0  2  2  2  2  2  2  2  2  2  2  2  2  2  0  0  2  2  2  2  0  2  2  2  2  2  2  2  0  2  2  2  2  2  2  0  2  2  2  2  2  2  
2  2  2  2  2  2  2  2  0  2  0  2  2  2  2  2  0  2  2  2  2  2  2  2  2  2  2  2  2  2  2  2  2  2  2  2  2  2  2  0  2  2  2  2  0  2  0  2  0  2  2  2  2  2  0  2  2  2  0  2  2  2  2  2  2  2  2  2  2  2  2  2  2  0  2  2  0  2  2  2  2  2  2  2  2  2  2  2  2  2  2  2  2  2  2  2  2  2  0  2  
90  0  2  0  2  2  2  0  2  2  2  2  2  2  0  2  2  2  2  2  0  2  2  2  2  2  2  2  2  2  0  0  2  2  2  2  2  2  0  0  2  2  2  2  0  2  2  2  2  0  0  2  2  0  0  0  2  2  2  2  2  2  2  2  0  2  0  0  0  2  2  2  2  0  2  2  0  2  2  2  2  2  2  2  2  0  2  2  2  2  2  0  0  0  2  2  0  2  2  0  
0  2  2  2  2  2  2  2  2  2  0  2  2  2  2  2  2  2  2  2  0  2  2  2  2  2  2  2  2  2  2  0  0  2  0  2  2  2  2  2  0  2  2  0  2  2  2  2  2  2  2  2  2  2  0  2  2  2  0  0  0  2  2  0  2  2  2  0  2  2  0  0  2  2  2  2  2  2  2  0  2  2  2  2  2  2  2  2  2  2  2  2  2  2  0  2  2  0  2  2  
0  2  0  2  0  2  2  2  2  2  2  0  2  2  2  0  2  2  2  0  2  2  2  2  2  0  2  0  0  0  2  2  0  0  2  0  2  2  2  2  2  2  2  2  2  2  2  2  2  2  0  2  2  2  2  2  0  2  2  2  2  2  2  0  101  0  2  2  2  0  2  0  2  2  2  2  2  2  2  2  2  0  2  2  2  2  2  2  0  2  2  2  2  0  2  2  2  2  0  2  
2  2  2  2  0  2  2  2  2  2  0  2  2  0  2  2  2  2  2  2  0  2  2  2  2  2  2  2  0  2  2  2  2  2  2  2  2  2  0  2  0  0  2  0  2  2  0  2  2  0  2  0  2  2  2  2  0  2  2  2  2  2  2  2  0  2  0  2  2  2  2  2  2  0  2  2  2  2  2  2  0  2  2  2  2  2  2  2  2  2  0  2  2  2  2  2  2  2  2  2  
2  2  2  2  2  0  0  2  2  2  2  2  0  2  2  2  2  0  2  0  2  2  2  2  0  2  0  2  2  2  2  2  2  2  0  2  2  0  2  2  2  2  2  2  0  2  2  2  2  0  2  2  2  0  2  2  2  2  0  2  2  2  2  2  2  2  2  2  2  0  2  0  2  2  2  0  2  2  2  2  2  2  2  2  2  2  2  2  2  2  0  2  0  0  0  2  2  2  2  2  
0  2  2  2  0  2  0  2  2  2  2  2  0  2  2  0  2  2  2  0  2  2  0  2  2  0  2  2  0  2  2  2  2  2  0  0  2  2  2  2  2  2  2  2  0  2  2  2  2  0  2  2  2  2  2  2  2  2  2  2  2  2  0  0  0  2  2  2  2  2  2  2  2  2  2  2  2  2  0  2  2  2  2  2  2  2  0  2  2  2  2  2  0  0  2  0  2  0  2  0  
2  2  2  2  2  0  2  2  0  2  2  2  2  2  0  2  2  2  2  0  0  2  2  2  2  2  2  2  0  2  2  2  2  2  2  2  2  2  2  2  2  0  2  2  2  0  2  2  2  2  2  2  2  2  2  0  2  2  0  0  2  2  0  0  2  2  2  2  2  0  2  0  2  0  2  2  2  0  0  2  0  2  2  2  2  2  2  2  2  2  2  2  2  2  2  2  0  2  2  2  
2  2  2  0  0  2  2  2  2  0  2  2  2  2  2  0  2  2  0  2  2  0  2  2  0  2  0  0  2  2  2  2  2  2  2  2  2  2  2  2  2  2  0  0  2  2  2  2  2  2  2  2  2  0  0  2  2  2  2  0  0  2  2  2  2  2  0  2  2  2  2  2  2  2  2  2  0  2  2  2  2  0  2  2  2  2  2  2  2  2  2  2  2  2  2  2  2  2  2  2  
2  2  2  2  2  0  0  2  2  2  2  2  2  2  2  2  2  2  0  2  2  2  2  2  2  0  2  2  2  2  2  2  2  0  2  2  0  2  2  2  2  2  2  0  2  0  0  2  0  2  2  0  0  2  2  2  2  2  0  2  0  2  2  2  2  2  2  2  2  2  0  0  0  2  2  0  2  0  2  2  0  0  2  0  2  2  2  0  0  2  2  0  2  2  2  2  2  2  0  0  
0  2  2  2  0  0  2  2  2  2  2  2  2  2  2  2  2  2  2  0  2  2  2  0  2  2  2  2  2  0  2  0  2  0  2  2  2  2  0  2  0  2  2  0  2  2  2  0  2  2  2  2  2  0  0  2  2  2  2  0  2  2  0  0  2  0  2  0  2  2  2  0  0  2  2  2  2  0  2  0  2  2  2  2  2  2  2  2  2  2  2  2  2  2  2  2  2  2  2  2  
2  0  2  2  2  0  2  0  2  2  0  2  2  2  2  2  2  2  0  2  2  2  2  2  2  0  0  2  2  2  2  2  2  2  2  2  0  2  2  2  2  2  0  2  0  2  0  2  2  2  2  0  2  2  2  2  2  0  2  2  2  2  2  2  2  2  0  2  2  2  2  2  2  2  2  0  2  0  2  2  0  2  2  2  2  2  2  2  2  2  2  2  2  2  2  0  2  0  2  2  
2  2  0  2  2  2  2  2  0  2  2  0  2  2  2  2  2  2  2  2  0  2  2  2  2  2  2  2  2  2  0  2  2  2  2  2  2  2  2  2  2  0  2  2  0  2  2  2  2  2  0  0  2  2  0  0  2  2  2  2  2  2  2  0  2  2  2  0  2  2  2  2  2  2  2  2  2  2  2  2  0  2  2  2  2  0  2  2  2  0  2  2  2  0  2  2  2  2  2  2  
2  2  2  2  2  2  2  2  2  2  2  2  0  2  2  2  2  0  2  2  2  2  2  0  2  2  2  2  2  0  2  2  2  0  2  2  2  2  2  2  0  2  2  2  0  2  0  2  2  2  0  2  2  2  2  0  2  2  2  2  2  2  2  2  2  2  2  0  2  2  2  2  2  2  2  2  2  2  0  2  2  2  2  2  2  2  2  2  2  2  2  0  2  2  2  2  2  2  2  2  
2  2  2  2  2  2  2  2  2  2  2  2  2  2  2  2  2  0  2  2  2  2  2  2  0  2  2  2  0  2  2  2  0  0  0  2  2  2  2  2  2  2  2  2  2  2  0  2  0  2  2  2  2  2  2  0  2  2  2  2  2  2  0  0  2  2  2  2  0  0  2  2  2  0  2  0  2  2  2  0  2  2  0  2  2  2  2  2  2  2  2  2  2  2  2  2  2  2  0  2  
2  2  2  2  2  0  2  2  2  0  2  2  2  0  2  2  2  2  2  2  2  2  2  2  2  2  2  0  2  2  0  2  2  2  2  0  0  0  2  2  2  2  2  2  0  2  2  2  2  2  0  2  2  0  2  2  2  0  2  2  2  2  2  2  2  2  2  2  2  2  2  0  0  2  2  2  2  2  2  0  2  2  2  2  2  2  2  2  2  2  2  2  2  0  2  2  2  0  2  2  
2  2  2  2  2  0  0  2  2  2  0  2  0  2  2  2  2  2  2  2  2  0  2  0  2  2  2  2  2  2  2  0  2  2  2  0  2  2  2  0  2  2  2  2  0  2  2  2  2  2  2  2  2  2  2  2  2  2  2  2  2  2  2  2  0  2  2  0  0  0  2  2  0  2  2  2  2  2  2  2  2  2  0  2  2  0  0  2  2  2  2  2  2  2  2  0  0  2  0  2  
2  2  2  2  2  2  0  2  2  0  2  2  2  2  2  2  2  2  2  0  2  2  2  2  2  2  2  2  2  2  0  2  2  0  2  0  2  0  2  2  2  2  0  2  2  2  0  2  2  0  2  2  2  2  2  2  2  2  2  0  2  2  2  0  2  2  2  0  2  2  0  2  2  0  2  0  2  2  0  2  2  2  2  2  2  2  2  2  0  0  2  2  2  2  2  0  2  2  2  2  
2  0  2  2  2  0  2  2  2  2  2  2  0  0  2  0  2  0  2  2  2  2  2  2  2  2  2  2  2  2  2  2  2  2  2  2  2  0  2  2  0  2  2  2  0  2  2  2  2  2  2  0  0  2  2  2  2  2  2  2  2  2  2  2  0  2  2  0  0  2  0  2  2  2  0  2  2  2  2  2  2  2  0  2  2  0  2  2  2  2  2  0  0  2  2  2  2  0  2  2  
2  2  2  0  0  2  2  2  0  0  0  2  0  2  2  0  0  2  2  2  2  0  0  2  0  2  2  0  2  2  2  2  0  0  2  2  0  2  2  0  2  2  2  2  2  2  0  2  2  2  0  2  2  2  2  2  2  2  2  0  2  2  2  0  0  2  2  2  2  2  2  2  2  2  2  2  2  2  2  2  2  0  2  0  2  2  2  2  2  0  2  2  2  2  2  2  2  2  2  2  
2  2  2  2  2  2  0  2  2  2  2  2  2  2  2  2  2  2  2  0  0  2  0  2  2  0  2  2  0  2  2  2  2  2  2  2  0  2  2  2  2  2  2  2  0  2  0  2  2  2  2  2  2  2  2  2  0  2  2  2  0  2  2  0  2  2  2  2  2  2  2  2  2  0  0  2  2  2  0  2  0  0  2  0  2  2  2  2  2  2  2  2  2  2  2  2  0  2  2  2  
2  2  2  2  0  2  2  2  2  2  2  2  2  2  2  0  0  2  0  2  2  2  2  2  2  2  2  2  2  0  2  0  2  2  2  2  2  2  2  0  0  2  2  2  2  2  2  2  2  2  2  2  2  2  2  2  2  2  2  2  2  2  2  2  2  2  2  2  2  2  0  2  2  0  0  2  0  2  2  2  2  2  2  2  2  2  2  2  2  2  2  0  0  2  2  0  2  0  2  2  
2  0  2  2  2  2  0  2  2  2  2  2  2  0  0  2  2  2  0  2  2  2  2  2  0  2  2  0  2  2  2  2  2  0  2  2  2  2  2  2  2  2  2  2  2  2  2  2  2  2  0  0  2  2  0  2  2  2  2  2  2  2  2  2  2  2  0  0  0  2  2  2  2  2  2  2  0  2  2  2  0  2  2  2  2  2  2  0  2  2  2  2  2  0  2  0  0  2  2  2  
2  2  2  2  2  2  0  2  0  2  2  2  2  2  2  2  2  2  2  2  0  2  0  2  2  0  2  2  2  2  2  2  0  2  2  2  2  2  0  2  2  2  2  2  2  2  2  2  2  2  0  2  2  0  2  2  2  0  0  2  2  2  2  2  0  2  0  2  2  2  0  0  0  2  0  0  2  2  0  2  2  2  2  2  0  2  2  0  2  2  2  2  2  2  2  0  2  2  2  2  
2  2  0  2  2  2  2  2  0  0  2  2  2  0  2  2  2  2  0  2  2  2  2  2  2  2  0  2  2  2  0  2  2  2  2  2  2  2  2  2  2  2  2  2  2  2  2  0  0  2  2  2  2  2  2  0  2  0  2  2  2  0  2  2  2  2  2  2  2  0  2  2  2  2  2  2  2  2  2  2  2  0  2  2  2  2  2  0  2  0  2  2  2  2  0  2  2  2  2  2  
2  2  2  2  2  0  2  2  0  0  2  2  2  2  2  0  2  0  2  2  0  2  0  2  2  2  0  2  2  2  2  2  2  0  0  0  2  2  0  2  2  2  2  0  2  2  0  2  0  2  2  2  0  2  2  2  2  0  2  2  0  0  2  2  2  2  2  0  2  2  2  2  2  2  2  2  2  2  2  2  2  0  2  2  2  0  2  2  2  2  2  2  0  2  2  2  2  2  2  2  
2  2  0  2  0  2  0  2  2  2  2  2  2  2  2  2  2  2  2  2  2  2  0  2  2  2  2  2  2  0  2  2  0  2  0  182  0  2  2  2  2  0  2  2  2  2  2  2  2  2  2  2  2  2  0  2  2  2  0  0  2  2  2  2  2  2  2  2  2  2  2  0  2  0  2  2  2  0  2  2  0  0  0  2  2  2  2  2  2  2  2  2  2  2  2  2  2  0  2  2  
2  2  0  2  0  0  2  2  0  2  2  2  2  0  2  2  2  2  2  2  2  0  2  2  2  0  0  2  2  2  0  2  2  0  2  2  0  2  2  2  2  2  0  0  2  2  2  2  2  0  2  2  0  2  2  0  2  2  2  2  0  2  2  2  2  0  2  2  0  2  2  2  0  0  0  2  2  2  2  2  2  0  2  2  2  2  2  2  2  2  2  2  2  2  2  2  2  2  0  2  
2  2  2  2  2  0  0  2  2  2  2  2  2  2  2  2  2  2  2  2  2  2  2  2  2  2  0  2  2  0  2  0  0  2  2  2  2  2  2  0  2  2  0  2  2  2  2  0  2  2  2  2  2  2  2  0  2  2  2  0  2  2  0  2  2  2  2  2  2  0  2  2  2  2  0  2  2  2  2  0  2  2  2  2  2  2  2  2  2  2  2  2  2  0  0  0  2  2  0  2  
192  0  2  2  2  0  193  0  2  2  2  2  2  0  2  2  2  2  2  0  0  0  0  2  2  0  2  2  2  2  2  2  2  2  2  2  2  2  2  2  2  0  2  2  2  2  2  0  2  2  2  2  2  0  2  2  0  2  2  2  2  2  2  2  2  2  0  0  0  2  0  2  0  2  2  2  2  2  0  2  2  0  0  2  2  2  2  2  0  2  2  0  2  2  2  2  2  2  2  2  
192  0  2  0  0  2  0  2  0  2  2  2  2  2  2  2  2  2  2  2  2  2  0  0  0  2  2  2  0  2  2  2  2  2  2  0  2  2  2  2  2  2  0  2  2  2  2  2  2  2  2  2  2  2  2  2  0  2  2  2  2  2  2  0  0  2  2  2  0  2  0  2  0  0  2  2  2  0  2  2  2  2  2  0  2  0  2  2  0  2  2  2  2  0  2  2  2  2  2  2  
2  0  2  2  2  2  2  2  2  2  2  0  0  0  2  2  2  2  2  2  2  2  2  2  0  2  2  2  2  2  2  2  2  2  2  2  2  2  2  2  0  0  2  2  2  2  2  2  0  0  2  2  0  2  2  0  2  2  2  0  0  2  2  2  2  2  2  2  2  0  2  2  2  2  2  0  2  2  0  2  2  2  2  2  2  2  2  2  0  2  2  0  2  0  0  2  2  2  2  2  
2  2  0  2  0  2  2  0  2  2  0  2  0  2  0  2  2  2  2  2  0  2  2  0  2  2  0  2  2  2  2  2  0  2  2  0  2  2  2  2  2  0  2  2  2  2  0  2  2  2  2  2  0  2  0  2  2  2  2  2  0  0  0  0  2  2  2  2  2  2  2  2  2  0  2  2  0  0  2  2  2  2  2  0  0  2  2  0  2  2  2  2  2  2  2  2  2  2  2  2  
2  2  2  2  2  2  2  2  0  0  2  2  2  2  2  2  2  2  2  2  2  2  2  2  0  2  2  0  2  2  2  2  2  2  0  2  2  2  2  0  2  2  2  2  2  2  2  0  2  2  2  2  2  2  2  2  2  2  2  0  2  2  2  2  2  2  2  0  2  2  2  0  2  0  2  2  0  2  2  2  0  2  0  2  2  2  2  2  2  0  2  2  2  2  0  2  2  2  0  2  
2  2  2  2  2  2  0  2  2  2  0  2  0  2  0  2  2  2  2  2  2  2  2  2  2  0  0  0  0  2  2  2  0  2  0  2  2  2  2  2  2  0  2  2  2  2  0  2  2  2  2  0  0  2  0  2  2  2  2  0  2  2  0  2  2  2  0  2  2  0  2  2  0  2  2  2  2  2  2  2  0  2  2  2  2  2  2  2  2  0  2  0  2  2  0  2  2  2  2  2  
2  2  2  0  0  2  2  2  2  2  0  2  2  0  0  2  2  2  0  2  2  2  0  0  0  2  2  2  2  0  2  2  2  2  2  2  0  0  2  2  2  2  2  0  2  2  0  2  2  2  2  2  2  2  2  2  2  2  2  2  2  2  2  2  2  2  2  2  0  2  0  2  2  2  2  0  2  2  2  2  0  0  2  2  2  2  2  0  2  0  2  2  2  2  2  2  0  2  2  2  
0  2  2  2  2  2  2  0  2  2  2  2  2  2  2  0  0  2  2  0  0  2  2  2  2  0  2  0  2  2  2  2  2  2  0  2  2  2  2  2  2  2  2  2  2  0  2  2  2  2  2  2  2  0  2  0  0  2  2  0  2  2  2  2  2  2  2  2  2  2  2  2  2  2  2  2  2  2  2  2  2  2  0  0  0  2  0  0  2  0  2  2  2  2  0  2  2  2  2  0  
2  2  2  2  2  0  2  2  2  2  0  2  2  2  2  2  2  2  2  2  2  2  2  2  2  2  2  2  2  2  2  2  2  2  2  2  2  2  2  2  2  2  0  2  2  0  0  2  2  2  2  2  2  2  2  0  0  222  0  2  0  2  2  0  2  0  2  2  2  2  2  2  0  2  2  2  2  2  2  2  2  2  2  2  2  2  2  2  2  2  0  2  2  2  2  0  2  2  2  2  
2  2  2  2  2  2  0  2  2  2  2  2  2  2  2  2  2  2  2  2  2  2  2  0  0  2  2  0  0  0  0  2  2  0  2  2  2  2  2  2  2  2  2  2  2  0  2  2  2  2  2  2  2  2  2  2  2  0  224  0  2  2  2  2  2  2  2  2  0  2  0  2  2  2  2  0  2  0  2  0  0  2  2  2  2  2  2  0  2  2  0  2  2  2  0  2  2  2  2  2  
2  2  2  2  2  2  2  2  2  2  0  0  2  2  0  2  0  2  2  0  2  2  2  2  2  2  2  2  2  2  2  0  2  2  2  2  2  2  2  2  2  2  2  2  0  2  2  2  2  2  2  2  2  0  2  2  0  2  2  0  2  2  2  2  2  2  2  0  2  2  0  0  0  0  2  2  2  2  0  2  2  2  2  2  2  2  0  2  2  2  2  0  2  2  2  2  2  2  2  2  
0  2  0  2  0  2  2  2  2  2  0  2  2  2  0  2  2  2  2  2  2  2  2  2  0  2  2  0  0  2  0  2  2  2  0  2  2  2  0  2  2  2  2  2  2  2  2  2  2  0  2  2  2  0  2  2  2  2  0  0  2  2  2  2  2  2  0  0  2  2  2  2  0  2  2  2  2  2  2  2  2  2  2  2  2  0  0  0  0  2  2  2  0  2  0  2  2  2  2  2  
0  2  2  2  0  2  2  2  0  2  2  2  2  2  2  2  2  2  0  2  2  2  2  2  0  2  0  2  2  2  0  2  2  2  2  2  2  2  2  2  2  2  2  0  0  2  2  2  2  2  0  2  2  2  2  0  2  0  2  2  2  2  2  2  2  0  2  2  2  2  2  2  2  2  2  2  2  0  0  2  2  2  0  2  2  0  0  2  0  2  2  2  2  0  2  0  2  0  2  2  
0  0  2  2  0  2  2  2  2  2  2  2  2  0  0  0  2  2  2  2  2  2  2  2  2  2  2  0  2  2  0  0  0  0  2  0  2  2  2  2  2  2  2  0  2  2  2  2  2  2  2  2  0  2  0  2  2  2  2  2  2  2  2  2  2  2  2  2  0  2  2  2  2  0  2  0  2  2  2  0  2  2  2  2  2  2  2  2  2  0  2  0  2  2  2  2  2  2  2  0  
2  0  2  2  0  2  2  2  2  2  0  2  2  2  2  0  2  0  0  2  2  0  2  0  2  2  2  2  2  2  2  2  0  2  2  2  2  2  0  2  2  2  2  2  2  2  2  2  2  2  2  0  2  2  2  2  0  2  2  0  0  2  2  2  0  2  2  0  2  0  0  2  2  2  0  2  2  2  2  2  2  2  2  0  2  2  2  2  0  2  0  2  0  2  0  2  0  2  2  2  
2  2  2  2  2  2  0  2  0  2  0  2  2  2  2  2  2  2  2  2  0  2  0  0  2  2  2  0  2  0  2  2  2  2  2  2  0  0  2  2  2  2  2  2  2  0  2  2  2  2  2  2  0  2  2  2  2  0  2  2  0  0  2  2  2  0  2  0  2  2  2  2  2  2  2  2  2  2  2  2  2  2  2  2  2  2  2  2  0  2  2  2  2  2  2  2  2  2  0  2  
2  2  2  2  0  0  2  2  2  2  2  2  2  2  2  2  2  0  2  2  2  0  2  0  2  2  2  0  2  2  2  2  2  2  2  2  2  2  2  2  2  2  2  0  2  0  2  0  2  2  2  0  2  2  2  2  0  2  2  2  2  2  2  2  2  2  2  2  2  2  0  2  0  2  0  2  2  2  0  2  2  2  2  2  2  2  2  2  2  0  2  2  2  2  2  2  2  0  2  0  
2  0  2  0  2  2  0  2  2  0  2  2  2  2  2  2  2  2  2  2  2  2  2  0  0  0  2  2  2  0  2  2  2  2  2  2  2  2  2  2  2  2  2  2  2  2  2  2  2  2  2  2  2  2  2  2  2  0  2  2  2  2  0  0  0  2  2  2  2  2  2  2  2  2  2  2  2  2  2  2  0  2  2  2  2  2  2  0  2  2  2  0  2  2  0  2  2  0  0  252  
2  2  2  2  2  2  2  2  2  2  2  0  0  2  2  2  2  2  2  2  0  2  2  2  2  0  2  0  2  2  2  2  2  2  2  2  2  2  2  0  2  2  2  0  2  0  0  2  2  2  2  0  0  2  2  2  2  2  2  0  2  2  0  2  2  2  2  0  2  2  2  2  2  2  2  0  2  2  0  2  0  2  2  2  2  2  2  2  2  2  2  2  2  2  2  2  2  2  2  2  
0  2  2  2  2  2  2  2  0  0  0  2  2  2  2  2  2  2  0  2  2  2  0  2  2  2  2  2  2  2  2  0  0  2  2  0  2  2  2  2  0  2  0  2  2  2  2  2  2  2  2  2  2  2  2  2  2  2  2  2  2  2  2  2  0  0  2  2  0  2  2  2  2  0  2  2  2  2  2  2  2  2  2  2  2  2  2  0  2  2  2  2  2  2  2  2  2  2  2  2  
2  2  2  2  2  2  2  2  2  2  0  2  2  2  2  2  2  2  2  2  2  2  2  2  2  2  2  2  2  2  0  2  2  2  2  2  0  2  2  2  2  2  2  0  2  2  2  2  2  2  2  2  2  2  2  2  2  2  0  2  2  2  0  2  2  2  2  2  2  2  2  2  2  2  2  2  2  2  2  2  2  2  2  2  2  2  0  2  2  2  0  2  2  0  2  2  2  2  2  2  
2  2  2  2  2  2  0  2  2  2  0  2  2  2  2  0  2  2  0  2  2  0  2  2  0  2  2  0  2  0  0  2  2  0  2  2  2  2  0  2  2  2  2  2  2  2  2  0  2  0  2  2  0  2  2  2  2  2  2  0  2  2  2  2  2  2  2  2  2  0  2  2  2  2  2  2  2  2  2  2  0  2  0  2  2  0  0  2  2  2  2  2  2  0  2  2  2  2  2  2  
2  2  2  2  2  0  0  2  2  0  2  2  2  2  2  2  2  2  2  0  2  2  2  0  2  0  2  2  2  2  0  2  2  2  2  0  2  0  0  0  0  2  2  2  2  2  2  2  0  0  2  2  2  0  2  2  2  2  0  2  2  2  2  2  0  0  2  2  0  2  2  2  2  2  2  0  2  2  2  2  0  265  0  266  0  2  2  2  2  2  2  2  2  2  2  2  2  2  2  2  
2  2  2  0  2  0  0  2  2  2  2  2  2  2  2  2  2  2  2  0  2  2  2  2  2  2  2  2  2  2  2  2  2  2  2  2  2  2  2  2  2  2  2  2  2  0  2  2  2  2  0  2  2  2  2  2  2  2  0  2  2  2  2  2  2  2  2  0  2  2  2  2  2  2  2  2  2  2  0  2  2  0  268  0  2  2  2  2  2  2  2  2  2  2  2  0  2  2  2  0  
2  2  2  0  2  2  2  2  0  0  2  2  2  2  2  2  2  2  2  2  2  2  0  2  2  0  2  2  0  0  2  2  2  2  2  2  2  2  2  0  0  2  2  2  2  2  2  2  2  2  2  2  0  2  2  2  2  2  0  2  2  2  2  0  0  2  2  0  2  0  0  2  2  2  2  2  2  2  2  2  2  2  2  0  2  2  2  0  2  2  2  2  0  2  2  2  2  0  2  2  
0  2  2  2  2  2  2  0  2  2  0  2  2  2  2  2  2  2  2  2  2  2  2  0  0  0  2  0  2  2  0  2  2  2  2  2  2  2  2  2  0  2  2  2  2  2  0  0  2  2  2  2  2  2  0  2  2  2  2  0  2  2  2  2  2  2  2  2  2  2  0  2  2  2  2  2  2  0  2  2  0  2  2  2  2  2  2  0  2  0  2  2  2  2  2  2  2  2  2  0  
2  2  2  2  0  2  0  2  2  2  2  2  2  2  2  0  2  2  2  2  0  2  0  2  0  278  0  2  2  2  0  2  2  2  2  2  2  2  0  2  2  2  2  2  0  2  2  0  2  2  2  0  2  2  2  0  0  2  2  0  0  2  2  2  2  2  2  2  2  2  2  2  2  2  2  2  2  2  2  2  0  0  2  0  0  2  2  2  2  2  2  2  2  2  0  2  2  2  2  2  
2  2  2  0  2  2  0  2  2  0  2  2  2  2  0  282  0  2  2  2  2  2  2  2  2  0  2  2  0  2  2  2  2  2  2  2  2  2  0  2  2  2  2  2  0  0  2  0  2  0  2  2  2  2  2  2  2  2  2  2  2  2  2  2  2  0  2  0  2  2  2  2  2  2  2  2  2  2  2  2  0  2  2  2  2  2  2  2  2  0  2  0  2  2  2  2  2  2  2  2  
2  2  2  0  0  2  2  2  2  2  2  2  2  2  2  0  0  0  0  0  2  0  2  2  2  2  2  2  2  2  2  0  2  2  2  2  0  2  2  2  2  2  2  0  2  2  2  0  0  0  2  2  2  2  2  2  2  2  0  2  0  2  2  2  0  2  2  2  0  2  2  2  2  2  2  0  2  2  2  2  2  2  2  2  2  2  2  2  2  2  2  2  2  2  0  2  2  2  2  0  
2  2  0  2  2  2  2  2  2  2  2  2  2  2  2  2  2  2  2  2  2  2  2  0  0  2  0  2  2  2  2  2  2  2  2  2  2  2  2  2  2  2  0  2  0  2  2  2  2  2  2  2  2  0  0  2  0  2  0  2  2  2  2  2  2  2  2  2  0  0  2  2  2  2  2  2  2  2  2  2  0  0  2  0  2  2  2  2  2  0  0  2  2  0  2  2  2  2  2  2  
2  0  2  2  2  2  2  2  2  2  2  2  2  2  2  2  2  2  2  2  2  2  2  2  0  2  2  2  2  2  2  2  2  2  2  2  2  0  0  0  2  2  2  2  2  2  2  2  0  2  2  2  0  2  2  2  2  2  2  2  0  2  0  2  2  2  0  0  2  2  0  2  2  2  2  2  2  0  2  2  2  0  2  2  0  2  0  2  2  2  0  2  2  0  2  2  2  0  0  2  
2  2  2  2  2  0  2  2  2  2  2  2  2  0  2  2  2  2  2  2  2  2  2  2  0  2  2  0  0  2  0  2  2  2  2  2  0  2  2  0  2  0  0  2  2  2  2  0  2  2  0  2  0  2  2  2  2  2  2  2  2  2  2  2  2  0  2  2  2  2  0  2  2  2  2  2  2  2  2  0  2  2  2  2  0  2  2  2  2  0  2  2  2  2  2  2  2  2  0  2  
2  0  0  2  2  2  2  0  2  2  0  2  2  0  2  2  2  2  0  0  2  0  2  2  2  0  0  2  2  2  2  2  2  2  2  2  2  2  0  2  2  2  0  2  2  2  2  0  2  0  2  0  0  303  0  0  2  2  2  2  2  2  2  2  2  2  0  2  2  0  0  2  0  2  2  2  2  0  2  2  2  2  2  2  2  2  0  2  0  2  2  2  2  0  2  2  2  2  2  2  
2  2  0  2  2  2  0  0  2  2  2  2  2  2  0  2  2  2  2  2  2  2  2  2  2  2  2  0  0  2  0  0  2  2  2  0  2  2  2  0  2  2  2  2  2  2  2  2  2  2  2  2  2  0  2  2  2  2  2  2  0  2  2  2  0  2  2  2  2  2  0  2  2  2  2  2  2  2  2  0  2  2  0  2  2  2  2  2  2  2  2  2  2  2  0  2  2  2  0  2  
2  2  0  2  2  2  0  2  2  2  0  2  2  2  2  2  2  2  2  2  2  0  0  0  0  2  0  0  0  2  2  2  2  0  2  2  2  2  0  2  2  2  0  2  2  2  2  2  2  2  2  2  2  2  2  0  2  2  2  0  2  2  2  2  2  0  2  2  2  2  2  0  2  2  2  2  2  2  2  2  2  2  2  2  2  2  2  2  2  2  2  2  2  0  2  2  0  0  2  2  
2  2  0  0  0  2  0  2  2  2  2  2  2  2  2  2  2  2  2  2  2  0  2  2  2  2  0  2  2  2  2  2  0  2  2  2  2  2  0  2  2  2  2  2  2  2  2  2  0  2  0  2  2  0  0  2  2  2  2  2  2  2  2  0  2  2  2  2  2  2  2  2  2  2  2  0  2  2  2  0  2  2  0  2  2  2  0  2  2  2  2  2  2  2  2  0  2  2  2  2  
0  2  2  2  0  2  2  0  2  0  2  2  2  2  2  2  2  2  2  2  2  2  2  0  2  0  2  2  2  2  2  2  2  2  0  2  2  2  0  0  0  2  0  2  2  2  2  2  2  2  2  2  2  2  2  2  2  2  0  2  2  0  0  2  2  2  2  2  2  0  2  2  2  2  2  2  2  2  2  0  0  2  2  2  2  0  0  2  2  2  2  2  0  2  2  2  2  2  0  2  
317  0  2  2  2  2  2  2  2  2  2  2  2  2  2  0  2  2  2  2  0  2  2  2  2  2  2  2  0  2  0  2  2  2  2  2  2  0  2  0  2  2  2  0  2  2  2  0  2  2  2  2  2  2  0  2  2  2  2  2  2  0  320  0  2  2  2  2  2  0  2  0  0  2  0  2  2  2  0  2  2  0  0  2  2  2  2  2  2  2  0  2  2  2  2  2  0  2  0  2  
2  0  2  2  2  2  2  2  2  2  2  0  2  2  2  0  2  2  2  0  0  2  2  2  2  2  2  2  2  2  2  0  0  2  0  2  2  2  2  2  2  2  0  2  2  2  2  2  0  2  0  2  2  0  2  0  2  0  2  2  2  2  2  0  2  2  2  2  2  2  2  2  0  2  0  0  2  0  0  2  2  0  329  0  2  2  2  2  0  2  2  2  2  2  2  2  0  2  2  2  
2  0  2  2  2  2  2  2  2  2  0  2  2  2  2  2  2  2  2  2  0  2  2  0  2  2  2  2  2  0  2  2  2  2  2  0  2  2  2  0  0  2  2  2  0  2  2  0  0  2  2  2  0  0  0  2  2  2  2  2  2  2  2  2  2  0  2  2  0  0  2  2  2  2  2  2  2  2  0  2  2  2  0  2  2  2  2  2  0  0  2  2  2  2  0  2  2  2  2  0  
2  2  2  2  2  2  0  2  0  2  2  2  2  0  2  0  0  2  2  2  2  2  2  2  2  2  2  2  0  2  2  2  2  2  2  2  2  2  2  0  2  2  2  2  2  0  2  2  2  2  2  2  2  2  2  2  2  2  2  0  2  2  2  0  2  2  0  2  2  2  2  2  2  2  2  2  0  2  2  2  2  2  0  2  2  2  2  2  2  2  2  2  2  0  2  2  2  2  2  2  
2  2  2  2  2  0  2  2  2  2  2  2  2  2  2  0  0  0  2  2  2  2  2  2  2  2  2  2  2  2  0  2  2  2  2  2  2  2  2  0  2  2  2  2  0  2  0  2  0  2  2  0  2  0  2  2  2  2  2  0  0  2  2  2  0  0  2  2  2  2  2  2  2  2  2  2  2  2  0  2  2  2  2  2  2  2  2  0  2  0  2  2  2  2  2  2  2  2  2  2  
2  2  2  2  2  2  0  2  2  2  0  2  2  0  0  0  0  2  2  2  2  2  2  2  2  0  0  2  2  0  2  2  2  2  0  2  2  2  2  2  2  2  2  2  2  2  2  2  2  0  2  2  2  2  2  0  2  2  2  2  2  2  2  0  2  2  0  0  2  2  2  2  2  2  2  0  2  2  2  2  2  2  2  2  2  2  2  0  2  0  2  2  2  2  2  2  2  2  0  2  
0  0  2  0  0  2  2  0  2  2  2  2  2  2  2  2  2  2  2  2  2  2  2  2  2  2  2  0  0  2  2  2  2  2  2  2  2  2  2  2  0  2  2  2  2  2  2  2  2  0  2  0  0  2  0  2  2  2  2  2  2  0  0  2  2  2  2  0  2  2  2  2  2  2  2  2  2  2  2  0  2  2  2  2  2  2  2  2  2  2  0  2  2  2  2  2  2  2  2  2  
2  2  2  2  2  0  2  2  2  2  2  0  0  0  2  2  2  2  2  2  2  2  0  2  2  2  0  2  0  2  0  2  2  2  2  2  2  2  2  2  2  2  0  2  2  2  0  2  2  2  2  2  2  0  2  2  2  2  2  2  2  2  2  0  2  0  2  2  2  2  0  2  2  0  2  2  2  2  2  2  2  0  0  2  2  0  2  2  2  0  0  2  2  2  2  0  2  2  2  0  
2  2  2  0  0  2  2  2  2  2  2  2  0  0  0  2  2  2  0  2  2  0  2  2  2  2  2  2  0  2  2  0  2  2  2  2  2  2  2  2  2  2  2  2  2  2  2  2  0  2  2  2  2  2  2  2  2  0  2  0  2  2  0  352  0  2  2  0  0  2  0  2  2  2  0  2  0  2  0  0  2  2  2  2  2  2  2  2  2  0  2  2  2  2  2  2  0  2  2  0  
2  2  2  2  2  2  2  0  2  2  2  2  2  2  2  2  2  2  2  2  2  2  0  0  2  0  2  2  2  0  2  0  2  2  2  2  0  2  2  2  2  2  2  0  0  2  2  2  2  0  2  2  2  2  2  2  2  2  2  2  0  2  2  0  0  0  0  2  2  2  2  2  2  2  2  2  2  2  0  2  2  2  2  2  2  2  2  2  2  2  2  2  0  2  2  2  2  2  0  2  
2  2  2  2  2  2  2  2  0  0  2  2  2  2  2  2  2  2  2  2  2  0  2  2  2  0  2  0  0  2  2  2  2  2  2  2  2  2  2  2  2  2  2  2  2  2  2  0  2  2  0  2  2  0  2  2  2  2  2  2  2  2  2  2  0  360  0  2  0  2  0  2  2  0  2  2  2  2  2  2  2  0  2  0  2  2  2  2  2  2  2  2  2  2  0  0  0  0  2  2  
2  2  2  2  2  2  2  2  2  2  2  2  0  2  0  2  0  2  2  0  2  2  2  2  2  0  0  2  0  2  2  2  2  2  0  2  0  2  2  2  2  2  2  2  2  2  2  0  2  2  2  2  2  2  2  2  2  2  2  2  2  0  0  0  0  365  0  0  2  0  0  0  0  2  2  0  0  2  2  2  2  2  2  0  2  2  2  2  0  2  2  2  0  2  2  2  2  2  2  2  
