1  16.9679
2  2.7081
3  1.4176
4  0.8279
5  0.5123
6  0.3575
7  0.25
8  0.1957
9  0.1476
10  0.1183
11  0.0959
12  0.076
13  0.0622
14  0.0591
15  0.045
16  0.0393
17  0.0329
18  0.028
19  0.0266
20  0.022
21  0.021
22  0.0187
23  0.0168
24  0.0126
25  0.014
26  0.0113
27  0.0105
28  0.0105
29  0.0081
30  0.0081
31  0.0075
32  0.0079
33  0.007
34  0.0058
35  0.0049
36  0.0064
37  0.0049
38  0.0059
39  0.0046
40  0.0039
41  0.0043
42  0.0042
43  0.0026
44  0.0031
45  0.003
46  0.0032
47  0.0032
48  0.0029
49  0.0023
50  0.003
51  0.0029
52  0.0021
53  0.002
54  0.0023
55  0.0026
56  0.002
57  0.0016
58  0.0022
59  0.0013
60  0.0017
61  0.0016
62  0.0013
63  0.0013
64  0.0019
65  0.0012
66  0.0016
67  0.0009
68  0.0004
69  0.0002
70  0.0007
71  0.0014
72  0.0014
73  0.0004
74  0.0008
75  0.001
76  0.0003
77  0.0007
78  0.0004
79  0.0005
80  0.0012
81  0.0005
82  0.0005
83  0.0005
84  0.0006
85  0.0006
86  0.0004
87  0.0005
88  0.0003
89  0.0008
90  0.0004
91  0.0005
92  0.0004
93  0.0004
94  0.0003
95  0.0002
96  0.0003
97  0.0006
98  0.0002
99  0.0003
100  0.0001
101  0.0001
102  0.0005
103  0.0002
104  0.0007
105  0.0004
107  0.0001
108  0.0003
109  0.0003
110  0.0002
111  0.0003
112  0.0001
113  0.0003
114  0.0003
115  0.0002
116  0.0001
118  0.0002
119  0.0002
120  0.0002
121  0.0003
122  0.0002
123  0.0003
124  0.0002
127  0.0002
128  0.0003
131  0.0001
132  0.0004
133  0.0001
136  0.0002
137  0.0002
139  0.0001
140  0.0001
141  0.0002
142  0.0001
143  0.0001
146  0.0001
148  0.0002
149  0.0001
152  0.0003
153  0.0002
156  0.0004
157  0.0002
159  0.0001
160  0.0001
161  0.0002
164  0.0001
165  0.0001
168  0.0005
172  0.0001
175  0.0001
176  0.0002
179  0.0001
181  0.0002
182  0.0002
187  0.0001
188  0.0001
195  0.0001
196  0.0001
198  0.0001
200  0.0001
209  0.0002
212  0.0001
222  0.0001
244  0.0001
250  0.0001
251  0.0001
253  0.0001
279  0.0001
288  0.0001
318  0.0001
402  0.0001
438  0.0001
1163  0.0001
1248  0.0001
1327  0.0001
1372  0.0001
1373  0.0001
1381  0.0001
1398  0.0001
1411  0.0001
1419  0.0001
1423  0.0001
1425  0.0002
1436  0.0001
1444  0.0001
1445  0.0001
1447  0.0001
1451  0.0001
1453  0.0001
1455  0.0001
1461  0.0001
1464  0.0001
1467  0.0001
1471  0.0001
1481  0.0002
1482  0.0001
1485  0.0001
1490  0.0001
1493  0.0001
1494  0.0001
1495  0.0002
1496  0.0002
1497  0.0001
1498  0.0001
1499  0.0001
1500  0.0002
1502  0.0001
1504  0.0002
1505  0.0001
1509  0.0001
1511  0.0001
1513  0.0002
1514  0.0002
1515  0.0003
1517  0.0003
1518  0.0002
1520  0.0002
1522  0.0001
1523  0.0003
1524  0.0005
1525  0.0004
1526  0.0001
1527  0.0002
1528  0.0005
1529  0.0003
1530  0.0001
1534  0.0004
1535  0.0006
1536  0.0003
1537  0.0003
1538  0.0001
1540  0.0003
1541  0.0001
1542  0.0002
1544  0.0004
1546  0.0003
1548  0.0003
1550  0.0003
1551  0.0002
1552  0.0002
1553  0.0007
1554  0.0005
1556  0.0004
1557  0.0005
1558  0.0005
1559  0.0001
1560  0.0003
1561  0.0004
1562  0.0001
1563  0.0004
1564  0.0001
1565  0.0003
1566  0.0002
1567  0.0003
1568  0.0007
1569  0.0007
1570  0.0002
1571  0.0003
1572  0.0001
1573  0.0007
1574  0.0007
1575  0.0004
1576  0.0003
1577  0.0005
1578  0.0007
1579  0.0003
1580  0.0005
1581  0.0009
1582  0.0007
1583  0.0003
1584  0.0008
1585  0.001
1586  0.0006
1587  0.0008
1588  0.0007
1589  0.0002
1590  0.0008
1591  0.0011
1592  0.0011
1593  0.001
1594  0.0015
1595  0.0012
1596  0.0012
1597  0.0013
1598  0.0007
1599  0.0013
1600  0.0013
1601  0.0008
1602  0.0016
1603  0.0011
1604  0.0007
1605  0.0017
1606  0.0012
1607  0.0011
1608  0.0016
1609  0.0011
1610  0.0017
1611  0.0012
1612  0.0017
1613  0.0025
1614  0.002
1615  0.0014
1616  0.0013
1617  0.0015
1618  0.0015
1619  0.002
1620  0.002
1621  0.0017
1622  0.002
1623  0.0019
1624  0.0015
1625  0.0023
1626  0.0024
1627  0.0029
1628  0.0021
1629  0.0027
1630  0.0029
1631  0.0019
1632  0.0021
1633  0.0025
1634  0.0027
1635  0.0017
1636  0.0032
1637  0.0035
1638  0.0039
1639  0.0027
1640  0.0031
1641  0.0032
1642  0.0033
1643  0.0032
1644  0.0037
1645  0.0036
1646  0.0041
1647  0.0046
1648  0.0038
1649  0.0041
1650  0.0044
1651  0.0044
1652  0.0037
1653  0.0032
1654  0.0044
1655  0.0051
1656  0.005
1657  0.0047
1658  0.0057
1659  0.0045
1660  0.0054
1661  0.0047
1662  0.0066
1663  0.0075
1664  0.006
1665  0.0063
1666  0.0066
1667  0.0062
1668  0.008
1669  0.0084
1670  0.0073
1671  0.0069
1672  0.0084
1673  0.0063
1674  0.0066
1675  0.0086
1676  0.0081
1677  0.0081
1678  0.0095
1679  0.0077
1680  0.0092
1681  0.0068
1682  0.0079
1683  0.0087
1684  0.0088
1685  0.0098
1686  0.0103
1687  0.0083
1688  0.0081
1689  0.0094
1690  0.0091
1691  0.0079
1692  0.0097
1693  0.0102
1694  0.0096
1695  0.0098
1696  0.0086
1697  0.0085
1698  0.0095
1699  0.0103
1700  0.0113
1701  0.009
1702  0.0111
1703  0.0106
1704  0.0124
1705  0.0092
1706  0.0092
1707  0.0104
1708  0.0113
1709  0.0109
1710  0.0113
1711  0.0093
1712  0.01
1713  0.0113
1714  0.0094
1715  0.0114
1716  0.0109
1717  0.0078
1718  0.0075
1719  0.0083
1720  0.0105
1721  0.0093
1722  0.0073
1723  0.0082
1724  0.0074
1725  0.0098
1726  0.009
1727  0.0085
1728  0.0086
1729  0.0088
1730  0.0081
1731  0.0073
1732  0.0057
1733  0.0077
1734  0.006
1735  0.0079
1736  0.0072
1737  0.0057
1738  0.0068
1739  0.0063
1740  0.0039
1741  0.0063
1742  0.0046
1743  0.004
1744  0.0063
1745  0.0057
1746  0.0059
1747  0.005
1748  0.005
1749  0.0043
1750  0.0035
1751  0.0038
1752  0.004
1753  0.0044
1754  0.0036
1755  0.0033
1756  0.0028
1757  0.0023
1758  0.0027
1759  0.0023
1760  0.0021
1761  0.0019
1762  0.002
1763  0.0017
1764  0.0013
1765  0.0019
1766  0.0017
1767  0.0012
1768  0.0017
1769  0.001
1770  0.001
1771  0.0012
1772  0.0009
1773  0.0006
1774  0.0016
1775  0.0007
1776  0.0006
1777  0.0013
1778  0.0006
1779  0.0006
1780  0.0007
1781  0.0006
1782  0.0008
1783  0.0003
1784  0.0004
1785  0.0006
1786  0.0008
1787  0.0003
1788  0.0003
1789  0.0005
1790  0.0004
1791  0.0005
1792  0.0002
1793  0.0003
1794  0.0001
1795  0.0001
1796  0.0001
1797  0.0001
1798  0.0001
1799  0.0001
1800  0.0001
1802  0.0001
1803  0.0001
1804  0.0001
1806  0.0002
1807  0.0001
1808  0.0001
1809  0.0001
1812  0.0001
1813  0.0001
