1  84.3491
2  22.321
3  14.0634
4  9.5875
5  6.883
6  5.3088
7  4.1455
8  3.4181
9  2.82
10  2.4099
11  2.0956
12  1.79
13  1.5826
14  1.4179
15  1.2554
16  1.1328
17  1.0336
18  0.9108
19  0.8372
20  0.7846
21  0.7195
22  0.6672
23  0.6213
24  0.5664
25  0.5156
26  0.503
27  0.4444
28  0.4307
29  0.3944
30  0.3658
31  0.3602
32  0.336
33  0.3138
34  0.3003
35  0.2833
36  0.2674
37  0.2544
38  0.2386
39  0.2289
40  0.2203
41  0.2113
42  0.2023
43  0.19
44  0.1862
45  0.1718
46  0.1632
47  0.1609
48  0.1547
49  0.1381
50  0.1358
51  0.1391
52  0.1252
53  0.1177
54  0.1184
55  0.1127
56  0.109
57  0.1099
58  0.1008
59  0.0997
60  0.0966
61  0.0912
62  0.0868
63  0.0823
64  0.0845
65  0.0805
66  0.0761
67  0.0715
68  0.0727
69  0.0628
70  0.0656
71  0.0626
72  0.0653
73  0.06
74  0.056
75  0.052
76  0.0572
77  0.0558
78  0.0528
79  0.0474
80  0.0486
81  0.0449
82  0.0479
83  0.0412
84  0.0413
85  0.0454
86  0.0364
87  0.0377
88  0.0379
89  0.0376
90  0.0321
91  0.0337
92  0.0386
93  0.0331
94  0.0314
95  0.0292
96  0.0297
97  0.026
98  0.0269
99  0.0273
100  0.0273
101  0.0271
102  0.0247
103  0.0233
104  0.0255
105  0.0259
106  0.0244
107  0.0205
108  0.0214
109  0.0181
110  0.0195
111  0.0184
112  0.0191
113  0.0164
114  0.0184
115  0.019
116  0.0162
117  0.0162
118  0.0177
119  0.0166
120  0.0189
121  0.015
122  0.0133
123  0.0133
124  0.016
125  0.0136
126  0.0125
127  0.014
128  0.0121
129  0.011
130  0.0138
131  0.0127
132  0.0129
133  0.0103
134  0.0104
135  0.0124
136  0.0076
137  0.0095
138  0.0112
139  0.0114
140  0.0084
141  0.0092
142  0.0108
143  0.0078
144  0.0093
145  0.0094
146  0.0084
147  0.0084
148  0.0086
149  0.008
150  0.0083
151  0.0069
152  0.0078
153  0.0069
154  0.0063
155  0.0055
156  0.0069
157  0.0067
158  0.008
159  0.0075
160  0.0062
161  0.0053
162  0.0049
163  0.0065
164  0.0052
165  0.0058
166  0.005
167  0.004
168  0.0047
169  0.0052
170  0.0046
171  0.0052
172  0.0049
173  0.005
174  0.005
175  0.0039
176  0.0042
177  0.0031
178  0.0042
179  0.0043
180  0.0034
181  0.0033
182  0.0043
183  0.0046
184  0.0029
185  0.0047
186  0.0031
187  0.003
188  0.0028
189  0.0021
190  0.0038
191  0.0041
192  0.0028
193  0.0019
194  0.0033
195  0.0029
196  0.0028
197  0.0017
198  0.0024
199  0.0026
200  0.0027
201  0.0024
202  0.0028
203  0.0014
204  0.0033
205  0.0019
206  0.0028
207  0.0021
208  0.0014
209  0.0027
210  0.0023
211  0.0012
212  0.0016
213  0.0017
214  0.0016
215  0.0016
216  0.0013
217  0.0021
218  0.0019
219  0.0019
220  0.0012
221  0.0012
222  0.0015
223  0.0018
224  0.0013
225  0.0018
226  0.0017
227  0.0018
228  0.0015
229  0.0016
230  0.0013
231  0.0013
232  0.0014
233  0.0018
234  0.0009
235  0.0009
236  0.0013
237  0.0008
238  0.001
239  0.0012
240  0.0012
241  0.001
242  0.0008
243  0.0013
244  0.0009
245  0.0009
246  0.0005
247  0.001
248  0.0008
249  0.0008
250  0.0006
251  0.0003
252  0.0014
253  0.0006
254  0.0004
255  0.0001
256  0.0004
257  0.0006
258  0.0004
259  0.0008
260  0.0008
261  0.001
262  0.0006
263  0.0005
264  0.0003
265  0.0005
266  0.0005
267  0.0004
268  0.0002
269  0.0005
270  0.0002
271  0.0003
272  0.0002
273  0.0009
274  0.0005
275  0.001
276  0.0008
277  0.0007
278  0.0006
279  0.0008
280  0.0004
281  0.0007
282  0.0005
283  0.0009
284  0.0004
285  0.0013
286  0.0003
287  0.0005
288  0.0005
289  0.0008
290  0.0006
291  0.0004
292  0.0006
293  0.0009
294  0.0002
295  0.0005
296  0.0003
297  0.0004
298  0.0003
299  0.0007
300  0.0008
301  0.0003
302  0.0001
303  0.0003
304  0.0008
305  0.0003
306  0.0005
307  0.0004
308  0.0002
309  0.0005
311  0.0004
312  0.0003
313  0.0006
314  0.0001
315  0.0001
316  0.0001
317  0.0001
319  0.0001
321  0.0002
323  0.0002
324  0.0004
325  0.0002
326  0.0002
329  0.0002
330  0.0003
331  0.0002
332  0.0003
334  0.0001
335  0.0001
337  0.0001
338  0.0003
339  0.0003
340  0.0002
341  0.0001
343  0.0001
344  0.0002
345  0.0003
346  0.0001
347  0.0002
348  0.0002
350  0.0001
351  0.0002
352  0.0002
353  0.0001
354  0.0001
356  0.0001
357  0.0002
358  0.0003
360  0.0001
361  0.0001
362  0.0001
363  0.0002
364  0.0001
368  0.0001
371  0.0001
374  0.0001
375  0.0001
378  0.0001
382  0.0001
384  0.0001
385  0.0001
387  0.0001
391  0.0001
392  0.0001
395  0.0001
399  0.0001
402  0.0001
407  0.0001
408  0.0001
412  0.0002
413  0.0001
419  0.0001
422  0.0001
427  0.0001
429  0.0001
433  0.0001
436  0.0001
437  0.0001
440  0.0001
447  0.0001
457  0.0002
458  0.0001
475  0.0001
479  0.0001
482  0.0001
487  0.0001
499  0.0001
500  0.0002
511  0.0001
537  0.0001
543  0.0001
577  0.0001
