1  136.518
2  40.1216
3  25.0284
4  16.6334
5  11.8056
6  8.7338
7  6.6408
8  5.2551
9  4.1688
10  3.4018
11  2.803
12  2.3401
13  1.9551
14  1.6612
15  1.3809
16  1.1987
17  1.0544
18  0.9196
19  0.7789
20  0.678
21  0.5911
22  0.5236
23  0.4597
24  0.401
25  0.349
26  0.3204
27  0.2684
28  0.2385
29  0.2259
30  0.2002
31  0.1791
32  0.157
33  0.143
34  0.1251
35  0.1151
36  0.0987
37  0.0907
38  0.0769
39  0.0736
40  0.0696
41  0.0572
42  0.0544
43  0.0454
44  0.0416
45  0.0421
46  0.0395
47  0.0359
48  0.0294
49  0.0275
50  0.0229
51  0.0198
52  0.0152
53  0.0196
54  0.0166
55  0.0158
56  0.0147
57  0.0131
58  0.0127
59  0.0121
60  0.0097
61  0.0079
62  0.0094
63  0.006
64  0.0057
65  0.0063
66  0.0063
67  0.0051
68  0.0034
69  0.0043
70  0.0052
71  0.002
72  0.0039
73  0.0025
74  0.0029
75  0.0032
76  0.0025
77  0.0018
78  0.0015
79  0.0017
80  0.0011
81  0.0012
82  0.0013
83  0.0011
84  0.0012
85  0.0008
86  0.001
87  0.0008
88  0.0004
89  0.0005
90  0.0007
91  0.0003
92  0.0004
93  0.0006
94  0.0001
95  0.0005
96  0.0005
97  0.0006
99  0.0004
100  0.0001
101  0.0001
102  0.0001
104  0.0003
105  0.0003
106  0.0002
107  0.0001
108  0.0002
110  0.0002
111  0.0001
113  0.0004
116  0.0001
118  0.0001
119  0.0001
122  0.0001
130  0.0001
133  0.0001
136  0.0001
162  0.0001
