1  4.3158
2  0.465
3  0.1991
4  0.0999
5  0.0579
6  0.0316
7  0.0221
8  0.0161
9  0.0123
10  0.0071
11  0.005
12  0.0044
13  0.0025
14  0.0022
15  0.0021
16  0.0013
17  0.0012
18  0.0013
19  0.0012
20  0.001
21  0.0002
22  0.0003
23  0.0004
24  0.0003
25  0.0003
26  0.0006
27  0.0003
29  0.0003
30  0.0004
31  0.0002
32  0.0001
35  0.0001
37  0.0001
38  0.0001
40  0.0001
41  0.0002
42  0.0002
44  0.0001
45  0.0002
48  0.0001
52  0.0001
53  0.0001
61  0.0001
66  0.0001
97  0.0001
1890  0.0001
1897  0.0001
1907  0.0001
1909  0.0001
1910  0.0001
1915  0.0002
1917  0.0001
1918  0.0002
1919  0.0001
1920  0.0001
1921  0.0003
1922  0.0001
1923  0.0003
1924  0.0003
1925  0.0006
1926  0.0004
1927  0.0001
1928  0.0006
1929  0.0003
1930  0.0007
1931  0.0004
1932  0.0008
1933  0.0007
1934  0.0008
1935  0.0006
1936  0.0005
1937  0.0005
1938  0.0014
1939  0.0013
1940  0.0008
1941  0.0011
1942  0.002
1943  0.0021
1944  0.002
1945  0.0029
1946  0.0014
1947  0.0015
1948  0.0025
1949  0.0036
1950  0.0025
1951  0.0029
1952  0.0044
1953  0.0052
1954  0.004
1955  0.0049
1956  0.0049
1957  0.0054
1958  0.0045
1959  0.0062
1960  0.0076
1961  0.0063
1962  0.006
1963  0.0066
1964  0.0073
1965  0.0089
1966  0.0083
1967  0.0086
1968  0.0099
1969  0.0085
1970  0.0111
1971  0.0103
1972  0.0111
1973  0.0119
1974  0.0139
1975  0.0143
1976  0.0138
1977  0.0137
1978  0.0142
1979  0.0175
1980  0.0158
1981  0.0136
1982  0.0165
1983  0.0156
1984  0.0172
1985  0.0174
1986  0.0171
1987  0.015
1988  0.0179
1989  0.0168
1990  0.0192
1991  0.017
1992  0.0161
1993  0.0172
1994  0.0166
1995  0.0178
1996  0.017
1997  0.0191
1998  0.0164
1999  0.0185
2000  0.0181
2001  0.0166
2002  0.015
2003  0.0138
2004  0.0176
2005  0.0149
2006  0.0143
2007  0.0166
2008  0.0139
2009  0.0146
2010  0.0135
2011  0.0115
2012  0.0126
2013  0.0116
2014  0.0114
2015  0.0109
2016  0.0105
2017  0.0116
2018  0.0083
2019  0.0089
2020  0.0069
2021  0.0077
2022  0.0076
2023  0.0058
2024  0.0078
2025  0.0056
2026  0.0061
2027  0.0062
2028  0.005
2029  0.0062
2030  0.0051
2031  0.0039
2032  0.0035
2033  0.0033
2034  0.0035
2035  0.0033
2036  0.0029
2037  0.0018
2038  0.0026
2039  0.0011
2040  0.0012
2041  0.0017
2042  0.0015
2043  0.0007
2044  0.0012
2045  0.0011
2046  0.0006
2047  0.0009
2048  0.0005
2049  0.0006
2050  0.0001
2051  0.0005
2052  0.0003
2053  0.0003
2054  0.0001
2055  0.0006
2056  0.0003
2057  0.0001
2058  0.0003
2059  0.0003
2060  0.0001
2062  0.0001
2063  0.0001
2064  0.0001
2065  0.0001
2066  0.0001
2101  0.0001
