1  185.916
2  54.8605
3  30.8668
4  18.4142
5  11.6682
6  7.6456
7  5.2236
8  3.6168
9  2.5676
10  1.8698
11  1.358
12  0.9939
13  0.7519
14  0.5633
15  0.4193
16  0.3094
17  0.2424
18  0.1816
19  0.1375
20  0.1006
21  0.0818
22  0.0629
23  0.0515
24  0.036
25  0.0286
26  0.0242
27  0.0177
28  0.0124
29  0.0088
30  0.0081
31  0.0068
32  0.0049
33  0.0035
34  0.0027
35  0.002
36  0.0022
37  0.0022
38  0.0014
39  0.0008
40  0.001
41  0.0005
42  0.0003
43  0.0007
44  0.0004
45  0.0002
46  0.0002
47  0.0001
48  0.0001
49  0.0002
50  0.0001
51  0.0002
54  0.0001
60  0.0001
