1  43.1704
2  9.3065
3  5.5852
4  3.5946
5  2.4951
6  1.8696
7  1.4437
8  1.1293
9  0.9213
10  0.7786
11  0.6547
12  0.552
13  0.4972
14  0.4342
15  0.389
16  0.3473
17  0.3033
18  0.2801
19  0.2585
20  0.2245
21  0.2226
22  0.1994
23  0.1817
24  0.1725
25  0.1608
26  0.1424
27  0.138
28  0.1304
29  0.1268
30  0.1133
31  0.1064
32  0.1018
33  0.0988
34  0.0912
35  0.0868
36  0.0851
37  0.0728
38  0.0794
39  0.0739
40  0.0716
41  0.0638
42  0.0618
43  0.0595
44  0.0573
45  0.0587
46  0.0541
47  0.0522
48  0.0495
49  0.0505
50  0.0432
51  0.0447
52  0.0421
53  0.0425
54  0.0402
55  0.0401
56  0.0378
57  0.0382
58  0.0357
59  0.0311
60  0.0331
61  0.0314
62  0.0315
63  0.0327
64  0.028
65  0.0302
66  0.0295
67  0.0284
68  0.0287
69  0.0271
70  0.0278
71  0.0253
72  0.0268
73  0.0251
74  0.0234
75  0.0219
76  0.0234
77  0.0207
78  0.0243
79  0.0191
80  0.0211
81  0.0206
82  0.0208
83  0.0195
84  0.0169
85  0.0168
86  0.0193
87  0.0196
88  0.0185
89  0.0155
90  0.0166
91  0.0169
92  0.0183
93  0.018
94  0.0133
95  0.0144
96  0.0177
97  0.0148
98  0.0145
99  0.0156
100  0.0151
101  0.0153
102  0.0124
103  0.0116
104  0.0138
105  0.0139
106  0.0129
107  0.0128
108  0.01
109  0.0132
110  0.0118
111  0.0117
112  0.0114
113  0.0112
114  0.0108
115  0.0125
116  0.0111
117  0.0111
118  0.0129
119  0.0097
120  0.0096
121  0.0069
122  0.0121
123  0.0118
124  0.0104
125  0.0106
126  0.0092
127  0.01
128  0.0076
129  0.0098
130  0.0092
131  0.0095
132  0.0086
133  0.0107
134  0.0085
135  0.0092
136  0.0077
137  0.0091
138  0.0075
139  0.0089
140  0.0078
141  0.0071
142  0.0075
143  0.0081
144  0.0084
145  0.0078
146  0.0075
147  0.007
148  0.0072
149  0.0077
150  0.0073
151  0.007
152  0.0074
153  0.0066
154  0.0063
155  0.0066
156  0.0063
157  0.0074
158  0.0057
159  0.0054
160  0.0063
161  0.0053
162  0.0056
163  0.0075
164  0.007
165  0.0053
166  0.0077
167  0.0068
168  0.0068
169  0.0066
170  0.006
171  0.006
172  0.0043
173  0.0051
174  0.0049
175  0.0057
176  0.006
177  0.0046
178  0.0054
179  0.0048
180  0.0046
181  0.0043
182  0.0061
183  0.0057
184  0.0046
185  0.0052
186  0.0037
187  0.0055
188  0.0053
189  0.0052
190  0.0033
191  0.006
192  0.0048
193  0.0043
194  0.0061
195  0.0049
196  0.0052
197  0.0042
198  0.005
199  0.0048
200  0.0038
201  0.0044
202  0.0027
203  0.0038
204  0.0036
205  0.0042
206  0.0044
207  0.005
208  0.0037
209  0.0049
210  0.0048
211  0.0052
212  0.0044
213  0.0032
214  0.0039
215  0.0033
216  0.0041
217  0.0038
218  0.0031
219  0.0031
220  0.0038
221  0.0029
222  0.0029
223  0.0028
224  0.0026
225  0.0037
226  0.0033
227  0.0034
228  0.0044
229  0.0036
230  0.0042
231  0.003
232  0.0033
233  0.0038
234  0.0033
235  0.0031
236  0.0025
237  0.0028
238  0.0041
239  0.0032
240  0.0035
241  0.0037
242  0.0027
243  0.0033
244  0.0027
245  0.0025
246  0.0043
247  0.0032
248  0.0041
249  0.0027
250  0.0029
251  0.0028
252  0.0034
253  0.0034
254  0.0021
255  0.0023
256  0.0031
257  0.0025
258  0.0037
259  0.0036
260  0.0023
261  0.0031
262  0.003
263  0.0038
264  0.0021
265  0.002
266  0.0028
267  0.0022
268  0.0039
269  0.0028
270  0.0032
271  0.003
272  0.0023
273  0.0034
274  0.0031
275  0.0033
276  0.0022
277  0.0019
278  0.0019
279  0.0021
280  0.0024
281  0.0027
282  0.0029
283  0.0022
284  0.0031
285  0.0016
286  0.0025
287  0.0028
288  0.0018
289  0.0022
290  0.0025
291  0.0028
292  0.003
293  0.0026
294  0.0023
295  0.0032
296  0.0018
297  0.0022
298  0.0031
299  0.0021
300  0.0019
301  0.0027
302  0.0016
303  0.0027
304  0.0021
305  0.0019
306  0.0013
307  0.0021
308  0.002
309  0.0021
310  0.0025
311  0.0021
312  0.0025
313  0.0018
314  0.0023
315  0.0029
316  0.0026
317  0.0022
318  0.0021
319  0.0023
320  0.0009
321  0.0019
322  0.0024
323  0.0016
324  0.0015
325  0.0022
326  0.0027
327  0.0028
328  0.002
329  0.0019
330  0.0019
331  0.0016
332  0.0021
333  0.0018
334  0.002
335  0.0015
336  0.0017
337  0.0023
338  0.0016
339  0.0021
340  0.0015
341  0.0017
342  0.0014
343  0.0019
344  0.0027
345  0.0018
346  0.0009
347  0.0027
348  0.002
349  0.0027
350  0.0022
351  0.0016
352  0.0023
353  0.0016
354  0.0019
355  0.0025
356  0.0023
357  0.0019
358  0.0014
359  0.0023
360  0.0015
361  0.0013
362  0.0014
363  0.0013
364  0.0012
365  0.0019
366  0.0019
367  0.0014
368  0.0014
369  0.0023
370  0.0015
371  0.0018
372  0.0022
373  0.0021
374  0.001
375  0.0014
376  0.0022
377  0.0018
378  0.0019
379  0.0022
380  0.0016
381  0.0011
382  0.0011
383  0.0013
384  0.0015
385  0.0012
386  0.0015
387  0.0017
388  0.0018
389  0.0015
390  0.0022
391  0.0017
392  0.0015
393  0.0023
394  0.0019
395  0.0011
396  0.0017
397  0.0019
398  0.0024
399  0.0019
400  0.0013
401  0.0019
402  0.0016
403  0.0013
404  0.0007
405  0.0017
406  0.0014
407  0.0016
408  0.0016
409  0.0021
410  0.0014
411  0.0007
412  0.0014
413  0.0019
414  0.0014
415  0.0022
416  0.001
417  0.0009
418  0.0017
419  0.001
420  0.0011
421  0.0012
422  0.0011
423  0.0015
424  0.002
425  0.0019
426  0.0009
427  0.0013
428  0.0017
429  0.0016
430  0.0014
431  0.0012
432  0.0008
433  0.0014
434  0.0011
435  0.0013
436  0.0019
437  0.0017
438  0.0009
439  0.0018
440  0.0009
441  0.0011
442  0.0022
443  0.0011
444  0.0021
445  0.0013
446  0.0016
447  0.0009
448  0.0013
449  0.001
450  0.0014
451  0.0017
452  0.0012
453  0.001
454  0.002
455  0.0018
456  0.0011
457  0.0008
458  0.0012
459  0.002
460  0.0018
461  0.0009
462  0.0008
463  0.0012
464  0.0015
465  0.0008
466  0.0014
467  0.0005
468  0.0018
469  0.0011
470  0.0008
471  0.0011
472  0.0013
473  0.0012
474  0.0013
475  0.0009
476  0.0015
477  0.0018
478  0.0012
479  0.001
480  0.0014
481  0.0014
482  0.0018
483  0.0014
484  0.0007
485  0.0014
486  0.0008
487  0.0009
488  0.0011
489  0.0012
490  0.001
491  0.0014
492  0.0013
493  0.0012
494  0.0016
495  0.0011
496  0.0008
497  0.0015
498  0.0012
499  0.0015
500  0.0012
501  0.0011
502  0.001
503  0.001
504  0.0014
505  0.0009
506  0.001
507  0.0019
508  0.0016
509  0.0021
510  0.0019
511  0.001
512  0.0012
513  0.0014
514  0.0012
515  0.001
516  0.0014
517  0.0012
518  0.0016
519  0.0017
520  0.0014
521  0.0019
522  0.0017
523  0.0018
524  0.0011
525  0.0018
526  0.0018
527  0.0013
528  0.0014
529  0.0013
530  0.0009
531  0.0012
532  0.0014
533  0.0011
534  0.0011
535  0.001
536  0.0012
537  0.0014
538  0.0018
539  0.0005
540  0.0008
541  0.0014
542  0.001
543  0.0007
544  0.0015
545  0.0009
546  0.001
547  0.0012
548  0.001
549  0.0014
550  0.001
551  0.0008
552  0.0011
553  0.001
554  0.0009
555  0.0013
556  0.0021
557  0.0013
558  0.0013
559  0.0013
560  0.0013
561  0.0014
562  0.0013
563  0.0013
564  0.0013
565  0.0011
566  0.0015
567  0.001
568  0.002
569  0.0012
570  0.0013
571  0.0013
572  0.002
573  0.0015
574  0.0013
575  0.001
576  0.0014
577  0.0009
578  0.0011
579  0.0008
580  0.0009
581  0.002
582  0.0019
583  0.0018
584  0.0013
585  0.0013
586  0.0006
587  0.001
588  0.0008
589  0.0013
590  0.0013
591  0.0011
592  0.0015
593  0.0012
594  0.0012
595  0.0005
596  0.0011
597  0.0008
598  0.0009
599  0.0018
600  0.0006
601  0.0015
602  0.0011
603  0.001
604  0.0006
605  0.0009
606  0.0009
607  0.0012
608  0.0016
609  0.0011
610  0.0013
611  0.0016
612  0.0012
613  0.0011
614  0.0009
615  0.0008
616  0.0013
617  0.0013
618  0.0006
619  0.0005
620  0.0008
621  0.0011
622  0.0006
623  0.0013
624  0.0011
625  0.0018
626  0.0009
627  0.0009
628  0.0009
629  0.0009
630  0.0011
631  0.0013
632  0.0005
633  0.0014
634  0.0008
635  0.0017
636  0.0009
637  0.001
638  0.0014
639  0.0013
640  0.0006
641  0.0007
642  0.0015
643  0.0014
644  0.0008
645  0.0006
646  0.0012
647  0.001
648  0.0012
649  0.0008
650  0.0008
651  0.001
652  0.0004
653  0.001
654  0.0013
655  0.0012
656  0.001
657  0.0011
658  0.0007
659  0.0007
660  0.0016
661  0.0012
662  0.0014
663  0.0013
664  0.0007
665  0.0009
666  0.0007
667  0.001
668  0.0008
669  0.0015
670  0.0009
671  0.0011
672  0.0009
673  0.0006
674  0.0012
675  0.0006
676  0.0004
677  0.0011
678  0.0011
679  0.0007
680  0.0011
681  0.0016
682  0.0009
683  0.0004
684  0.0006
685  0.001
686  0.0012
687  0.0007
688  0.0007
689  0.0012
690  0.0005
691  0.0009
692  0.0013
693  0.0011
694  0.0007
695  0.0009
696  0.0015
697  0.0008
698  0.0007
699  0.0009
700  0.0008
701  0.0013
702  0.0005
703  0.0011
704  0.0009
705  0.0014
706  0.0009
707  0.0009
708  0.0016
709  0.0012
710  0.0009
711  0.0006
712  0.0011
713  0.0009
714  0.0013
715  0.0006
716  0.0011
717  0.0012
718  0.0011
719  0.0008
720  0.0011
721  0.0011
722  0.0015
723  0.0013
724  0.0016
725  0.0014
726  0.0006
727  0.0009
728  0.0012
729  0.0016
730  0.0008
731  0.001
732  0.0007
733  0.0013
734  0.0007
735  0.0007
736  0.001
737  0.0012
738  0.0009
739  0.0015
740  0.0007
741  0.001
742  0.0016
743  0.0012
744  0.0013
745  0.0017
746  0.0009
747  0.0013
748  0.0013
749  0.0013
750  0.0011
751  0.0008
752  0.0017
753  0.0017
754  0.0007
755  0.0012
756  0.0013
757  0.0005
758  0.0011
759  0.0009
760  0.0005
761  0.0016
762  0.0008
763  0.0014
764  0.0011
765  0.0005
766  0.0016
767  0.0009
768  0.0011
769  0.0009
770  0.0013
771  0.0009
772  0.0014
773  0.0012
774  0.0007
775  0.0013
776  0.001
777  0.0009
778  0.0009
779  0.0012
780  0.0012
781  0.0012
782  0.0015
783  0.0011
784  0.001
785  0.0009
786  0.0007
787  0.0012
788  0.0007
789  0.0014
790  0.0008
791  0.0008
792  0.0008
793  0.0015
794  0.0009
795  0.0006
796  0.0009
797  0.0011
798  0.0011
799  0.0013
800  0.0008
801  0.001
802  0.0007
803  0.001
804  0.001
805  0.0013
806  0.0013
807  0.0008
808  0.0008
809  0.0013
810  0.0012
811  0.0011
812  0.001
813  0.0013
814  0.0012
815  0.0008
816  0.001
817  0.0008
818  0.0004
819  0.0013
820  0.0005
821  0.0008
822  0.0018
823  0.0009
824  0.0009
825  0.0012
826  0.001
827  0.0011
828  0.0016
829  0.0006
830  0.0016
831  0.0013
832  0.0013
833  0.0013
834  0.0014
835  0.0013
836  0.0005
837  0.0012
838  0.001
839  0.0011
840  0.0012
841  0.0011
842  0.001
843  0.0018
844  0.0011
845  0.0007
846  0.0013
847  0.0016
848  0.0009
849  0.0009
850  0.001
851  0.001
852  0.0013
853  0.0011
854  0.0012
855  0.0007
856  0.0012
857  0.0016
858  0.0015
859  0.0017
860  0.001
861  0.0014
862  0.0006
863  0.0006
864  0.0013
865  0.0015
866  0.0005
867  0.0013
868  0.0011
869  0.0011
870  0.0013
871  0.0007
872  0.0016
873  0.001
874  0.0006
875  0.0011
876  0.0012
877  0.0012
878  0.001
879  0.0009
880  0.0009
881  0.0016
882  0.0012
883  0.0009
884  0.0011
885  0.0016
886  0.0013
887  0.0007
888  0.0012
889  0.001
890  0.0011
891  0.0024
892  0.0004
893  0.0012
894  0.0009
895  0.0017
896  0.001
897  0.0006
898  0.0009
899  0.0007
900  0.0013
901  0.0009
902  0.0016
903  0.001
904  0.0019
905  0.0007
906  0.0012
907  0.0005
908  0.0012
909  0.0014
910  0.0014
911  0.0012
912  0.0015
913  0.0013
914  0.0011
915  0.0015
916  0.0012
917  0.0007
918  0.0013
919  0.0013
920  0.0007
921  0.0012
922  0.0011
923  0.0013
924  0.001
925  0.0008
926  0.0009
927  0.0008
928  0.0019
929  0.001
930  0.0009
931  0.0014
932  0.0009
933  0.0007
934  0.0018
935  0.0013
936  0.0015
937  0.001
938  0.0012
939  0.0014
940  0.0009
941  0.0012
942  0.0009
943  0.0014
944  0.001
945  0.0015
946  0.0009
947  0.0008
948  0.0009
949  0.001
950  0.0012
951  0.001
952  0.0017
953  0.001
954  0.0014
955  0.0012
956  0.0012
957  0.0011
958  0.001
959  0.0008
960  0.0013
961  0.0016
962  0.0009
963  0.0011
964  0.0009
965  0.001
966  0.0009
967  0.0009
968  0.0019
969  0.001
970  0.0013
971  0.0012
972  0.0004
973  0.0009
974  0.0015
975  0.0008
976  0.0012
977  0.0011
978  0.0009
979  0.001
980  0.0007
981  0.0008
982  0.001
983  0.0009
984  0.0009
985  0.0011
986  0.0008
987  0.0014
988  0.0008
989  0.0012
990  0.0018
991  0.0011
992  0.0014
993  0.0017
994  0.001
995  0.0016
996  0.0008
997  0.001
998  0.0009
999  0.0009
1000  0.0013
1001  0.0009
1002  0.0009
1003  0.0011
1004  0.0012
1005  0.0017
1006  0.0014
1007  0.0009
1008  0.0012
1009  0.0006
1010  0.0012
1011  0.0015
1012  0.0017
1013  0.0009
1014  0.001
1015  0.0009
1016  0.0014
1017  0.0008
1018  0.0014
1019  0.0021
1020  0.0009
1021  0.0015
1022  0.0014
1023  0.0009
1024  0.0013
1025  0.0006
1026  0.0002
1027  0.0012
1028  0.0014
1029  0.0012
1030  0.0014
1031  0.0009
1032  0.0008
1033  0.0009
1034  0.0012
1035  0.0011
1036  0.0009
1037  0.0011
1038  0.0007
1039  0.0012
1040  0.001
1041  0.0011
1042  0.0012
1043  0.0011
1044  0.0012
1045  0.0018
1046  0.0011
1047  0.0009
1048  0.001
1049  0.001
1050  0.0019
1051  0.0013
1052  0.001
1053  0.0011
1054  0.0014
1055  0.0015
1056  0.0015
1057  0.0013
1058  0.001
1059  0.0007
1060  0.0011
1061  0.0011
1062  0.0017
1063  0.0018
1064  0.0009
1065  0.0008
1066  0.0017
1067  0.001
1068  0.0006
1069  0.0013
1070  0.0016
1071  0.0013
1072  0.0011
1073  0.0008
1074  0.0011
1075  0.001
1076  0.0006
1077  0.0009
1078  0.0012
1079  0.0011
1080  0.0007
1081  0.0008
1082  0.001
1083  0.0012
1084  0.0012
1085  0.0015
1086  0.0007
1087  0.0007
1088  0.0009
1089  0.0018
1090  0.0007
1091  0.0019
1092  0.0011
1093  0.0014
1094  0.0011
1095  0.0013
1096  0.0007
1097  0.0013
1098  0.0017
1099  0.0008
1100  0.0009
1101  0.0004
1102  0.0009
1103  0.0007
1104  0.0017
1105  0.0009
1106  0.0015
1107  0.0016
1108  0.0009
1109  0.0018
1110  0.0007
1111  0.0013
1112  0.0015
1113  0.0009
1114  0.0018
1115  0.001
1116  0.0016
1117  0.0009
1118  0.0009
1119  0.0013
1120  0.0009
1121  0.0009
1122  0.0009
1123  0.0013
1124  0.0016
1125  0.0011
1126  0.0012
1127  0.0009
1128  0.0012
1129  0.0005
1130  0.0006
1131  0.0007
1132  0.0014
1133  0.0013
1134  0.0014
1135  0.0014
1136  0.0009
1137  0.0016
1138  0.0006
1139  0.0011
1140  0.0014
1141  0.001
1142  0.001
1143  0.0008
1144  0.0012
1145  0.0008
1146  0.0012
1147  0.0011
1148  0.0013
1149  0.001
1150  0.0011
1151  0.0017
1152  0.0005
1153  0.0011
1154  0.0015
1155  0.0009
1156  0.0012
1157  0.0005
1158  0.0016
1159  0.0012
1160  0.0012
1161  0.0011
1162  0.0012
1163  0.0012
1164  0.0011
1165  0.001
1166  0.0014
1167  0.0013
1168  0.0014
1169  0.0011
1170  0.0014
1171  0.0012
1172  0.0008
1173  0.0009
1174  0.0009
1175  0.0014
1176  0.0016
1177  0.0004
1178  0.0008
1179  0.0007
1180  0.0009
1181  0.0015
1182  0.0014
1183  0.0008
1184  0.0007
1185  0.0008
1186  0.0014
1187  0.0008
1188  0.0003
1189  0.0014
1190  0.0009
1191  0.0009
1192  0.0013
1193  0.0015
1194  0.0011
1195  0.0005
1196  0.0007
1197  0.0007
1198  0.0008
1199  0.001
1200  0.0013
1201  0.0004
1202  0.0008
1203  0.0008
1204  0.0008
1205  0.001
1206  0.0012
1207  0.0008
1208  0.0011
1209  0.0011
1210  0.0007
1211  0.0011
1212  0.0012
1213  0.0016
1214  0.0005
1215  0.0005
1216  0.0007
1217  0.0012
1218  0.0011
1219  0.0012
1220  0.0008
1221  0.0011
1222  0.0008
1223  0.0008
1224  0.001
1225  0.0007
1226  0.0004
1227  0.0011
1228  0.0006
1229  0.0012
1230  0.0008
1231  0.0009
1232  0.0008
1233  0.0008
1234  0.0011
1235  0.0014
1236  0.001
1237  0.0007
1238  0.0007
1239  0.0013
1240  0.0008
1241  0.0008
1242  0.0009
1243  0.0008
1244  0.0009
1245  0.001
1246  0.001
1247  0.0009
1248  0.0007
1249  0.0012
1250  0.0006
1251  0.0004
1252  0.0006
1253  0.0009
1254  0.0007
1255  0.0008
1256  0.0008
1257  0.0007
1258  0.0006
1259  0.0011
1260  0.0012
1261  0.0007
1262  0.001
1263  0.0004
1264  0.001
1265  0.0008
1266  0.001
1267  0.0006
1268  0.0005
1269  0.0009
1270  0.0005
1271  0.0012
1272  0.0007
1273  0.0005
1274  0.0008
1275  0.0004
1276  0.0005
1277  0.0008
1278  0.0001
1279  0.0006
1280  0.0005
1281  0.0005
1282  0.0008
1283  0.0005
1284  0.0002
1285  0.0003
1286  0.0006
1287  0.0002
1288  0.0008
1289  0.0005
1290  0.0007
1291  0.0005
1292  0.0005
1293  0.0008
1294  0.0006
1295  0.0002
1296  0.0002
1297  0.0011
1298  0.0009
1299  0.0004
1300  0.0003
1301  0.0004
1302  0.0004
1303  0.0005
1304  0.0004
1305  0.0009
1306  0.0005
1307  0.0008
1308  0.0002
1309  0.0008
1310  0.0005
1311  0.0005
1312  0.0009
1313  0.0004
1314  0.0001
1315  0.0003
1316  0.0006
1317  0.0006
1318  0.0007
1319  0.0004
1320  0.0005
1321  0.0001
1322  0.0003
1323  0.0004
1324  0.0006
1325  0.0002
1326  0.0005
1327  0.0002
1328  0.0002
1329  0.0003
1330  0.0004
1331  0.0002
1332  0.0003
1333  0.0003
1334  0.0003
1335  0.0003
1336  0.0005
1337  0.0005
1338  0.0001
1339  0.0004
1340  0.0004
1342  0.0004
1343  0.0003
1345  0.0001
1346  0.0002
1347  0.0004
1349  0.0003
1350  0.0004
1351  0.0002
1352  0.0001
1353  0.0003
1354  0.0003
1355  0.0002
1356  0.0006
1357  0.0002
1358  0.0004
1359  0.0001
1361  0.0003
1362  0.0003
1364  0.0001
1365  0.0001
1366  0.0003
1367  0.0001
1368  0.0002
1369  0.0001
1370  0.0002
1371  0.0003
1372  0.0002
1373  0.0001
1374  0.0003
1375  0.0002
1377  0.0001
1378  0.0001
1381  0.0002
1382  0.0003
1383  0.0001
1384  0.0003
1385  0.0003
1390  0.0002
1391  0.0001
1392  0.0001
1395  0.0001
1396  0.0003
1399  0.0002
1401  0.0002
1402  0.0001
1403  0.0001
1404  0.0001
1405  0.0001
1411  0.0001
1412  0.0001
1415  0.0001
1416  0.0001
1417  0.0001
1418  0.0001
1422  0.0002
1423  0.0001
1425  0.0002
1442  0.0001
1450  0.0001
1451  0.0001
1461  0.0002
1476  0.0001
