0  0
1  3.3764
2  0.8531
3  0.4946
4  0.3487
5  0.2671
6  0.1857
7  0.1555
8  0.1336
9  0.1138
10  0.0901
11  0.0805
12  0.0724
13  0.0661
14  0.0509
15  0.0544
16  0.0434
17  0.0445
18  0.0395
19  0.0375
20  0.0363
21  0.0347
22  0.0287
23  0.0307
24  0.0312
25  0.0283
26  0.0274
27  0.0261
28  0.0286
29  0.0252
30  0.0233
31  0.0258
32  0.0271
33  0.0232
34  0.0214
35  0.0224
36  0.0231
37  0.0223
38  0.0226
39  0.0214
40  0.0213
41  0.0221
42  0.02
43  0.0193
44  0.0197
45  0.0218
46  0.0184
47  0.0183
48  0.0217
49  0.0171
50  0.0198
51  0.0192
52  0.0169
53  0.0197
54  0.0165
55  0.0183
56  0.016
57  0.0137
58  0.0159
59  0.0126
60  0.0127
61  0.0122
62  0.0112
63  0.0094
64  0.0086
65  0.0059
66  0.0072
67  0.0044
68  0.0028
69  0.0025
70  0.0027
71  0.0015
72  0.0009
73  0.0009
74  0.0002
75  0
76  0.0002
77  0
78  0
79  0
80  0
81  0
82  0
83  0
84  0
85  0
86  0
87  0
88  0
89  0
90  0
91  0
92  0
93  0
94  0
95  0
96  0
97  0
98  0
99  0
