0  0
1  7.2485
2  2.176
3  1.2735
4  0.8328
5  0.5708
6  0.4177
7  0.3001
8  0.2284
9  0.1719
10  0.134
11  0.1094
12  0.0857
13  0.0707
14  0.0571
15  0.0426
16  0.0352
17  0.0274
18  0.0263
19  0.0203
20  0.0172
21  0.0154
22  0.013
23  0.0106
24  0.01
25  0.006
26  0.0053
27  0.0063
28  0.004
29  0.0028
30  0.0027
31  0.0014
32  0.0014
33  0.0016
34  0.0019
35  0.0014
36  0.0011
37  0.0004
38  0.0003
39  0.0004
40  0.0002
41  0.0005
42  0
43  0.0003
44  0.0001
45  0.0001
46  0
47  0.0001
48  0
49  0
50  0
51  0
52  0
53  0
54  0
55  0.0001
56  0
57  0
58  0
59  0
60  0
61  0
62  0
63  0
64  0
65  0
66  0
67  0
68  0
69  0
70  0
71  0
72  0
73  0
74  0
75  0
76  0
77  0
78  0
79  0
80  0
81  0
82  0
83  0
84  0
85  0
86  0
87  0
88  0
89  0
90  0
91  0
92  0
93  0
94  0
95  0
96  0
97  0
98  0
99  0
