0  0
1  5.2355
2  1.4954
3  0.9046
4  0.6292
5  0.4646
6  0.342
7  0.2643
8  0.2258
9  0.1818
10  0.1498
11  0.1302
12  0.113
13  0.1021
14  0.0831
15  0.0736
16  0.0671
17  0.0584
18  0.0513
19  0.0462
20  0.0456
21  0.0419
22  0.0363
23  0.0343
24  0.0313
25  0.032
26  0.0254
27  0.0243
28  0.021
29  0.0191
30  0.0192
31  0.0192
32  0.0171
33  0.0149
34  0.0135
35  0.0147
36  0.0122
37  0.0107
38  0.0083
39  0.0089
40  0.0084
41  0.0065
42  0.0077
43  0.0054
44  0.0045
45  0.0041
46  0.0046
47  0.0034
48  0.0032
49  0.0029
50  0.0028
51  0.0027
52  0.0013
53  0.0015
54  0.0011
55  0.0007
56  0.0008
57  0.0006
58  0.0007
59  0.0003
60  0.0002
61  0.0002
62  0.0003
63  0
64  0
65  0.0002
66  0
67  0.0001
68  0.0001
69  0.0001
70  0.0001
71  0
72  0
73  0
74  0
75  0
76  0
77  0
78  0
79  0
80  0
81  0
82  0
83  0
84  0
85  0
86  0
87  0
88  0
89  0
90  0
91  0
92  0
93  0
94  0
95  0
96  0
97  0
98  0
99  0
