0  0
1  0.8721
2  0.1379
3  0.0528
4  0.0398
5  0.0314
6  0.0192
7  0.014
8  0.0103
9  0.0068
10  0.0043
11  0.0035
12  0.0033
13  0.0031
14  0.0024
15  0.0015
16  0.0012
17  0.0013
18  0.0015
19  0.0014
20  0.0012
21  0.0009
22  0.0014
23  0.0009
24  0.0007
25  0.0008
26  0.0004
27  0.0007
28  0.0007
29  0.001
30  0.001
31  0.0005
32  0.0006
33  0.0004
34  0.0007
35  0.0009
36  0.0006
37  0.0007
38  0.0006
39  0.0012
40  0.0007
41  0.0005
42  0.0006
43  0.0004
44  0.0004
45  0.0004
46  0.0007
47  0.0007
48  0.0007
49  0.0011
50  0.0007
51  0.0011
52  0.0004
53  0.0015
54  0.0014
55  0.0019
56  0.0019
57  0.0017
58  0.0026
59  0.0029
60  0.0016
61  0.0037
62  0.0025
63  0.0057
64  0.0048
65  0.0076
66  0.0075
67  0.0106
68  0.0125
69  0.0147
70  0.02
71  0.0249
72  0.0274
73  0.0368
74  0.0392
75  0.0492
76  0.061
77  0.064
78  0.0729
79  0.0758
80  0.0831
81  0.0766
82  0.0697
83  0.0608
84  0.0427
85  0.0369
86  0.0222
87  0.0167
88  0.0108
89  0.0063
90  0.004
91  0.0011
92  0.0003
93  0.0001
94  0.0001
95  0.0001
96  0
97  0
98  0
99  0
