0  0
1  8.9287
2  2.5375
3  1.3392
4  0.7321
5  0.4366
6  0.2879
7  0.1784
8  0.1163
9  0.0781
10  0.0561
11  0.0383
12  0.0258
13  0.0173
14  0.013
15  0.0085
16  0.0071
17  0.0045
18  0.0037
19  0.0024
20  0.0016
21  0.0012
22  0.0011
23  0.0004
24  0.0008
25  0.0001
26  0.0001
27  0.0003
28  0
29  0
30  0
31  0
32  0
33  0
34  0
35  0
36  0
37  0
38  0
39  0
40  0
41  0
42  0
43  0
44  0
45  0
46  0
47  0
48  0
49  0
50  0
51  0
52  0
53  0
54  0
55  0
56  0
57  0
58  0
59  0
60  0
61  0
62  0
63  0
64  0
65  0
66  0
67  0
68  0
69  0
70  0
71  0
72  0
73  0
74  0
75  0
76  0
77  0
78  0
79  0
80  0
81  0
82  0
83  0
84  0
85  0
86  0
87  0
88  0
89  0
90  0
91  0
92  0
93  0
94  0
95  0
96  0
97  0
98  0
99  0
