0  0
1  1.8721
2  0.4003
3  0.2035
4  0.1408
5  0.1013
6  0.0757
7  0.0602
8  0.0479
9  0.0425
10  0.0275
11  0.026
12  0.0219
13  0.0223
14  0.0212
15  0.0186
16  0.0128
17  0.0148
18  0.0127
19  0.0103
20  0.01
21  0.0106
22  0.0112
23  0.0083
24  0.009
25  0.0089
26  0.0093
27  0.008
28  0.0079
29  0.0078
30  0.0084
31  0.0085
32  0.0083
33  0.0083
34  0.0073
35  0.0082
36  0.0091
37  0.0091
38  0.0102
39  0.0101
40  0.0081
41  0.0097
42  0.0084
43  0.0085
44  0.0108
45  0.0106
46  0.0093
47  0.0113
48  0.0121
49  0.0137
50  0.0106
51  0.0167
52  0.0141
53  0.0163
54  0.0175
55  0.0216
56  0.0194
57  0.0223
58  0.0257
59  0.0253
60  0.0272
61  0.0281
62  0.0291
63  0.0359
64  0.036
65  0.0371
66  0.0387
67  0.0422
68  0.0405
69  0.0404
70  0.0414
71  0.0363
72  0.0353
73  0.0321
74  0.0251
75  0.0196
76  0.0165
77  0.0146
78  0.01
79  0.0069
80  0.0034
81  0.0024
82  0.0012
83  0.0012
84  0.0005
85  0.0001
86  0
87  0
88  0
89  0
90  0
91  0
92  0
93  0
94  0
95  0
96  0
97  0
98  0
99  0
