0  2  2  2  0  2  0  2  0  2  2  0  2  2  0  2  0  0  0  0  0  0  0  2  0  2  2  2  0  2  2  2  2  0  2  2  0  2  2  0  0  2  2  2  2  2  2  2  2  2  0  2  0  2  2  2  0  0  0  2  0  2  0  2  2  2  2  2  0  2  2  2  2  2  2  2  2  2  0  0  2  2  0  2  0  2  2  2  0  0  2  2  0  2  2  2  2  2  0  2  
4  3  0  3  4  3  4  0  0  3  3  4  3  3  4  3  0  7  0  0  0  9  0  0  4  3  0  0  0  3  0  3  3  4  3  3  0  3  3  4  5  0  0  0  3  0  3  3  0  3  4  3  4  3  3  3  4  5  6  0  10  0  0  3  0  0  3  3  4  0  3  3  3  3  3  0  0  0  5  4  3  3  4  3  0  3  3  0  5  4  3  0  1  0  3  3  3  3  4  3  
5  4  0  4  0  4  5  6  7  0  4  5  0  0  5  4  5  6  0  10  9  8  7  6  5  4  5  0  1  0  5  4  4  5  0  4  0  4  4  5  6  0  6  5  4  5  4  4  5  0  0  4  5  4  4  4  0  6  7  8  9  8  0  4  5  5  4  0  5  0  4  4  4  0  4  5  6  7  0  0  4  4  5  0  8  0  4  5  0  5  0  0  0  5  4  4  4  0  0  4  
6  0  6  5  6  5  6  7  8  0  5  0  8  7  6  5  6  0  0  11  0  9  8  0  6  0  6  0  0  7  6  0  5  0  6  5  0  0  5  0  7  8  7  0  5  0  5  5  6  0  0  0  0  5  5  5  6  7  8  0  8  7  6  5  6  0  5  6  6  0  0  5  5  6  5  6  0  8  9  10  0  5  6  7  7  6  5  6  7  6  0  8  7  6  5  5  0  0  0  5  
7  8  7  0  0  6  0  8  8  7  6  7  8  0  7  6  0  0  13  12  13  0  9  0  0  0  7  8  9  8  7  0  6  7  0  6  7  0  0  9  8  9  8  9  0  1  0  6  7  8  9  0  11  0  0  6  7  0  0  10  9  8  0  6  0  7  6  7  7  0  0  6  0  7  0  0  0  0  10  0  7  6  7  8  8  7  6  0  8  7  8  0  0  0  6  0  0  8  7  6  
8  9  0  0  8  7  8  0  9  8  7  0  9  10  0  0  16  15  14  13  0  17  0  0  0  9  8  9  10  9  8  9  0  8  8  7  0  11  0  10  9  10  9  10  0  0  8  7  0  0  0  11  10  9  8  7  8  0  12  11  10  9  8  7  8  0  0  0  8  9  8  7  8  8  9  10  11  12  11  0  0  7  8  9  9  8  7  8  9  8  0  10  9  8  7  8  9  9  0  7  
0  10  0  10  9  8  9  0  10  9  0  11  10  11  12  0  0  0  15  14  0  16  15  14  0  0  9  10  11  10  0  10  0  0  0  8  9  10  0  11  0  0  10  0  0  10  9  8  9  10  11  12  0  0  9  8  9  0  13  12  11  10  0  8  0  0  21  22  0  10  9  0  9  9  10  0  12  12  11  10  9  8  0  0  0  9  0  9  0  0  0  11  0  9  8  9  0  0  9  8  
0  0  24  0  0  9  10  11  0  0  13  12  0  12  13  14  0  0  16  15  16  15  14  13  12  11  10  0  0  11  12  11  12  13  14  0  10  11  12  0  0  0  11  12  12  11  0  0  10  0  12  0  12  11  10  9  10  11  0  13  12  0  16  0  0  19  20  21  0  0  10  0  0  0  11  12  0  13  0  0  10  9  10  11  11  10  11  0  15  14  13  12  11  10  9  0  12  11  10  9  
25  0  23  22  23  0  0  12  13  14  0  13  0  13  14  15  16  0  17  16  17  16  0  0  13  12  11  12  0  12  0  12  13  14  13  12  11  12  13  14  0  13  12  13  13  12  13  0  11  0  13  14  13  12  11  0  0  12  13  0  13  14  15  16  17  18  19  20  21  22  0  26  0  1  0  0  0  14  15  0  11  10  11  0  12  11  12  13  0  15  14  0  0  0  0  0  13  12  0  0  
24  23  22  21  0  15  14  13  14  15  0  14  15  14  0  16  17  18  18  17  18  0  16  15  14  13  0  13  14  0  14  13  14  15  14  13  12  0  0  15  16  0  13  0  14  13  14  15  0  15  14  15  0  13  12  0  0  13  14  15  14  15  0  17  0  19  0  21  0  23  24  25  0  1  0  17  16  15  0  17  0  11  12  0  0  12  13  14  15  16  15  16  17  0  0  15  14  0  0  0  
0  24  0  20  0  16  0  14  0  0  16  15  16  15  16  17  0  19  19  18  19  0  17  16  0  14  15  14  15  16  15  14  15  0  0  14  13  0  0  16  16  15  14  15  0  0  15  0  17  16  0  16  15  14  13  0  15  14  0  0  15  16  17  18  19  0  23  22  23  24  25  26  27  0  19  18  17  16  17  16  0  12  13  14  14  13  0  15  0  17  16  17  18  19  0  16  15  16  0  20  
26  25  0  19  18  17  18  0  19  18  17  16  17  0  17  18  19  20  20  19  20  21  0  17  16  15  16  0  0  0  16  15  16  0  16  15  0  19  18  17  17  16  0  16  0  20  0  19  18  17  0  17  0  15  0  0  0  15  0  17  16  17  0  0  20  21  0  23  0  25  0  27  0  21  20  19  18  0  16  15  14  13  14  15  0  0  1  0  19  18  17  0  19  20  21  0  16  17  18  19  
0  24  0  20  0  0  19  0  20  19  18  17  18  0  18  19  20  21  0  20  21  20  19  18  17  0  17  18  19  20  0  0  17  18  0  0  21  20  19  18  18  0  18  17  18  19  20  20  19  18  19  0  17  16  0  0  17  16  17  18  17  0  0  22  21  22  0  24  25  26  0  28  29  0  0  20  0  18  17  16  15  14  15  0  1  0  0  21  20  19  0  27  0  0  22  0  17  0  19  0  
0  23  22  21  22  23  0  22  21  0  0  18  19  20  19  20  21  22  23  0  22  0  0  19  18  19  18  0  20  21  22  23  0  19  20  21  22  0  20  19  19  20  19  18  19  20  21  0  20  19  0  0  18  17  18  19  18  17  18  19  0  0  24  23  22  0  32  0  0  27  0  29  30  0  22  21  20  19  18  0  0  0  16  17  0  24  23  22  0  20  0  26  25  24  23  24  0  21  20  21  
25  24  23  22  23  0  24  23  22  21  20  19  20  21  20  21  22  23  24  25  0  42  43  0  0  0  0  22  21  22  23  24  0  0  21  22  23  0  0  20  20  21  0  0  0  21  22  22  21  20  0  20  19  18  0  20  19  18  19  20  0  24  25  24  0  0  31  30  29  28  0  28  0  0  23  0  0  20  19  0  0  36  0  18  0  25  0  23  24  0  28  27  26  25  24  25  0  22  21  0  
26  25  24  23  0  31  0  24  23  22  0  20  21  22  21  22  0  24  25  0  42  41  0  39  0  25  24  23  22  23  24  0  28  0  22  0  24  0  22  21  0  0  0  0  23  22  23  0  22  21  22  21  0  19  0  21  20  19  0  21  22  23  24  0  0  33  32  0  30  29  28  27  26  25  24  23  22  21  20  0  34  35  0  0  27  26  25  24  25  26  27  0  27  26  25  26  27  0  0  0  
0  26  0  24  0  30  31  0  24  23  0  21  0  0  22  23  0  0  26  0  41  40  0  38  0  0  0  24  0  0  25  26  27  28  0  0  25  24  23  22  23  0  26  25  24  0  24  0  23  22  23  0  1  0  23  22  21  20  21  22  23  24  25  0  0  0  0  0  31  0  29  0  0  0  25  24  23  22  21  0  33  34  0  0  0  27  26  25  26  27  28  29  0  27  26  27  0  0  0  0  
28  27  26  25  0  29  30  31  0  24  23  22  23  0  23  24  0  28  27  0  40  39  38  37  36  0  34  0  28  27  26  27  28  29  30  0  26  0  24  23  24  25  0  26  25  26  25  25  24  23  24  0  0  25  24  23  22  0  22  23  0  25  0  37  36  35  34  33  32  31  30  0  28  27  26  0  0  23  0  0  32  33  34  0  38  0  27  0  0  28  29  0  33  0  0  28  0  1  0  0  
29  28  27  26  27  28  29  30  31  0  0  0  24  0  24  25  26  27  28  0  0  38  37  36  35  34  33  32  0  28  27  28  29  0  31  0  27  28  0  24  25  26  27  27  26  27  26  26  25  0  25  26  27  26  0  24  23  24  23  24  25  0  39  38  37  36  35  34  33  0  31  30  29  28  27  28  0  24  25  0  31  32  0  36  37  37  0  35  0  0  30  31  32  31  30  29  30  0  34  35  
30  29  0  27  0  0  30  0  32  33  0  1  0  0  25  26  27  0  0  41  40  39  38  37  0  33  32  31  30  29  28  29  30  0  32  33  0  27  26  25  26  27  28  28  27  28  27  27  0  0  26  0  28  0  26  25  24  25  24  0  0  41  40  39  0  0  36  35  34  0  32  31  30  29  28  0  26  25  0  29  30  0  36  35  0  36  35  34  33  32  31  0  33  32  0  30  31  32  33  34  
31  30  31  0  0  0  31  32  0  34  35  0  59  0  0  27  28  0  0  0  41  40  0  0  35  34  33  32  31  30  29  30  31  32  33  32  0  28  27  26  27  28  29  29  28  29  28  28  0  35  0  0  29  28  27  26  25  0  25  26  0  0  41  40  0  44  0  36  35  0  0  32  31  30  0  0  27  26  27  28  0  32  0  34  35  36  36  35  0  0  32  33  34  33  34  0  32  0  34  35  
0  31  0  35  34  33  32  33  34  35  36  0  58  0  56  0  0  0  58  59  0  0  0  0  36  35  34  33  32  0  0  31  32  33  32  31  30  29  0  27  28  29  0  30  0  0  29  0  33  34  35  0  30  0  28  0  0  0  26  0  1  0  0  41  42  43  44  0  36  37  36  0  32  31  32  31  0  27  28  29  30  31  32  33  0  37  37  36  37  0  33  0  0  0  0  42  0  36  35  36  
33  32  33  0  35  34  0  34  35  36  0  58  57  0  55  54  55  56  57  58  59  0  39  38  37  0  35  0  33  34  0  0  33  34  33  0  31  0  0  0  29  0  0  31  32  0  30  31  32  33  0  32  31  32  0  36  0  1  0  46  0  44  43  42  43  44  0  60  0  0  35  34  33  32  31  30  29  28  0  30  31  32  33  34  35  36  37  37  36  35  34  35  0  41  42  41  0  37  36  37  
34  0  34  35  36  0  36  35  36  37  0  57  56  55  54  53  0  57  58  59  0  0  40  39  38  37  36  0  34  0  0  35  34  35  34  35  0  1  1  1  0  34  33  32  33  0  0  0  33  34  0  33  0  33  34  35  36  0  0  45  44  45  44  0  0  45  0  59  0  0  36  35  34  0  0  0  30  29  0  0  32  33  0  35  36  37  38  38  0  0  35  0  39  40  41  40  39  38  37  0  
0  1  0  36  0  38  37  36  37  0  41  0  57  56  0  52  0  58  59  60  0  0  41  0  0  38  0  1  0  1  0  36  35  36  0  36  0  0  0  1  0  0  34  0  34  35  0  35  34  35  35  34  35  34  35  36  37  38  39  0  43  0  45  0  51  0  59  58  57  0  0  0  35  36  37  0  31  30  0  34  0  34  35  36  0  38  39  39  0  37  36  37  38  39  40  41  0  0  38  0  
0  1  0  0  0  0  38  0  38  39  40  41  0  57  0  51  50  0  0  0  44  43  42  0  40  39  40  0  0  0  46  0  0  37  0  37  38  39  0  0  0  0  35  36  35  36  37  36  0  36  0  35  0  0  36  37  38  39  40  41  42  0  0  49  50  51  0  0  56  0  0  1  0  0  38  39  0  31  32  33  0  35  36  0  40  39  40  0  39  38  37  38  39  40  41  0  41  40  39  40  
47  0  0  42  41  40  39  40  39  0  0  42  43  0  0  50  49  48  47  46  45  44  43  42  41  40  41  42  43  44  45  0  1  0  39  38  0  40  0  41  40  0  36  37  36  0  38  37  38  0  37  36  37  38  0  0  0  0  41  42  43  0  47  48  0  52  53  54  55  56  57  0  0  0  0  0  33  32  33  34  35  36  0  0  0  0  41  0  40  0  0  39  40  41  42  0  42  41  40  41  
46  45  44  43  0  0  0  41  40  41  42  0  44  0  0  51  50  49  48  47  46  45  44  43  0  41  42  43  44  0  46  45  0  41  40  39  40  41  0  40  39  38  37  38  0  40  39  38  39  0  38  37  38  0  42  43  44  0  42  43  44  45  46  0  1  0  54  0  56  57  58  0  0  47  46  0  34  0  34  35  0  37  0  50  49  0  42  42  41  42  0  40  41  42  0  44  43  42  0  42  
47  46  0  0  47  0  45  0  41  42  0  46  45  0  53  52  51  50  49  48  47  0  45  44  0  42  43  44  45  0  45  44  43  42  41  0  0  42  0  0  40  0  38  39  0  41  0  39  40  0  39  0  39  40  41  0  45  46  0  44  45  46  47  0  1  0  55  56  0  58  0  48  47  46  45  44  0  42  0  36  37  0  1  0  48  47  0  43  42  43  44  0  42  43  0  0  44  43  44  43  
48  47  0  47  46  45  44  43  42  43  44  45  0  0  0  53  0  0  50  0  0  47  46  0  44  43  0  0  0  1  0  45  44  43  0  0  0  0  52  0  41  40  39  40  41  0  41  40  41  0  40  0  0  41  42  43  44  45  0  45  46  47  48  0  0  0  56  57  58  0  0  47  0  0  44  43  0  41  0  37  38  0  0  48  47  46  45  44  43  44  45  44  43  44  45  46  45  44  45  44  
49  48  49  0  47  0  45  44  43  0  45  0  49  50  51  52  0  52  51  0  49  48  47  0  45  44  45  46  0  0  0  46  45  44  45  0  0  50  51  0  42  41  40  0  0  43  42  0  42  43  0  44  43  42  43  0  45  46  47  46  47  48  49  50  0  62  0  58  0  48  47  46  45  44  43  42  41  40  39  38  39  0  50  49  48  47  46  0  44  45  46  0  0  45  46  47  0  45  46  45  
50  0  50  49  48  0  46  45  44  45  46  47  48  49  50  51  0  0  0  51  50  49  0  49  0  45  46  47  48  49  48  47  46  45  46  47  48  49  50  51  0  42  0  46  45  44  43  44  43  0  0  0  44  43  44  45  46  47  48  47  48  49  0  0  62  61  60  59  0  0  48  0  46  45  0  0  42  0  40  39  0  1  0  0  49  48  0  46  45  0  47  48  47  46  0  48  49  0  47  0  
51  52  51  50  0  48  47  0  45  0  47  48  49  50  0  0  55  54  53  52  0  0  49  48  47  46  47  48  49  50  49  0  47  0  0  0  49  50  51  0  0  43  0  0  46  45  44  45  44  45  0  46  45  0  45  0  0  48  0  0  49  50  51  52  0  60  0  60  0  0  49  0  0  0  47  0  43  42  41  40  0  0  52  51  50  0  0  0  46  0  0  0  48  0  50  49  50  51  0  57  
52  53  52  0  0  0  48  47  46  47  48  49  50  0  62  63  0  55  54  0  56  55  0  0  48  47  48  0  50  51  0  55  0  55  0  51  50  0  52  53  53  0  0  48  47  46  45  46  45  0  48  47  46  47  0  0  50  49  50  0  50  51  0  53  0  59  0  0  1  0  50  49  48  47  46  45  44  0  0  0  50  51  52  52  51  52  0  0  47  0  66  0  49  0  0  50  51  0  55  56  
0  0  53  0  51  50  49  48  0  48  49  50  0  62  61  0  0  56  55  56  55  54  53  52  0  48  49  50  51  52  53  54  0  54  53  52  51  52  0  53  52  51  50  49  48  47  46  47  46  0  0  48  47  48  0  52  51  0  51  52  51  52  53  0  57  58  59  0  0  0  0  50  49  48  47  0  45  46  47  48  49  50  51  52  52  0  0  62  0  64  65  65  0  59  58  0  52  53  54  0  
0  0  54  0  52  51  0  49  50  49  0  51  0  61  60  59  58  57  56  57  0  53  52  51  50  49  0  0  0  53  54  55  0  55  54  53  52  0  56  0  53  52  51  50  0  48  47  0  47  48  49  49  48  0  52  53  52  0  52  53  0  53  54  55  56  57  58  0  62  63  64  0  50  49  48  47  46  47  48  49  50  51  52  53  0  59  60  61  62  63  0  64  65  0  57  0  53  54  55  56  
0  56  55  54  53  52  51  50  0  50  51  0  55  0  0  60  59  58  57  58  57  0  53  0  0  50  0  56  55  54  55  0  57  56  0  0  53  54  55  56  0  53  0  51  50  49  0  49  48  0  0  50  49  50  51  52  53  54  0  0  0  0  0  56  57  58  59  60  61  0  65  66  0  0  49  0  47  48  49  50  51  52  53  54  0  58  59  60  0  0  0  63  0  57  56  55  54  55  0  57  
1  0  0  0  0  53  52  0  52  51  52  53  54  0  62  61  60  0  58  0  56  55  54  0  52  51  0  57  56  55  56  0  0  57  0  55  54  55  0  56  55  54  55  0  51  50  51  50  0  53  52  51  50  51  52  53  0  55  0  0  62  61  0  57  58  0  60  61  0  67  66  67  0  51  50  49  48  49  0  51  52  53  0  55  56  57  58  0  0  0  0  62  61  0  57  0  55  56  57  58  
0  1  1  1  0  54  53  54  53  52  53  54  0  0  0  62  61  0  0  58  57  56  55  54  53  0  0  58  57  56  57  0  0  58  57  56  0  56  57  57  0  55  56  0  52  51  52  51  52  53  0  52  51  0  53  0  57  56  57  58  0  60  59  58  59  60  61  0  69  68  0  0  0  0  51  0  49  50  51  52  53  0  57  56  0  0  59  60  61  62  0  61  60  59  58  57  56  0  58  59  
1  0  0  1  0  55  54  55  0  53  0  55  56  0  64  63  62  63  64  0  58  57  56  0  54  55  56  0  58  57  58  59  60  0  58  0  0  57  58  0  57  56  55  54  53  0  53  52  53  0  54  53  52  53  54  55  56  57  58  59  60  61  60  59  60  0  62  0  70  69  0  61  0  1  0  51  50  51  52  0  54  55  56  57  58  59  0  0  0  63  0  62  61  60  0  58  57  58  59  60  
1  1  0  0  0  0  0  0  55  54  0  56  57  0  65  64  63  0  0  62  0  0  57  56  55  56  57  0  59  0  0  60  61  60  59  60  0  58  59  0  58  0  56  0  54  0  54  53  54  55  55  54  53  0  55  56  57  58  0  0  61  62  61  60  61  0  0  72  71  0  0  60  0  0  0  52  51  0  53  54  0  56  0  58  0  0  63  64  65  64  64  63  0  0  60  59  58  59  0  61  
1  0  0  0  0  61  0  0  56  55  56  0  0  0  66  65  64  0  62  61  60  59  58  57  56  57  0  0  60  0  62  61  62  61  0  0  60  59  0  63  0  0  57  58  0  62  0  0  55  0  56  55  54  0  56  57  58  59  0  63  62  63  0  61  62  63  64  0  0  0  60  59  58  0  0  53  52  0  54  55  56  0  60  59  60  61  62  0  0  65  0  64  65  66  0  0  59  60  61  62  
0  64  63  62  61  60  59  58  57  56  0  70  69  68  67  66  0  64  63  62  61  0  59  0  57  0  0  62  0  64  63  62  0  62  0  0  61  60  61  62  63  0  0  59  60  61  0  0  56  57  57  56  0  0  57  58  59  0  65  64  63  64  65  0  63  64  65  0  0  0  0  0  57  56  55  54  0  0  55  56  57  0  61  0  61  62  63  64  0  0  66  65  66  67  68  67  0  61  62  63  
66  65  64  0  0  61  60  59  58  57  0  0  0  69  0  0  68  0  64  63  0  61  60  59  58  59  60  61  62  0  0  63  0  63  64  0  62  0  62  63  64  65  66  0  0  62  0  58  57  0  0  57  58  0  58  59  60  61  0  65  64  65  66  67  0  65  64  63  62  61  60  59  58  0  0  55  0  57  56  57  58  0  0  63  0  63  64  0  0  68  67  66  67  0  67  66  0  62  0  64  
0  66  0  66  0  0  61  0  0  0  75  76  77  0  69  68  67  66  65  64  65  0  61  60  59  0  0  62  0  0  0  0  69  0  65  64  63  0  63  0  0  66  0  70  0  61  60  59  58  0  59  58  59  0  59  60  0  62  63  64  0  66  67  68  0  66  65  0  63  62  61  60  59  0  63  0  59  58  0  58  59  60  61  62  0  0  65  66  67  68  0  67  68  0  66  65  64  63  64  65  
1  0  66  65  64  63  62  63  0  75  74  75  0  73  0  69  0  67  66  0  66  0  62  0  60  0  66  0  76  75  74  0  68  67  66  65  64  65  0  0  0  67  68  69  0  0  0  60  0  63  0  59  60  61  60  61  62  63  64  65  66  67  68  69  70  0  66  65  64  63  62  61  60  61  62  63  0  0  60  59  60  61  0  63  64  65  66  67  0  69  0  68  0  68  67  66  0  0  65  0  
0  0  0  66  65  64  63  64  65  0  73  0  73  72  71  70  0  68  0  68  0  64  63  0  61  0  65  66  0  74  73  74  0  0  67  66  65  0  0  70  69  68  69  0  64  63  62  61  0  62  61  60  0  0  61  62  63  64  65  0  67  68  69  70  0  0  0  0  65  64  63  62  61  62  0  0  0  64  0  60  61  62  63  64  0  66  67  68  0  70  0  69  70  69  68  0  0  75  0  1  
0  69  68  67  66  65  64  65  0  71  72  73  0  73  72  71  70  69  68  67  66  65  64  63  62  63  64  0  0  0  72  0  74  0  68  67  66  0  70  71  70  69  70  0  65  64  63  0  0  63  62  0  0  63  62  63  64  65  66  67  68  69  70  71  0  69  68  67  66  65  0  63  62  63  64  65  64  63  62  61  62  0  64  65  66  67  68  69  0  0  0  70  71  70  69  70  0  74  75  0  
73  0  69  68  67  0  0  66  0  70  71  0  1  0  73  72  0  70  69  0  67  66  65  64  0  64  65  0  69  70  71  72  73  0  69  68  67  68  69  70  0  70  71  0  66  65  64  65  0  64  63  64  0  64  63  0  0  66  67  68  0  70  71  72  73  0  69  0  67  0  65  64  63  0  65  66  65  64  63  62  63  64  65  66  67  0  69  70  71  0  72  71  72  71  70  71  72  73  74  75  
72  71  70  0  68  69  68  67  68  69  70  71  0  0  74  73  72  71  70  69  68  0  66  65  0  65  66  67  68  69  70  71  0  71  70  69  68  69  0  0  0  71  72  0  67  66  65  0  66  65  64  65  0  65  64  65  0  67  68  69  0  71  72  73  74  0  70  71  0  67  66  65  64  0  66  67  66  65  64  63  0  65  0  67  68  0  0  71  0  74  73  0  73  72  0  72  73  0  75  76  
73  72  71  72  0  0  0  0  69  0  71  72  73  74  75  74  73  72  0  70  69  70  0  0  0  66  67  0  69  70  0  72  73  0  71  70  69  0  0  74  0  0  72  71  0  67  0  68  67  0  0  66  67  66  65  66  0  68  69  70  0  72  73  74  73  72  71  0  75  0  0  66  65  66  0  68  0  0  65  0  1  0  69  68  0  0  0  72  73  74  74  75  74  73  0  73  74  0  76  77  
74  73  0  0  0  0  72  71  70  71  72  73  74  75  76  75  74  73  0  0  70  71  72  0  68  67  68  0  70  71  72  73  74  75  0  71  70  71  72  73  0  72  71  70  69  68  0  69  68  69  70  0  68  67  66  0  0  0  70  71  72  73  74  75  74  73  72  73  74  0  70  0  66  67  0  0  68  67  66  67  0  1  0  0  82  0  74  73  74  75  75  76  75  74  75  0  75  76  77  0  
75  74  0  78  77  0  73  0  0  72  0  74  75  0  77  76  75  74  73  72  71  72  73  0  69  68  69  70  71  0  73  74  0  76  0  72  71  72  73  0  1  0  72  71  0  0  0  70  69  70  71  72  0  68  67  68  69  70  71  0  73  74  75  0  75  0  73  0  0  70  69  68  67  68  69  70  69  68  0  68  69  0  0  80  81  0  75  74  75  76  76  0  0  0  76  77  76  77  78  0  
0  0  78  77  76  75  74  75  0  0  84  0  0  79  78  0  76  0  74  0  72  73  74  75  0  0  70  71  72  73  74  75  76  77  78  0  72  73  0  1  1  0  73  72  73  0  72  71  0  0  72  73  0  69  68  69  70  0  72  73  74  75  76  77  76  75  74  75  0  0  70  69  0  0  0  71  70  69  70  69  0  79  78  79  80  0  76  75  76  0  0  83  84  85  0  78  0  78  0  82  
81  80  79  78  77  0  0  76  77  0  83  82  81  80  0  0  77  76  75  76  0  74  75  0  73  72  71  72  73  0  75  76  0  78  79  80  0  0  85  0  0  0  74  0  0  74  73  0  1  1  0  74  0  0  69  70  71  72  73  0  0  76  77  78  77  76  75  76  75  0  71  70  71  72  73  0  0  70  71  70  71  0  77  0  79  78  77  0  77  0  0  82  83  84  85  0  80  79  80  81  
82  81  80  0  78  79  0  77  0  85  84  83  82  81  82  0  0  77  0  77  76  75  0  75  74  73  72  0  0  77  76  77  0  0  80  81  82  83  84  85  86  0  0  0  76  75  74  75  0  0  76  75  0  71  70  71  72  73  0  87  86  0  78  79  0  77  0  75  74  73  72  71  72  73  74  75  0  71  0  71  72  0  76  77  78  79  0  79  78  79  80  81  0  0  0  82  81  80  81  82  
83  0  81  80  79  80  81  0  0  86  85  0  83  0  0  0  97  0  87  0  0  76  0  76  0  0  73  0  79  78  0  0  83  82  81  82  83  84  85  86  0  92  91  90  0  0  75  76  77  0  0  76  0  72  71  72  73  0  87  86  85  0  0  0  0  78  79  0  75  0  73  72  73  0  75  0  0  0  73  72  73  74  75  76  77  78  79  80  0  0  81  82  83  84  0  83  0  0  82  83  
84  83  82  81  80  81  82  83  0  87  86  87  0  1  1  0  96  0  86  85  84  0  78  77  0  0  0  81  80  0  84  0  84  83  0  0  84  85  86  0  92  91  90  89  88  0  0  77  0  1  0  75  74  73  0  0  0  79  0  85  84  83  82  81  80  79  78  77  76  0  74  0  74  75  0  77  76  75  74  73  74  75  76  77  0  79  80  81  82  83  0  0  84  0  85  84  85  84  83  0  
0  0  83  82  0  82  83  0  0  0  0  88  89  0  0  94  95  0  85  0  83  82  0  78  79  0  0  82  81  82  83  0  85  84  85  86  85  86  0  0  93  0  0  0  87  88  0  78  0  0  79  0  75  74  75  76  77  78  0  0  85  0  83  0  0  80  79  0  77  76  75  76  0  76  0  78  0  76  75  74  0  76  77  78  0  80  81  82  0  0  87  88  0  0  86  0  86  85  84  0  
86  85  84  0  84  83  84  85  86  87  88  89  90  0  92  93  0  85  84  83  82  81  80  79  80  81  0  83  82  0  84  85  0  0  86  87  0  0  0  0  94  0  88  87  86  0  80  79  80  79  78  77  76  75  76  77  78  0  88  87  86  85  84  85  0  81  80  79  78  77  0  0  0  77  78  0  0  0  0  75  76  77  78  0  82  81  82  83  84  85  86  87  0  1  0  88  87  0  85  86  
87  0  85  86  85  0  85  86  87  88  89  90  0  92  91  0  87  86  85  84  83  82  0  0  81  82  0  84  0  86  85  86  0  0  87  0  91  92  0  0  0  102  0  86  85  0  81  80  81  0  79  78  77  0  77  0  0  90  89  88  87  86  0  86  0  82  81  80  0  78  79  80  0  78  79  80  81  0  77  76  77  78  79  80  81  82  83  84  85  0  0  88  0  0  90  89  88  0  86  87  
88  89  0  87  86  0  86  87  88  0  90  0  94  0  90  89  88  0  86  85  84  83  0  83  82  83  84  85  86  87  86  0  1  0  88  89  90  0  1  0  100  101  102  0  84  83  82  81  82  0  80  0  78  79  0  83  84  0  90  0  0  0  86  85  84  83  82  81  0  0  80  81  82  0  80  81  80  79  78  77  78  0  80  81  82  83  0  85  0  1  0  89  90  0  0  0  89  88  87  88  
0  90  89  88  87  88  87  0  89  0  91  92  93  92  91  90  89  88  87  0  85  84  85  84  83  84  0  0  0  88  87  88  0  90  89  90  91  92  0  98  99  100  0  0  85  0  83  82  83  82  81  80  79  80  81  82  83  0  91  90  89  88  87  0  85  84  0  82  83  82  81  82  83  84  0  82  0  0  79  78  0  0  81  0  83  84  85  86  87  0  91  90  91  0  1  0  90  0  88  0  
0  91  90  0  88  0  0  99  0  93  92  93  0  93  0  91  90  89  88  87  86  0  86  0  84  0  90  91  92  0  0  89  90  91  0  91  92  93  0  97  98  0  0  0  86  85  84  83  84  83  82  81  80  81  82  0  84  0  92  91  90  0  0  95  0  85  86  0  0  0  82  0  84  85  86  0  0  81  80  79  80  0  82  83  84  85  86  87  88  0  0  91  92  0  0  0  91  0  89  0  
99  0  91  92  0  0  97  98  0  94  93  94  95  94  95  0  91  0  0  0  87  0  87  86  85  0  89  90  91  0  1  0  91  0  93  92  0  94  95  96  0  1  0  108  0  86  85  0  85  0  0  0  0  82  83  84  85  86  0  0  0  92  93  94  95  0  87  0  0  90  0  0  85  86  87  86  85  0  81  80  81  0  83  84  85  86  87  0  89  0  93  92  93  0  97  0  0  100  0  1  
98  97  0  93  94  95  96  97  96  95  94  95  96  0  94  93  92  0  0  0  0  89  88  87  86  87  88  0  92  0  0  93  92  93  94  93  94  95  96  97  98  0  108  107  108  0  86  0  0  123  124  125  126  0  0  0  0  87  88  89  90  91  0  0  96  0  0  91  90  89  88  87  86  87  86  85  84  83  82  81  82  83  0  85  0  87  88  89  90  0  0  93  94  95  96  97  98  99  0  0  
0  96  95  94  0  96  97  98  0  96  0  96  97  0  95  94  93  94  93  92  91  90  89  88  87  0  0  94  93  94  95  0  93  94  95  94  95  96  97  98  99  0  0  106  107  0  0  124  123  122  123  124  125  0  1  1  0  88  89  90  91  92  93  94  95  0  93  92  91  90  89  88  87  0  87  86  85  84  83  82  0  0  87  86  0  88  89  0  0  96  95  94  0  96  97  0  99  0  111  110  
106  0  96  0  98  97  0  99  0  97  98  0  98  97  96  95  94  0  94  93  92  91  90  89  0  101  100  0  0  95  96  97  0  0  96  95  0  0  98  0  100  101  0  105  106  107  108  0  0  121  0  0  0  1  0  0  90  89  0  91  0  0  94  95  96  0  94  93  92  0  90  89  88  89  88  0  0  85  84  83  84  85  0  87  88  89  0  93  0  95  96  0  0  97  98  99  100  101  0  109  
105  104  0  100  99  98  99  100  0  0  99  100  99  98  97  96  0  0  95  0  0  0  0  0  0  100  99  98  97  96  97  98  99  0  97  96  97  0  99  100  101  102  103  104  105  0  109  0  121  120  119  118  117  0  107  106  0  0  93  92  0  96  95  96  97  98  0  0  93  92  91  0  89  90  89  88  87  86  0  0  0  0  1  0  89  90  91  92  93  94  0  100  99  98  99  100  101  0  109  108  
104  103  102  101  0  99  100  0  114  113  0  101  100  99  98  0  0  1  0  111  110  109  108  107  0  101  0  99  0  97  98  99  100  101  0  97  98  99  100  0  0  103  104  0  106  107  108  109  0  119  118  117  116  0  0  105  104  0  0  0  100  0  96  97  0  99  100  101  0  93  92  93  0  0  0  89  88  0  0  0  1  1  1  1  0  91  92  93  94  95  0  99  0  99  0  101  102  103  0  107  
105  104  103  102  0  100  101  0  113  112  0  102  101  0  99  0  1  0  111  110  109  108  107  106  0  102  101  100  99  98  99  0  101  0  99  98  99  100  0  104  0  0  105  0  107  108  109  110  0  120  0  116  115  114  0  0  103  102  101  100  99  98  97  98  99  100  0  0  95  94  0  94  0  0  0  90  0  0  0  136  0  1  1  1  0  92  0  94  95  96  97  98  99  100  101  102  103  104  105  106  
0  105  104  103  104  0  0  113  112  111  112  0  102  101  100  101  0  0  112  111  110  0  0  105  104  103  0  101  100  99  100  101  102  101  100  99  100  101  102  103  104  105  0  109  108  0  110  111  112  0  1  0  0  113  112  0  0  0  102  0  100  99  98  0  100  101  100  0  96  0  128  0  0  1  0  0  132  133  134  135  136  0  0  0  1  0  0  95  96  0  98  99  100  101  0  103  104  0  106  0  
107  106  105  104  105  106  107  0  0  110  0  104  103  102  101  0  105  0  113  0  109  108  107  106  105  104  103  102  101  100  101  0  0  0  101  100  0  0  103  104  105  0  111  110  0  112  111  0  113  0  0  1  0  112  111  0  109  108  0  102  101  100  0  102  101  100  99  98  97  0  127  0  0  0  129  0  131  0  0  134  135  0  1  0  1  0  97  96  97  0  0  0  101  0  105  104  0  1  0  1  
0  107  106  105  106  107  108  109  110  109  108  0  104  103  102  103  104  0  112  111  110  0  108  107  106  105  0  103  102  101  102  103  104  103  102  101  102  103  104  0  0  113  112  111  0  113  112  113  114  115  0  0  112  111  110  109  108  107  0  103  0  101  102  103  102  0  100  0  0  127  126  125  126  127  128  129  130  131  132  133  0  0  1  1  1  0  0  97  98  99  0  0  0  0  0  105  0  1  0  1  
111  0  0  106  107  108  0  0  0  108  107  106  105  104  0  104  105  0  113  0  111  0  0  108  0  0  105  104  0  0  103  0  0  104  103  102  103  0  105  0  115  114  113  0  115  114  113  114  115  116  117  0  0  0  0  108  107  106  105  104  103  102  103  104  103  102  101  102  103  0  125  124  125  0  129  130  131  132  133  134  0  0  0  0  0  0  0  0  99  100  101  102  0  0  1  0  1  1  1  0  
110  109  108  107  0  0  114  113  0  109  108  107  0  105  0  105  106  0  114  0  0  113  0  109  108  107  106  0  0  105  104  105  106  0  104  0  104  105  106  0  116  0  114  115  0  115  0  115  116  117  0  115  0  0  110  109  108  107  0  105  104  103  0  105  104  0  0  0  104  105  0  123  0  0  0  131  132  133  0  135  136  135  136  137  0  1  1  0  100  101  102  103  104  0  1  1  1  1  0  0  
111  110  109  108  0  0  113  112  111  110  0  108  107  106  0  106  107  108  0  0  0  112  111  110  0  0  107  108  107  106  105  0  107  106  105  106  0  0  107  108  0  112  113  114  115  116  117  0  117  116  115  114  113  112  111  110  109  0  107  106  0  0  107  106  0  0  111  112  0  0  123  122  121  122  0  132  0  132  131  0  0  134  135  136  137  1  1  0  101  0  103  104  105  0  0  1  1  1  1  1  
112  111  110  0  116  115  114  0  0  111  0  109  108  107  108  107  108  0  0  0  0  113  112  111  0  109  108  0  108  107  0  0  108  0  106  107  0  109  108  109  110  111  112  113  114  0  0  0  0  117  116  115  114  113  112  0  110  109  108  107  0  0  108  107  108  109  110  0  0  115  0  0  120  121  122  0  0  0  130  131  132  133  134  0  0  137  0  0  0  1  0  105  0  1  1  1  0  1  1  0  
0  112  111  112  0  116  0  0  121  0  0  0  109  108  0  0  0  114  115  116  0  114  113  112  0  0  109  110  109  0  0  110  109  0  107  0  121  0  109  110  111  112  0  114  115  0  121  120  119  118  117  116  115  0  113  112  111  110  109  0  113  0  109  0  109  0  111  112  113  114  0  118  119  120  0  126  0  0  129  130  131  132  133  134  135  136  137  1  1  1  1  0  1  1  0  1  1  0  0  1  
114  113  112  0  116  0  0  119  120  121  122  0  110  109  110  111  112  113  114  115  116  115  114  0  112  111  110  0  0  0  112  111  0  117  0  119  120  121  0  0  0  113  114  0  0  123  122  121  0  119  0  0  116  0  114  113  112  111  110  0  112  111  110  111  110  111  112  113  0  115  116  117  0  121  0  125  126  127  128  0  130  131  0  133  0  0  0  1  1  1  1  1  0  1  1  1  1  1  1  0  
0  114  113  114  115  116  117  118  119  0  0  112  111  110  111  112  0  114  115  116  117  0  115  114  113  112  111  112  0  116  0  112  0  116  117  118  119  120  121  0  115  114  0  118  0  0  123  122  0  0  127  128  0  116  115  114  0  112  111  112  113  0  111  112  111  112  113  114  115  0  117  118  0  122  123  124  125  126  127  128  129  130  131  132  133  0  1  1  1  1  0  1  0  1  1  0  1  1  1  1  
116  115  114  115  0  117  118  119  0  1  0  113  112  111  112  113  0  115  116  117  0  117  116  115  114  113  112  113  114  115  0  113  114  115  116  117  118  119  0  1  0  115  116  117  118  0  124  123  124  125  126  127  0  117  0  115  114  113  0  113  114  113  112  0  112  113  114  115  0  119  118  119  120  121  122  123  0  0  128  0  130  131  132  133  134  0  1  1  1  1  0  0  0  1  1  1  1  1  1  1  
117  116  115  116  0  118  119  120  121  0  0  114  113  112  113  114  115  0  0  118  119  118  117  0  115  114  0  114  115  0  0  0  115  0  117  118  0  120  0  0  0  0  117  0  0  124  125  0  125  0  127  0  1  0  0  0  115  114  115  114  0  114  113  114  113  114  115  116  0  120  119  120  0  122  123  0  127  128  0  132  131  132  0  134  135  0  1  1  1  0  0  1  0  1  1  1  1  0  0  0  
0  117  0  117  0  0  120  0  122  123  0  115  114  113  114  0  116  117  118  0  120  119  0  1  0  0  0  115  116  117  118  117  116  0  118  119  120  0  124  125  126  0  118  119  0  123  0  125  126  0  0  1  0  119  118  117  116  115  116  115  116  0  114  0  114  115  0  0  122  121  120  121  0  123  124  125  126  0  130  131  132  133  134  135  136  137  1  1  1  0  1  1  1  1  1  1  1  1  0  1  
119  118  119  0  135  0  0  0  123  0  0  116  0  114  0  1  0  118  0  1  0  0  1  1  0  122  121  0  117  118  119  118  117  118  0  120  121  122  123  124  0  0  119  120  121  122  123  124  125  126  125  0  123  0  119  0  0  116  0  116  117  0  115  0  115  116  117  118  0  0  121  122  0  0  125  0  127  128  129  0  133  134  135  136  0  0  0  0  1  1  0  1  1  0  1  0  1  1  1  0  
0  119  0  135  134  135  136  0  124  125  126  0  0  0  132  0  0  119  120  0  132  0  1  0  0  121  120  119  118  119  120  119  0  119  120  121  122  123  124  0  124  0  120  121  122  0  124  0  126  125  124  123  122  121  120  119  118  117  118  117  118  117  116  117  0  117  0  119  120  0  122  0  1  137  0  135  0  0  130  0  0  135  136  137  0  1  1  0  1  1  0  1  1  1  1  0  0  0  1  1  
121  120  121  0  133  134  0  126  125  0  127  128  129  130  131  0  0  120  121  0  131  130  0  1  0  122  0  120  119  0  0  0  121  120  121  122  123  124  125  124  123  122  121  122  123  124  125  126  127  126  125  124  123  122  121  120  119  0  0  0  119  118  0  118  119  0  121  120  0  124  123  124  0  136  135  134  133  132  131  132  133  134  135  0  1  1  1  1  1  1  1  1  0  1  1  1  1  1  0  1  
0  121  0  133  132  0  0  127  126  0  128  0  0  131  0  0  0  0  0  131  130  129  128  0  0  123  124  0  120  121  0  1  0  121  0  123  124  125  126  0  124  123  122  123  124  125  126  127  128  127  126  0  124  0  0  121  120  121  122  121  120  119  0  119  120  121  0  0  126  125  0  125  0  135  134  135  134  133  132  0  0  0  0  0  1  1  1  0  1  1  1  1  1  1  1  1  0  1  1  1  
0  122  123  0  131  130  129  128  127  128  0  0  1  0  137  136  135  134  133  132  0  128  127  126  125  124  123  122  121  122  123  0  0  122  0  124  125  126  127  0  125  124  0  0  0  126  127  128  129  0  0  126  125  0  125  0  121  122  123  122  121  120  0  120  0  0  129  128  127  126  127  0  0  0  133  134  135  134  0  0  1  0  1  0  1  0  0  1  1  1  0  1  1  1  1  0  1  1  0  0  
1  0  124  125  0  131  0  0  0  0  138  0  0  1  138  0  136  0  134  0  0  129  128  127  0  125  0  0  122  123  124  125  126  0  130  0  126  0  0  127  126  0  130  129  128  127  128  129  130  129  128  127  126  125  124  123  122  123  124  123  122  0  0  0  132  133  0  129  0  127  128  129  130  131  132  133  134  135  136  0  1  1  1  1  1  1  1  1  1  0  0  0  1  0  1  1  1  1  1  1  
1  0  0  0  133  132  133  134  135  136  137  138  1  1  0  138  137  136  135  136  137  0  129  128  129  0  133  0  123  0  125  126  127  0  129  128  127  0  0  128  127  128  0  130  129  128  129  130  0  0  0  128  127  126  0  0  123  0  125  124  0  0  129  130  131  132  131  130  129  128  129  130  0  132  133  0  135  0  137  1  1  1  1  1  1  1  0  1  1  1  1  0  0  1  1  1  1  1  1  1  
1  0  136  135  134  133  134  135  136  137  138  0  1  1  0  1  0  137  0  0  138  0  130  129  130  131  132  133  0  0  0  127  0  0  0  129  128  0  130  129  0  129  130  131  0  129  130  131  132  131  130  129  128  0  132  133  0  0  0  125  126  127  128  129  130  131  0  131  130  129  130  131  0  133  134  0  0  0  1  1  1  1  1  0  1  1  1  1  0  1  1  0  1  1  0  1  1  1  1  1  
1  0  137  0  135  134  135  136  137  138  1  1  1  1  0  1  0  138  1  1  0  0  131  0  131  132  133  0  1  0  0  128  0  1  1  0  129  130  131  130  131  130  0  132  131  130  131  0  133  132  0  130  129  130  131  132  133  132  131  0  127  128  129  130  0  132  0  0  131  0  131  132  133  134  135  136  137  0  1  1  1  1  1  1  0  1  1  1  1  1  1  1  1  1  1  1  1  1  0  1  
1  1  0  137  136  0  136  0  0  1  1  1  1  1  1  1  1  1  1  1  1  1  0  0  0  133  0  0  1  0  130  129  130  0  1  1  0  131  132  131  132  131  132  0  132  131  132  133  134  133  0  0  130  0  132  133  132  131  130  129  128  129  0  131  0  0  0  133  132  133  132  133  134  135  0  0  1  1  0  1  0  0  0  1  1  0  1  0  1  0  0  1  1  1  1  1  1  1  1  0  
1  1  1  138  0  138  137  0  1  1  1  1  0  1  1  1  0  1  1  1  1  0  0  0  0  0  1  1  1  0  131  0  131  0  0  0  133  132  133  0  133  132  0  0  133  132  133  134  0  134  0  1  0  134  133  134  0  132  0  130  129  130  131  132  133  134  135  134  133  134  133  0  0  0  1  0  1  0  1  1  0  1  0  1  1  1  0  1  0  1  1  1  1  1  0  1  1  1  0  0  
0  0  1  1  1  1  138  0  0  1  1  1  1  1  1  0  1  1  0  1  0  1  1  1  1  1  1  1  0  133  132  133  0  137  136  135  134  133  134  135  0  133  0  135  134  133  134  0  0  0  0  137  136  135  134  135  0  133  132  131  130  131  132  133  134  0  136  135  134  135  134  135  136  137  1  1  1  1  0  1  1  1  1  1  1  1  1  1  1  1  1  1  1  1  1  1  0  1  1  1  
1  1  1  1  1  1  1  1  0  1  1  1  0  0  0  1  0  1  1  1  0  1  0  1  1  1  1  138  0  134  0  0  1  138  137  136  0  134  135  136  135  134  135  0  135  134  135  136  0  1  1  1  137  0  135  136  0  134  0  132  131  132  0  134  135  0  0  136  135  0  135  136  0  0  0  1  1  1  0  1  1  1  1  1  0  1  1  1  1  1  1  1  1  1  1  1  0  1  1  1  
1  1  1  1  1  1  1  1  1  1  1  1  1  0  1  1  1  1  1  0  1  1  1  1  1  1  138  137  136  135  136  0  0  0  138  137  136  135  0  137  136  135  136  137  136  135  136  137  1  0  1  1  1  137  136  137  1  0  1  0  132  0  0  135  136  137  0  137  136  0  136  137  1  1  1  1  1  0  1  1  1  1  1  1  0  0  1  1  1  1  1  1  1  1  1  0  0  1  1  1  
1  0  1  0  1  1  0  1  0  0  0  0  1  1  1  1  1  0  1  1  1  1  0  1  1  1  1  138  137  136  0  1  0  1  1  138  137  0  1  138  137  136  137  1  137  136  137  1  1  1  1  1  1  1  137  1  1  1  0  0  133  0  0  136  137  1  1  0  137  0  137  1  1  1  1  0  1  0  1  1  1  0  1  0  1  0  1  1  0  1  0  1  1  1  1  1  1  1  1  1  
1  1  1  1  1  1  0  1  1  0  1  1  1  1  1  1  1  1  1  1  1  1  1  1  1  0  1  1  138  0  1  0  0  0  1  0  138  0  1  1  138  137  1  1  1  0  1  0  1  0  0  1  1  1  0  1  1  1  0  1  0  1  1  137  1  1  1  1  1  0  1  1  1  0  0  1  1  1  1  1  1  1  1  1  1  1  1  1  1  0  1  0  1  1  1  0  0  0  1  0  
