2  2  0  2  2  2  0  0  0  2  2  2  0  0  0  0  2  2  0  2  2  0  0  2  0  2  2  2  0  0  2  2  2  0  2  0  2  2  0  0  0  2  0  2  2  0  0  2  0  0  0  0  2  2  2  2  0  0  2  2  0  0  0  2  0  0  0  2  2  0  0  2  0  0  2  2  2  2  2  2  0  2  2  0  2  0  0  0  0  2  0  2  0  2  0  2  2  2  2  2  
3  0  0  0  0  0  0  0  76  0  0  3  4  0  0  0  0  3  4  3  0  0  1  0  0  3  3  3  4  4  3  0  3  0  3  4  3  3  4  5  6  0  4  3  0  7  8  0  1  1  1  1  0  0  3  3  4  0  3  3  4  0  0  3  4  0  1  0  3  4  4  3  4  0  0  0  0  3  3  3  4  0  0  0  3  4  0  1  1  0  4  3  0  0  4  3  3  0  3  3  
4  0  81  0  79  78  77  76  75  0  0  4  5  6  7  0  5  4  5  0  0  0  0  0  0  4  0  0  5  5  0  0  4  5  0  0  4  4  5  0  0  6  5  4  5  6  0  1  1  1  1  0  6  5  4  0  5  5  4  4  5  0  5  4  5  6  0  5  4  5  5  0  5  6  7  0  5  4  0  4  5  0  6  5  4  0  0  1  1  1  0  0  22  21  0  0  4  5  0  4  
0  0  80  79  78  0  76  75  74  73  74  0  0  0  0  0  0  0  0  0  74  75  0  77  78  0  1  1  0  0  16  15  0  0  0  0  0  5  6  7  8  7  0  5  6  0  1  1  1  1  0  1  0  0  0  1  0  6  0  5  6  0  0  0  0  0  0  6  0  6  0  14  0  0  8  0  6  0  6  5  0  0  0  6  0  0  0  0  0  0  0  20  0  20  19  18  0  6  7  0  
0  0  79  78  77  76  0  74  0  72  0  70  71  0  0  68  69  0  71  72  73  74  75  76  0  0  0  0  0  0  15  14  13  12  11  10  0  6  0  8  9  8  7  6  0  1  0  1  0  0  0  0  1  1  1  1  1  0  7  6  7  0  1  0  12  0  8  7  8  0  0  13  14  0  9  0  7  0  7  6  7  8  8  7  8  9  10  0  16  17  18  19  0  21  0  17  18  0  8  9  
0  81  80  0  76  75  74  73  72  71  70  69  0  1  0  67  68  69  70  71  72  73  0  0  26  25  24  23  0  0  0  0  14  0  10  9  8  7  0  9  0  9  0  7  8  0  0  0  16  0  0  1  1  0  1  1  1  0  8  0  8  0  1  0  11  10  9  0  9  10  11  12  13  0  0  20  0  1  0  0  8  9  9  8  0  10  11  0  15  16  17  18  19  0  17  16  0  14  0  10  
83  82  0  78  77  76  0  0  73  0  0  68  67  0  67  66  67  68  0  72  73  74  75  0  25  24  23  22  21  0  15  14  13  12  11  0  9  8  9  10  0  0  9  8  9  10  11  0  15  0  1  1  1  1  1  1  1  1  0  0  9  10  0  1  0  0  10  11  10  11  12  13  14  15  0  19  20  0  0  1  0  0  10  9  10  11  12  13  14  0  18  19  20  0  0  15  14  13  12  11  
84  83  0  79  78  0  76  75  74  75  0  0  66  65  66  65  66  0  1  0  0  0  76  0  0  0  24  0  20  19  0  15  0  13  0  1  0  0  0  11  12  13  0  0  0  11  12  13  14  15  0  1  1  0  0  1  1  1  1  0  10  0  17  0  13  12  11  0  11  12  13  14  15  16  17  18  0  0  0  0  1  0  11  10  11  12  0  14  0  20  19  20  21  0  1  0  0  14  13  12  
0  82  81  80  79  0  77  76  75  0  0  0  0  64  65  64  65  66  0  0  0  78  77  78  79  0  25  26  0  18  17  16  0  0  0  0  78  79  80  0  13  0  0  0  13  12  13  14  0  16  0  1  0  1  0  0  0  0  0  0  0  17  16  15  14  13  12  13  12  13  14  15  0  0  0  19  20  0  0  0  0  0  12  0  12  0  0  0  22  21  20  21  22  23  0  0  16  15  0  0  
1  0  82  0  80  81  0  77  76  77  0  0  64  63  0  63  64  0  1  0  0  79  0  79  0  31  0  27  28  0  0  17  0  80  79  78  77  78  79  0  0  0  85  0  14  13  0  0  1  0  1  0  1  1  1  1  1  0  1  0  0  18  17  0  15  0  13  14  13  0  15  16  17  0  0  20  0  1  0  1  1  1  0  0  0  38  0  24  23  0  0  22  23  24  0  0  17  16  0  1  
0  84  83  0  81  0  0  78  0  0  0  0  0  62  61  62  63  0  1  1  1  0  0  0  31  30  29  28  0  20  19  18  0  79  78  77  76  0  80  81  82  83  84  85  0  14  0  0  1  1  1  0  1  0  0  0  1  0  0  1  0  19  18  19  0  15  14  0  14  0  16  17  0  0  0  0  0  0  1  1  1  0  40  39  38  37  36  0  0  0  24  23  0  25  26  27  0  0  0  1  
0  85  84  83  82  83  0  0  1  0  1  1  0  0  60  0  0  0  1  1  0  39  40  0  32  0  0  29  30  0  20  19  0  78  77  76  75  76  0  82  83  84  85  0  69  0  0  72  0  1  1  0  1  1  1  1  0  0  0  0  1  0  19  20  0  16  0  0  0  32  0  18  0  22  0  0  1  1  0  1  0  40  39  38  37  36  35  0  1  1  0  24  25  0  27  28  29  0  33  0  
87  86  0  84  0  0  0  1  0  62  0  0  59  58  59  0  1  1  0  0  39  38  0  34  33  32  31  30  0  1  0  0  78  0  78  0  74  0  1  0  0  0  0  0  68  69  70  71  0  0  0  0  0  1  1  1  1  1  1  1  0  1  0  21  22  0  36  0  32  31  0  19  20  21  0  1  1  1  0  0  0  39  38  37  36  35  34  35  0  0  26  25  0  29  28  0  30  31  32  0  
88  87  86  85  86  87  88  0  62  61  60  59  58  57  0  0  0  0  0  51  0  37  36  35  34  33  0  31  0  0  0  78  77  0  0  0  73  74  0  0  69  0  67  66  67  68  69  0  0  1  1  0  0  1  0  1  1  1  1  0  1  1  0  0  23  0  35  34  0  30  29  0  0  22  23  0  1  0  0  0  41  40  39  38  0  34  33  0  31  30  0  26  27  0  29  30  0  0  33  34  
0  88  87  0  87  0  0  0  0  0  0  60  0  56  55  54  0  0  51  50  0  38  0  0  35  34  0  32  33  0  78  77  76  75  0  73  72  0  0  69  68  67  66  65  0  69  0  61  0  0  1  1  1  1  0  1  1  1  0  0  1  0  26  25  24  25  0  33  0  0  28  27  0  23  24  25  0  0  44  43  42  41  40  39  0  0  32  31  30  29  28  27  28  29  30  0  0  0  34  0  
0  89  88  0  88  0  0  67  66  0  0  61  0  57  0  53  52  51  50  49  48  0  48  49  0  35  0  33  34  35  0  78  0  74  73  72  71  70  69  68  67  66  65  64  0  70  0  60  59  60  0  1  1  1  0  1  1  1  0  0  0  28  27  0  25  0  33  32  33  34  0  26  25  24  25  0  0  0  45  0  0  0  0  40  41  42  0  0  31  0  29  28  29  0  31  32  33  0  35  0  
101  0  89  0  89  90  0  0  65  64  63  62  63  0  1  0  53  0  0  48  47  46  47  0  0  36  35  34  35  0  0  79  80  0  0  73  72  0  0  67  66  0  64  63  62  0  60  59  58  59  0  0  0  0  1  0  1  1  1  1  0  29  28  0  26  27  0  31  32  0  28  27  0  0  0  49  48  47  46  47  48  0  42  41  0  43  44  45  0  31  30  29  30  31  0  33  0  37  36  37  
100  99  0  1  0  91  0  0  66  0  64  0  0  1  1  1  0  51  50  49  0  45  0  39  38  37  36  35  0  43  44  0  0  76  75  74  0  1  0  0  65  64  0  0  61  60  59  58  57  58  0  50  0  50  0  0  1  1  1  1  0  30  0  0  0  28  29  30  31  30  29  28  0  52  51  50  49  0  47  48  49  0  0  0  0  44  0  46  0  32  31  30  0  0  0  0  0  0  37  0  
0  98  97  0  93  92  0  0  67  0  65  0  0  0  0  1  0  52  51  0  45  44  0  0  0  38  0  36  0  42  0  0  78  77  76  75  76  0  80  81  0  63  62  61  0  61  0  57  56  0  50  49  48  49  0  45  0  0  1  0  1  0  0  31  30  29  30  31  32  0  30  29  0  0  0  0  50  51  0  0  0  51  50  0  46  45  0  47  48  0  0  0  0  1  1  1  0  0  0  1  
0  0  96  95  94  0  0  1  0  67  66  0  1  0  0  0  0  53  52  53  0  43  42  41  40  39  0  37  0  41  42  0  0  78  77  76  77  78  79  80  81  0  0  60  61  0  0  0  55  0  49  48  47  0  45  44  43  42  0  40  0  38  0  32  0  30  31  32  0  0  0  30  31  32  0  52  51  0  0  52  51  50  49  48  47  0  49  48  0  0  53  54  0  0  0  0  1  1  0  0  
1  1  0  96  95  96  0  0  69  68  0  1  0  1  1  0  1  0  53  0  1  0  43  0  41  40  0  38  39  40  41  42  43  0  78  0  78  79  80  81  0  61  60  59  0  57  58  0  54  0  0  47  46  45  44  43  42  41  40  39  38  37  0  0  32  31  0  33  34  0  0  31  32  33  0  0  52  53  54  53  52  0  50  49  48  49  50  49  50  51  52  0  56  0  0  1  1  1  1  1  
0  1  0  97  0  0  0  0  70  0  0  0  0  0  1  0  0  1  0  0  0  0  44  0  42  41  42  0  40  41  0  43  0  0  79  0  0  80  0  82  0  60  59  58  57  56  0  54  53  52  0  48  47  0  45  44  43  0  41  0  37  36  35  34  33  32  33  34  35  36  0  32  33  34  35  0  53  0  55  0  53  0  51  0  49  50  51  50  51  52  53  54  55  56  0  1  1  1  1  1  
1  1  0  98  0  1  1  1  0  1  0  0  0  1  0  1  0  1  0  48  47  46  45  46  0  42  43  44  0  42  43  44  45  46  0  0  82  81  82  0  0  61  0  57  56  55  54  53  52  51  50  49  48  0  46  45  44  45  0  0  0  0  0  35  0  0  0  35  36  37  38  0  0  35  36  37  0  57  56  0  54  53  52  0  50  51  52  0  0  0  0  55  0  0  1  1  1  1  1  0  
1  1  1  0  1  1  1  0  1  1  1  1  0  1  1  0  0  0  0  0  48  47  46  0  52  0  0  0  44  43  44  0  0  47  0  0  83  82  0  0  0  0  0  0  57  56  0  0  53  52  0  0  49  50  0  46  45  46  0  40  39  38  37  36  0  42  41  0  37  0  39  40  0  0  37  38  0  58  0  62  0  0  53  0  51  52  53  54  0  58  57  56  0  1  1  1  1  1  0  1  
1  1  1  1  1  1  0  0  0  1  1  1  1  1  0  1  0  52  51  50  49  48  47  0  51  0  47  46  45  0  45  46  0  48  0  85  84  83  84  85  86  87  0  59  58  0  56  55  54  53  0  1  0  51  52  0  0  47  48  0  40  39  38  0  42  41  40  39  38  39  40  0  0  0  0  39  0  59  60  61  0  57  0  0  52  53  54  0  58  59  58  0  1  1  0  1  0  0  0  1  
1  0  0  1  0  1  1  0  1  1  0  1  1  0  0  0  0  53  0  51  0  49  48  49  50  49  48  47  0  0  46  0  1  0  89  0  85  84  0  86  87  0  1  0  0  1  0  0  55  54  0  0  59  0  53  54  0  48  49  0  41  0  0  0  0  42  41  40  39  40  0  1  0  42  41  40  0  0  0  0  57  56  55  54  53  54  55  56  57  58  59  0  1  0  1  0  1  0  1  1  
0  0  0  1  0  1  0  1  1  0  0  0  1  0  59  58  0  54  53  52  53  0  49  0  51  50  49  48  49  50  0  0  0  89  88  87  86  85  0  0  88  0  0  1  1  0  0  1  0  0  60  59  58  0  0  0  0  49  50  51  0  55  0  45  44  43  42  0  40  41  0  0  0  0  0  41  42  0  0  0  58  0  56  0  0  55  56  57  0  59  0  1  1  1  1  1  0  0  1  0  
1  1  0  0  0  1  1  1  1  0  1  0  0  0  58  57  56  55  0  53  0  0  50  51  0  0  50  0  50  51  52  0  91  90  89  88  87  86  0  90  89  90  0  0  1  1  1  0  61  60  59  58  57  0  53  52  51  50  51  52  53  54  0  46  45  44  43  42  41  42  0  0  51  52  53  0  0  0  0  0  59  60  0  88  0  56  57  58  59  60  0  1  1  1  1  0  1  1  1  0  
0  1  1  0  0  1  1  1  1  1  1  0  63  62  0  0  57  0  0  54  0  0  51  52  53  0  0  0  0  52  53  54  0  0  0  0  88  87  88  0  0  0  0  1  1  1  1  1  0  59  58  57  56  55  54  53  0  51  52  0  0  53  0  47  46  45  0  43  42  43  44  0  50  0  0  0  88  87  0  1  0  61  0  87  0  57  58  59  60  0  1  1  0  1  1  1  1  0  0  0  
1  0  1  1  1  1  1  1  1  0  0  0  62  61  60  59  58  59  60  0  1  1  0  0  54  55  0  0  0  53  54  55  56  57  0  0  89  88  0  83  82  81  80  0  1  1  0  0  1  0  59  58  0  0  55  54  0  52  0  54  53  52  0  48  0  0  0  44  0  0  45  0  49  0  51  0  87  86  0  0  83  0  85  86  0  58  59  0  61  0  1  1  1  1  0  0  1  1  0  0  
1  0  1  1  0  1  1  0  0  1  1  0  63  62  0  60  59  0  61  62  0  0  0  146  0  56  57  0  55  54  0  0  57  0  1  0  0  89  0  0  0  0  79  78  0  0  81  82  0  0  0  0  0  0  56  0  60  0  62  0  52  51  50  49  48  47  46  45  46  47  46  47  48  49  50  0  86  85  84  83  82  83  84  85  86  0  0  1  0  1  1  0  1  0  1  0  0  1  1  1  
0  1  1  1  0  0  0  0  0  1  0  65  64  63  64  0  60  61  0  0  148  147  146  145  146  0  0  0  56  55  56  57  0  1  1  0  0  0  72  0  0  75  0  77  78  79  80  81  0  0  1  0  1  0  57  58  59  60  61  0  53  52  51  0  0  48  0  46  0  0  47  0  49  50  0  0  0  0  0  0  81  0  85  0  87  0  1  1  0  1  0  1  1  1  1  1  1  1  1  1  
0  0  0  0  0  1  1  1  0  0  67  66  0  64  0  0  61  62  0  0  0  148  0  144  145  0  59  58  57  56  0  58  0  1  0  0  69  0  71  72  73  74  75  76  0  80  0  0  1  0  0  0  1  1  0  0  60  61  62  0  54  0  52  53  0  49  0  0  62  0  48  0  0  0  1  0  0  77  78  79  80  81  0  0  88  0  0  0  0  1  0  0  0  0  1  0  0  1  1  1  
1  0  1  1  1  0  0  1  1  1  0  0  66  65  66  67  0  63  0  137  138  0  0  143  144  145  0  0  58  57  0  59  0  1  0  67  68  69  70  0  74  75  76  77  0  0  1  0  1  0  1  1  0  1  1  1  0  62  63  64  0  0  53  54  55  0  59  60  61  62  0  0  71  72  0  0  75  76  77  78  79  80  81  0  89  0  0  1  0  1  1  1  0  0  0  1  0  0  1  0  
1  1  0  0  1  1  1  1  0  1  0  1  0  0  0  0  0  0  135  136  137  0  0  142  143  144  145  0  0  58  59  60  61  0  65  66  67  68  69  0  73  74  75  76  77  78  0  1  1  1  1  1  0  1  0  1  0  0  0  65  0  55  54  0  56  57  58  59  60  61  0  0  70  0  72  73  74  0  78  79  80  81  82  83  0  1  0  1  0  1  1  1  1  0  1  0  0  0  0  1  
1  1  1  0  1  1  1  1  0  1  1  0  134  133  134  0  132  133  134  0  138  0  140  141  142  0  0  69  70  0  60  0  62  63  64  0  0  69  70  71  72  73  0  77  0  0  0  1  1  1  0  0  1  1  1  0  0  1  0  66  0  56  0  58  57  58  59  0  0  62  0  68  69  70  71  72  73  74  0  80  81  0  0  0  0  1  1  1  1  0  1  0  0  1  0  1  0  0  1  0  
0  1  1  1  0  1  1  0  0  1  0  134  133  132  0  130  131  132  133  134  0  138  139  0  143  0  0  68  0  62  61  0  0  0  0  78  77  0  71  0  0  74  75  76  77  0  81  0  1  0  0  0  1  1  1  1  1  1  1  0  0  0  60  59  0  59  60  0  64  63  0  67  0  0  0  0  0  75  76  0  82  0  1  0  1  1  1  0  1  1  1  1  0  1  1  1  0  0  0  0  
0  0  1  1  0  0  1  0  0  0  0  0  0  131  130  129  130  0  134  135  136  137  0  0  0  0  68  67  66  0  62  63  64  0  78  77  76  0  72  73  74  75  76  0  78  79  80  81  0  0  1  0  0  0  1  0  0  1  1  1  1  0  0  60  0  60  61  62  0  64  65  66  0  1  1  0  77  76  0  1  0  0  1  1  0  1  1  1  0  1  1  1  1  0  1  1  1  0  1  1  
1  1  1  0  1  1  0  1  0  0  0  132  131  130  129  128  0  1  0  136  137  138  0  142  143  0  0  66  65  64  63  64  0  76  77  76  75  74  73  0  0  0  77  0  79  0  0  82  83  84  0  1  0  1  0  1  1  1  0  0  1  0  0  61  0  0  0  0  0  0  66  0  0  1  0  1  0  77  0  1  1  1  0  0  1  1  1  0  1  0  1  1  1  0  0  0  0  1  0  1  
1  0  1  1  0  1  1  1  1  0  132  131  130  129  128  127  0  0  138  137  0  139  140  141  142  143  0  67  0  65  64  0  0  75  76  77  76  75  0  1  0  0  78  79  80  0  0  83  84  85  86  0  1  0  0  0  1  1  1  1  0  1  0  0  1  1  0  0  0  68  67  0  0  0  1  1  1  0  1  0  1  1  0  1  1  1  0  0  1  0  0  1  0  1  0  1  1  0  0  0  
0  1  0  1  0  0  0  1  1  1  0  132  131  0  127  126  125  0  139  0  141  140  0  142  0  144  145  0  0  66  0  0  75  74  0  76  77  0  87  0  0  0  79  80  81  0  0  84  85  0  87  0  1  1  1  0  1  0  0  1  0  1  0  0  1  1  0  0  0  69  0  73  0  75  0  1  1  1  1  1  1  0  0  1  0  1  1  1  1  0  1  1  0  1  1  1  0  0  0  0  
0  0  0  0  1  0  1  1  0  0  1  0  0  125  0  0  124  125  0  0  142  141  142  0  0  0  0  1  0  67  68  0  0  73  74  75  0  85  86  0  0  1  0  81  82  83  84  0  0  1  0  1  0  1  1  0  0  1  0  0  1  1  0  0  0  1  0  1  0  70  71  72  73  74  0  1  1  1  1  1  0  1  0  1  1  0  1  0  1  1  1  1  1  1  1  0  1  0  0  0  
0  0  0  1  1  0  1  0  0  1  1  0  125  124  123  0  123  0  1  0  0  0  143  144  0  1  0  0  69  68  69  70  71  72  73  0  85  84  0  1  0  0  83  82  0  84  85  0  0  0  1  1  1  1  1  1  1  1  1  1  0  1  1  0  0  1  1  0  0  71  0  0  74  0  0  0  1  0  0  0  1  1  1  0  0  0  0  0  0  1  0  0  0  0  0  0  1  0  1  1  
0  1  1  0  1  0  0  0  136  0  1  0  126  0  122  121  122  0  1  0  0  1  0  0  1  0  0  71  70  69  0  0  72  73  74  75  0  83  82  0  84  85  84  83  84  85  0  0  0  1  1  1  1  0  0  0  0  0  1  1  0  1  1  1  1  1  1  0  0  0  1  1  0  1  0  1  0  1  0  0  0  0  1  0  0  0  0  1  0  1  1  1  0  1  0  0  1  1  1  1  
0  0  1  1  0  0  0  136  135  0  0  128  127  128  0  120  0  0  0  1  1  0  1  1  1  1  1  0  71  0  75  0  73  0  75  0  79  0  81  0  83  0  0  0  0  0  0  0  1  1  0  1  1  1  0  0  1  1  1  1  1  1  0  1  1  1  0  1  1  1  1  0  1  1  1  1  1  0  1  0  1  0  1  0  0  1  1  0  0  0  1  1  0  0  1  1  0  1  0  0  
0  1  1  0  0  137  0  135  134  133  0  0  128  129  0  119  118  117  0  1  1  1  1  0  0  1  1  0  72  73  74  75  74  75  76  77  78  79  80  81  82  83  84  85  86  0  0  0  0  1  1  1  0  1  1  0  0  1  0  1  0  0  1  1  0  1  0  0  1  0  0  0  0  1  1  0  1  1  1  0  1  1  0  1  0  1  1  1  1  1  0  0  0  1  1  0  1  0  1  1  
0  1  1  0  0  136  135  134  133  132  131  130  129  130  0  0  117  116  0  0  1  1  0  0  1  0  0  94  0  0  0  76  0  76  77  0  79  80  81  82  83  84  0  0  87  0  1  0  0  1  0  1  0  1  1  0  0  0  0  1  1  1  0  1  0  1  1  0  0  1  1  1  0  1  1  1  1  1  0  0  0  0  0  0  1  0  1  0  1  0  0  0  1  1  0  1  1  0  1  0  
0  0  1  0  138  137  136  0  0  0  132  131  0  131  132  133  0  115  0  113  0  0  0  1  1  1  0  93  94  95  0  0  0  77  78  0  80  81  82  83  0  85  86  87  0  0  0  0  0  1  0  0  0  1  1  0  0  1  1  1  1  1  0  1  0  1  1  0  1  1  0  0  1  0  1  1  0  0  1  1  0  0  0  0  0  0  0  0  0  1  0  1  1  0  1  0  1  1  0  1  
0  1  0  146  0  0  0  0  0  134  133  132  133  0  0  0  115  114  113  112  111  0  0  0  0  1  0  92  0  0  0  88  0  0  0  0  81  82  83  84  85  86  87  88  89  90  91  92  0  0  0  0  1  0  1  0  0  1  1  1  0  1  0  0  0  1  1  0  1  0  1  1  1  1  1  1  1  0  1  1  1  1  1  1  1  1  1  1  0  1  1  1  1  0  1  0  0  1  1  1  
0  1  0  145  144  145  146  147  0  0  134  0  134  135  136  137  0  0  114  0  110  109  108  0  106  0  0  91  90  89  88  87  86  85  84  83  82  0  0  85  0  0  88  0  0  0  92  0  1  1  0  0  1  1  1  1  0  1  0  1  1  1  1  0  1  1  1  1  0  0  1  1  0  1  0  0  0  0  0  1  0  1  1  1  1  0  1  1  1  0  1  1  0  0  1  1  0  1  1  1  
0  0  147  0  143  0  0  0  139  0  135  136  135  136  0  0  1  0  0  112  111  0  107  106  105  106  107  0  91  0  89  88  0  0  85  84  0  88  87  86  0  90  89  0  0  0  0  0  1  1  1  1  1  0  0  1  1  0  1  1  1  1  1  0  1  1  1  0  1  1  0  1  1  0  0  1  1  1  0  0  0  0  0  1  1  0  0  0  0  1  1  0  0  1  1  1  0  1  1  1  
148  147  146  0  142  141  140  139  138  137  136  137  136  0  1  1  0  1  0  0  112  113  0  0  104  0  0  0  92  91  90  89  88  87  86  85  86  87  88  0  0  0  90  0  1  0  1  1  0  1  0  1  1  0  0  0  1  1  0  0  1  0  1  1  1  0  1  0  1  0  0  0  1  1  1  1  1  1  1  1  1  1  1  1  1  1  0  1  1  1  0  0  0  0  0  1  0  1  1  1  
0  146  145  144  143  0  141  0  0  0  0  138  137  0  1  0  1  0  0  114  113  0  0  0  103  102  0  1  0  0  91  0  89  88  0  0  0  88  89  90  0  0  0  1  1  0  1  1  1  0  0  0  1  1  1  1  0  1  0  1  0  1  1  0  1  0  1  1  1  1  1  1  1  1  0  0  1  1  0  1  0  1  1  0  1  1  0  1  1  1  1  0  0  1  0  0  0  1  1  0  
0  147  146  145  0  0  142  0  1  0  140  139  138  139  0  143  0  0  114  115  0  0  0  0  0  101  100  0  1  1  0  0  0  89  90  0  90  89  90  0  0  1  0  0  1  0  1  1  0  1  1  1  1  1  1  1  1  0  0  1  0  0  1  1  0  1  0  1  1  0  0  0  0  0  1  0  1  1  0  0  0  1  1  1  0  1  0  1  1  1  1  1  1  0  0  1  1  0  0  1  
0  0  147  0  1  1  0  1  1  0  141  140  0  140  141  142  143  0  113  0  111  112  0  102  101  100  99  98  0  0  93  92  91  90  91  0  91  90  0  0  0  1  0  1  0  1  0  1  0  1  1  1  1  1  0  1  1  0  0  1  1  0  0  0  0  1  0  1  0  1  1  0  0  1  0  0  1  0  0  0  0  0  0  0  0  0  1  0  1  1  0  0  1  0  0  1  1  1  1  0  
1  0  0  0  0  0  1  1  0  0  142  141  0  0  142  143  0  113  112  0  110  0  0  103  102  0  0  97  96  95  94  93  0  91  92  0  0  91  0  95  0  1  0  1  0  1  0  1  1  1  1  0  0  0  1  1  0  0  0  1  1  1  0  1  0  1  1  0  1  1  1  0  1  0  1  1  0  1  0  1  1  0  0  0  1  1  1  1  1  1  1  1  0  0  1  1  1  1  1  1  
1  1  0  0  1  1  1  0  0  144  143  0  145  144  143  144  145  0  111  110  109  0  0  104  103  0  99  98  97  96  95  0  0  92  0  1  0  92  93  94  0  1  1  1  0  0  1  0  0  1  1  0  1  0  1  0  1  0  1  1  0  0  1  0  0  1  0  0  1  0  1  1  0  0  0  0  1  1  0  1  0  1  0  1  1  0  1  0  0  1  0  1  0  0  1  0  1  0  0  1  
0  1  1  1  0  1  1  1  1  0  144  0  146  145  0  145  0  0  0  109  108  107  106  105  0  101  100  0  0  97  96  0  0  0  1  0  94  93  0  0  1  1  1  0  0  0  1  1  1  1  1  1  0  1  1  0  1  1  1  1  1  1  0  0  0  1  0  1  1  1  1  1  0  1  1  1  1  0  1  0  1  1  1  1  1  0  1  1  1  1  1  1  1  0  1  1  0  0  0  0  
0  0  1  0  1  1  1  1  1  0  0  148  147  0  1  0  1  1  1  0  0  108  107  0  103  102  101  102  0  0  0  0  1  0  1  0  0  0  0  0  1  1  1  1  1  1  0  0  1  0  1  1  1  1  1  1  1  0  1  0  0  0  1  1  0  0  1  1  0  0  0  0  0  1  1  0  1  0  0  1  0  1  1  1  1  1  0  1  1  1  1  0  1  1  0  1  0  1  0  0  
1  1  0  1  1  1  0  1  1  0  0  149  148  149  0  0  0  0  1  1  0  109  108  0  0  0  102  0  106  107  108  0  0  0  1  1  1  1  1  1  1  1  0  1  0  1  0  0  1  1  0  0  1  1  1  1  0  1  1  1  0  1  1  0  1  0  1  1  1  1  1  0  0  1  0  1  1  1  0  0  1  1  0  1  0  1  1  1  1  0  1  1  1  1  1  1  0  1  1  1  
1  0  1  1  1  0  1  1  0  154  0  150  149  0  153  0  173  172  0  0  0  0  109  0  107  0  103  104  105  106  0  0  1  1  0  0  0  1  1  0  1  1  0  0  1  1  1  1  1  1  1  1  0  0  1  0  0  1  1  0  1  0  0  1  1  0  1  1  0  0  1  1  1  0  0  1  0  0  1  0  1  1  1  0  0  0  1  0  1  0  0  1  0  0  0  1  0  0  1  1  
1  0  0  1  1  1  1  0  0  153  152  151  150  151  152  0  172  171  170  0  0  111  110  0  106  105  104  0  0  107  0  1  1  1  1  0  0  1  0  0  1  1  0  0  0  0  1  1  1  0  1  1  1  0  1  0  1  0  0  1  0  0  0  0  1  1  1  0  1  1  1  1  1  1  1  1  1  1  0  1  1  0  0  1  1  0  1  1  1  0  0  1  0  1  1  1  1  0  0  1  
1  1  0  1  0  1  0  1  1  0  153  152  0  152  0  1  0  170  169  168  0  0  0  0  0  106  0  110  109  108  0  0  0  1  1  0  0  1  0  1  0  1  1  1  1  1  1  0  1  1  1  1  0  1  0  0  0  1  0  1  1  1  0  1  1  1  1  1  1  1  1  1  1  0  0  1  1  0  1  0  0  0  1  1  0  1  1  1  1  1  0  1  0  1  0  1  1  1  0  1  
1  0  0  1  1  0  1  0  0  0  0  0  0  153  0  1  0  0  168  167  166  167  168  0  0  0  112  111  110  109  110  111  112  0  0  1  1  1  0  0  0  1  1  1  0  1  0  0  1  0  1  1  0  0  1  1  1  1  0  0  0  1  1  1  0  0  1  0  0  1  1  1  0  0  0  0  1  1  0  0  1  1  1  1  0  0  1  1  0  0  1  1  0  1  1  1  1  1  1  1  
0  0  0  1  0  1  1  1  0  0  0  0  155  154  155  0  0  0  0  0  165  166  167  168  169  0  0  112  111  110  111  0  0  1  0  1  1  0  1  1  0  1  1  1  1  1  1  1  1  0  0  1  1  0  1  1  1  1  1  0  1  1  1  1  1  0  1  0  1  1  0  0  0  1  0  0  1  0  1  0  0  1  1  0  0  1  1  1  1  0  1  1  0  1  1  0  0  1  0  1  
0  0  1  0  1  1  1  1  1  0  158  157  156  155  156  157  158  159  160  0  164  165  166  0  170  0  114  113  112  111  112  0  1  1  0  0  1  1  1  0  0  0  0  1  0  1  1  1  0  1  0  0  0  1  0  0  0  0  1  1  0  0  0  1  0  1  1  1  1  1  0  1  0  1  1  1  1  0  1  0  1  0  1  1  1  1  1  0  1  1  0  1  1  1  0  1  1  1  1  0  
1  0  1  0  1  0  1  1  0  160  159  0  157  0  0  0  159  160  161  162  163  164  0  0  171  0  0  0  113  0  0  0  0  0  0  0  0  1  1  1  0  1  0  1  1  1  1  1  0  0  0  0  0  1  1  0  0  0  1  1  1  1  0  1  0  0  1  1  1  0  1  0  0  0  1  1  0  1  1  0  0  0  0  1  0  0  1  0  0  0  0  0  0  1  1  1  0  1  0  0  
0  0  0  1  0  1  0  0  166  0  160  159  158  159  160  161  0  161  0  163  0  165  0  171  172  173  174  0  0  0  1  0  1  1  1  1  0  0  0  1  1  1  1  0  1  1  1  1  0  1  1  0  0  0  1  1  1  0  1  1  0  0  1  0  1  0  0  1  0  1  0  0  1  1  1  0  1  1  0  0  1  1  0  1  1  1  1  1  0  0  0  1  0  0  0  1  1  1  0  0  
1  1  0  1  0  1  0  0  165  0  161  160  159  160  161  162  163  0  0  164  165  0  169  170  171  0  175  176  177  0  0  1  0  0  1  0  0  0  1  1  1  0  0  1  1  0  0  1  1  1  1  0  1  0  1  1  1  0  1  0  1  0  0  1  1  1  1  1  1  1  0  1  1  1  1  1  1  0  0  0  1  1  1  0  1  1  1  0  0  1  1  1  1  0  1  1  0  1  0  0  
0  0  0  1  1  1  1  0  164  163  162  161  160  161  162  163  164  165  166  0  166  167  168  169  0  177  176  0  0  0  1  0  1  1  1  1  0  1  0  0  1  0  1  1  1  1  1  0  1  0  0  1  1  1  0  1  1  1  0  0  1  1  0  1  1  1  0  0  1  1  0  1  0  0  0  1  1  1  0  0  1  1  0  0  1  0  1  0  1  0  0  0  0  0  0  0  1  1  1  1  
0  1  1  1  0  1  0  0  0  164  163  162  161  0  163  164  165  166  0  1  0  0  169  0  0  0  177  178  0  0  1  0  1  1  1  0  1  1  1  1  0  0  0  1  0  1  1  1  1  1  0  0  0  1  1  0  1  0  1  0  0  1  1  0  0  0  1  1  0  0  1  0  0  0  1  0  1  0  0  0  0  1  1  1  1  1  0  1  0  0  1  1  1  0  0  1  1  1  1  0  
0  0  0  0  0  0  1  1  0  165  164  0  0  0  0  165  166  0  0  0  0  0  170  171  0  0  0  0  0  0  1  1  0  1  1  1  0  1  1  1  0  0  0  0  0  0  1  0  0  1  0  1  0  1  0  1  0  0  0  0  1  0  1  1  1  1  1  1  0  1  1  0  1  1  0  0  0  0  0  1  0  0  0  0  1  1  1  0  1  0  0  0  1  1  1  0  1  0  1  0  
0  0  0  1  1  1  0  0  167  166  165  0  0  178  179  0  167  0  187  188  0  172  171  172  173  174  175  0  1  0  0  0  0  0  1  1  0  0  1  1  0  0  0  0  1  1  1  0  1  1  0  0  0  0  1  1  1  0  0  0  1  1  0  0  1  0  1  0  1  1  1  0  1  1  1  0  1  1  0  1  1  1  1  1  1  1  0  1  0  1  0  0  0  1  1  0  0  1  1  1  
1  0  0  0  1  1  0  169  168  167  0  177  176  177  178  0  0  187  186  187  0  0  0  0  174  0  176  177  0  1  0  0  0  0  1  0  1  1  1  1  1  0  0  0  0  0  1  1  0  1  1  1  1  1  1  1  0  0  1  0  0  0  0  1  0  0  0  0  0  1  1  0  0  0  1  0  0  1  1  0  0  1  1  0  1  0  1  1  0  0  0  1  0  0  0  0  1  0  1  1  
1  0  0  1  1  0  0  170  169  0  0  0  175  176  0  188  0  186  185  0  183  0  177  176  175  176  177  178  0  0  0  1  1  0  0  1  1  1  1  1  1  0  1  1  1  0  1  0  0  0  1  1  0  1  0  0  0  1  1  0  1  1  1  0  1  1  0  0  0  0  0  1  0  0  1  1  0  1  1  0  1  1  1  1  0  0  1  0  0  1  0  1  1  0  1  1  1  1  0  1  
0  0  1  0  0  173  172  171  170  171  172  173  174  0  0  187  186  185  184  183  182  181  0  177  176  177  178  0  0  0  1  1  1  0  1  1  1  1  1  0  0  1  1  1  0  1  1  0  1  0  1  0  0  1  0  1  0  1  0  1  1  1  0  1  1  1  0  1  1  0  0  1  0  1  0  1  1  0  0  1  1  1  1  1  1  1  0  1  0  1  0  0  1  1  1  1  1  1  0  1  
1  1  0  0  177  0  173  172  171  0  173  0  175  176  177  0  0  186  185  184  0  180  179  178  177  178  179  0  0  0  1  1  1  0  0  0  0  0  0  0  0  1  0  0  1  0  0  1  1  1  1  1  1  0  1  1  1  1  0  1  1  0  1  1  1  0  1  0  0  1  0  0  0  1  0  0  0  1  0  1  0  0  1  0  0  0  1  1  0  0  0  0  0  0  1  0  1  1  0  0  
0  0  180  0  176  175  174  0  172  173  174  175  176  0  0  1  0  0  186  0  182  181  180  0  178  179  0  1  1  0  1  1  1  1  1  1  0  0  0  0  1  0  1  1  1  1  0  0  0  0  0  1  1  1  1  0  0  1  0  1  1  0  1  1  1  0  1  1  0  1  1  0  1  0  0  1  1  0  1  0  0  1  1  1  0  0  1  1  1  1  1  1  1  0  1  1  0  0  1  1  
183  0  179  178  177  176  175  174  173  174  175  176  177  0  183  0  185  186  0  0  183  0  0  180  179  0  1  0  1  1  0  0  0  1  1  1  0  1  1  1  1  1  0  1  0  0  0  0  0  1  1  0  1  0  1  1  1  1  1  0  0  0  0  0  1  1  0  1  1  1  1  1  1  0  1  1  0  0  1  1  1  1  0  0  1  0  1  1  0  0  0  0  1  0  0  1  0  1  0  1  
182  181  180  0  0  177  176  175  0  175  176  0  0  0  182  183  184  185  186  0  184  185  186  0  180  0  1  1  0  1  0  1  0  0  0  1  0  1  0  0  1  1  1  1  1  0  0  1  0  0  1  0  1  1  1  1  1  1  1  1  1  1  1  0  1  0  0  0  1  0  0  0  1  0  0  0  0  0  1  1  1  1  1  1  0  1  0  1  0  1  0  0  0  1  0  0  1  0  0  0  
183  182  0  0  179  178  0  176  177  0  177  178  179  180  181  0  185  0  0  0  0  186  0  182  181  182  0  0  0  1  1  0  1  0  1  1  1  0  0  1  0  1  1  0  1  0  1  1  0  1  1  1  0  0  1  1  1  1  1  1  1  1  0  1  1  0  1  1  1  0  1  1  1  1  1  0  0  0  0  1  1  0  0  1  0  0  0  1  1  0  1  0  0  1  1  1  0  1  1  0  
184  183  0  199  0  0  0  177  178  0  178  179  0  181  0  185  186  187  188  0  0  187  0  183  182  183  0  0  0  1  1  1  1  0  0  1  0  0  0  1  1  0  1  1  0  1  0  1  1  0  1  1  0  1  1  1  0  0  1  1  0  1  1  1  1  1  1  1  0  1  1  1  0  1  0  0  0  1  1  0  1  0  1  1  1  0  1  1  1  0  1  1  1  0  0  1  0  1  1  0  
0  184  0  198  197  0  195  0  0  0  179  0  0  182  183  184  0  188  0  192  193  0  185  184  0  0  1  1  1  1  0  0  0  1  0  0  1  1  1  0  1  1  0  1  0  0  0  0  1  1  1  1  0  1  0  1  0  1  1  1  1  1  0  0  1  0  1  1  1  0  1  1  1  0  0  1  1  1  0  1  1  0  1  0  1  1  1  0  1  1  1  0  1  0  0  1  1  1  1  0  
0  185  186  0  196  195  194  195  0  0  180  181  182  0  0  185  186  187  0  191  0  0  186  185  0  0  0  0  1  1  1  1  0  1  1  0  0  0  0  1  1  1  0  1  0  1  1  0  1  0  1  1  1  0  1  0  0  0  0  0  0  1  1  0  0  1  0  0  0  1  1  0  1  0  0  1  1  1  1  0  1  0  0  1  0  0  1  1  1  1  1  1  1  0  1  0  0  0  1  0  
0  186  187  188  0  0  193  194  0  1  0  0  0  188  187  186  0  188  0  190  189  188  187  0  1  1  1  0  1  0  0  0  1  1  0  0  0  1  1  1  1  1  1  0  1  0  0  1  0  1  0  1  0  1  0  0  0  1  1  0  0  1  0  0  1  0  1  0  0  1  1  1  0  0  1  1  0  1  1  1  0  1  0  1  0  0  1  0  0  1  1  0  0  0  0  1  1  0  0  1  
0  0  188  189  190  191  192  0  0  1  1  1  0  0  0  187  0  0  192  191  0  189  0  0  1  1  0  1  1  0  0  0  1  1  1  1  1  0  0  1  0  1  0  0  0  1  0  1  1  0  0  1  1  1  0  1  1  0  1  1  1  0  1  1  0  1  0  1  1  0  1  0  0  1  0  1  0  0  0  1  1  0  0  0  1  0  0  0  0  1  1  1  0  0  1  1  0  1  1  1  
1  0  0  0  191  0  0  0  0  206  1  0  191  190  189  188  0  0  193  192  191  190  191  0  1  0  0  1  1  1  1  0  1  1  1  1  0  0  1  1  1  0  1  1  1  0  1  1  1  1  0  0  1  0  0  1  1  0  1  1  1  1  0  0  0  0  1  1  1  1  0  0  1  1  1  0  0  1  1  1  1  1  0  1  1  1  0  0  1  1  1  1  1  0  1  0  1  0  1  1  
0  1  1  0  0  0  0  0  0  205  206  0  192  191  190  189  190  0  0  193  0  0  0  0  1  1  1  0  1  0  1  1  0  0  1  1  0  1  1  1  1  1  0  1  1  1  0  0  0  1  1  1  0  1  0  0  0  0  0  1  1  1  1  1  0  1  0  1  1  1  1  0  0  1  1  1  1  0  0  0  1  0  1  0  1  1  1  1  1  0  1  0  1  0  0  1  1  0  1  1  
1  0  1  0  0  0  205  0  203  204  0  1  0  192  0  0  191  192  0  0  0  0  1  0  1  0  1  0  1  1  1  0  0  1  0  1  1  1  1  1  1  1  1  1  1  1  0  1  1  1  1  1  0  1  1  1  1  1  1  0  1  1  1  1  1  0  1  0  1  0  1  0  1  1  1  0  1  1  0  0  0  0  0  1  1  0  0  1  1  1  1  1  1  1  0  1  1  1  0  0  
1  1  1  0  206  205  204  0  202  203  204  0  194  193  0  193  192  193  194  195  196  0  1  0  1  0  0  0  0  1  1  0  0  0  0  0  0  1  1  1  1  0  1  0  0  1  0  0  0  0  1  1  1  1  1  1  1  1  1  0  1  0  0  0  1  1  0  1  0  0  1  0  1  0  1  0  1  1  1  0  0  0  0  0  1  0  1  0  1  1  0  0  0  0  0  0  1  1  0  1  
1  1  0  206  205  204  203  0  201  0  0  196  195  194  195  194  193  0  195  0  0  204  205  1  1  1  1  1  1  0  1  1  1  0  0  0  1  1  1  1  1  0  1  0  1  0  1  0  1  0  1  0  0  0  0  0  0  0  1  0  0  1  1  1  0  0  1  0  1  1  1  0  0  1  1  1  1  1  1  1  1  1  0  1  1  0  1  0  1  1  1  0  1  0  0  1  0  1  1  0  
1  0  206  205  204  203  202  201  200  199  198  197  196  0  196  195  194  0  0  203  202  203  0  1  1  1  0  0  1  0  0  1  1  0  1  1  1  1  1  0  1  0  1  0  1  1  0  1  0  1  1  1  1  0  1  0  1  1  0  1  1  1  0  1  1  1  1  1  0  1  1  1  0  0  1  0  1  0  1  1  1  1  1  1  1  1  0  1  0  0  0  0  0  0  0  1  1  1  0  0  
1  1  0  206  205  204  203  202  201  200  199  198  197  198  0  196  195  196  197  0  201  202  0  0  205  0  1  0  0  0  0  0  1  1  1  1  0  1  1  1  0  1  1  0  0  0  1  0  0  1  1  0  1  1  0  0  0  1  0  1  1  0  0  1  1  0  1  1  0  0  0  0  1  1  1  0  1  0  1  1  0  1  1  1  0  0  0  0  1  1  1  0  1  1  1  0  1  0  0  1  
0  1  0  0  0  205  204  203  0  201  200  0  0  199  0  197  0  0  198  199  200  201  202  203  204  205  0  1  1  1  1  1  0  0  1  1  0  1  0  0  1  1  0  1  0  0  1  1  0  0  0  1  0  0  1  1  1  0  1  1  0  0  1  0  1  0  0  1  1  0  0  1  1  1  0  1  0  1  1  0  0  1  1  1  0  0  0  1  0  0  0  0  1  1  1  0  0  1  1  1  
1  0  1  1  0  206  0  204  0  0  201  202  0  200  199  198  0  204  0  200  201  202  0  204  205  1  1  1  0  1  1  1  0  1  1  1  1  0  1  0  0  1  0  1  0  1  0  1  0  0  1  0  1  1  1  1  1  1  0  1  1  1  0  0  1  0  1  0  0  0  1  0  0  1  0  1  1  1  0  0  1  1  0  1  1  1  1  0  0  0  1  0  1  1  0  1  0  1  1  1  
0  0  1  1  0  1  1  0  0  1  0  0  204  0  200  199  0  203  0  201  202  0  0  205  0  0  0  0  0  0  1  0  1  1  0  1  1  1  1  1  0  1  0  1  1  1  0  1  1  0  0  1  1  1  1  0  1  0  1  1  0  0  1  1  1  1  1  1  0  1  0  1  1  1  1  0  0  1  0  1  1  1  0  1  1  1  0  0  0  1  0  1  1  0  0  0  0  0  0  1  
0  0  1  1  1  0  0  0  1  0  0  0  203  202  201  200  201  202  0  202  203  204  0  1  0  1  1  1  1  0  0  1  1  1  1  0  1  1  0  0  0  0  1  1  0  1  1  0  0  0  1  0  0  0  1  1  1  1  1  0  1  1  1  0  0  1  0  1  0  1  0  1  0  1  1  0  0  1  1  1  1  1  1  1  0  1  0  1  0  0  1  0  1  0  0  1  1  0  1  1  
0  1  1  1  0  0  1  0  1  0  1  1  0  203  202  201  0  203  204  203  0  205  0  1  1  0  1  1  0  1  0  0  1  1  0  1  0  1  1  1  0  1  0  1  1  1  0  1  1  1  0  0  1  1  1  1  0  0  1  0  0  1  0  0  1  0  0  0  1  0  1  0  0  1  1  0  1  1  0  1  1  1  0  0  1  1  1  1  1  0  0  1  1  0  1  1  1  0  1  1  
0  0  1  1  1  1  1  0  0  1  1  0  0  0  0  0  0  204  205  204  205  1  1  1  0  0  0  1  0  0  0  1  1  0  0  1  0  0  1  1  1  1  0  0  0  0  0  1  1  1  1  1  0  1  0  0  1  0  1  1  1  1  1  1  1  0  0  1  1  0  0  1  1  1  1  0  1  0  0  1  0  1  1  0  1  0  0  1  0  1  0  0  0  1  1  0  0  0  0  1  
1  1  0  1  0  1  1  1  1  1  1  1  0  0  0  1  206  205  0  0  0  1  0  1  0  0  1  1  1  0  1  0  1  1  1  0  1  0  1  0  1  0  1  0  0  0  0  1  1  1  0  1  1  0  0  0  1  0  1  0  1  1  0  1  0  1  1  1  0  1  0  1  1  1  0  0  1  1  1  1  1  0  1  1  0  0  0  1  1  1  0  1  0  1  1  1  1  1  1  1  
