0  0
1  2.5691
2  0.7249
3  0.4581
4  0.3206
5  0.2306
6  0.1773
7  0.1454
8  0.1183
9  0.0985
10  0.0852
11  0.0758
12  0.0679
13  0.0598
14  0.0523
15  0.0455
16  0.0446
17  0.0389
18  0.036
19  0.035
20  0.0315
21  0.0281
22  0.0306
23  0.0273
24  0.0237
25  0.0273
26  0.0281
27  0.0255
28  0.0254
29  0.0229
30  0.0235
31  0.0203
32  0.0225
33  0.0193
34  0.0225
35  0.0213
36  0.0196
37  0.0188
38  0.0189
39  0.0213
40  0.0199
41  0.0231
42  0.0234
43  0.0207
44  0.0201
45  0.0229
46  0.0197
47  0.023
48  0.0223
49  0.019
50  0.0205
51  0.0206
52  0.0209
53  0.0211
54  0.0209
55  0.0193
56  0.019
57  0.0169
58  0.0178
59  0.0159
60  0.0169
61  0.0158
62  0.0108
63  0.0124
64  0.0107
65  0.0104
66  0.0086
67  0.0077
68  0.0057
69  0.0036
70  0.0031
71  0.0023
72  0.0012
73  0.0006
74  0.001
75  0.0007
76  0.0002
77  0.0001
78  0.0002
79  0.0001
80  0
81  0.0001
82  0
83  0
84  0
85  0
86  0
87  0
88  0
89  0
90  0
91  0
92  0
93  0
94  0
95  0
96  0
97  0
98  0
99  0
