0  0
1  0.4127
2  0.0874
3  0.0479
4  0.0254
5  0.015
6  0.0115
7  0.0095
8  0.006
9  0.0042
10  0.0031
11  0.0028
12  0.0023
13  0.0017
14  0.0009
15  0.0009
16  0.001
17  0.0012
18  0.001
19  0.0005
20  0.0003
21  0.0005
22  0.0004
23  0.0007
24  0.0005
25  0.0006
26  0.0005
27  0.0003
28  0.0002
29  0
30  0.0002
31  0.0002
32  0.0005
33  0.0002
34  0.0002
35  0.0003
36  0.0002
37  0.0002
38  0.0002
39  0.0002
40  0.0003
41  0.0001
42  0.0007
43  0.0002
44  0.0003
45  0.0003
46  0.0004
47  0.0006
48  0.0004
49  0.0009
50  0.0003
51  0.0004
52  0.0002
53  0.0008
54  0.0005
55  0.0007
56  0.0011
57  0.0009
58  0.0018
59  0.0014
60  0.0018
61  0.0021
62  0.0022
63  0.0025
64  0.0038
65  0.0036
66  0.006
67  0.0072
68  0.0083
69  0.0125
70  0.0135
71  0.0173
72  0.0242
73  0.0297
74  0.0386
75  0.0437
76  0.057
77  0.0682
78  0.073
79  0.0811
80  0.0876
81  0.0847
82  0.0781
83  0.0691
84  0.0543
85  0.0431
86  0.0306
87  0.0209
88  0.0123
89  0.0049
90  0.0025
91  0.0014
92  0.0006
93  0.0003
94  0
95  0
96  0
97  0
98  0
99  0
