0  0
1  6.6122
2  2.0741
3  1.278
4  0.8286
5  0.5782
6  0.4055
7  0.2949
8  0.2274
9  0.1826
10  0.1386
11  0.1111
12  0.087
13  0.0748
14  0.0605
15  0.0497
16  0.0396
17  0.0325
18  0.0257
19  0.0239
20  0.0206
21  0.0137
22  0.0133
23  0.0097
24  0.0095
25  0.008
26  0.0082
27  0.0051
28  0.0052
29  0.0049
30  0.0033
31  0.0029
32  0.0022
33  0.002
34  0.0018
35  0.0016
36  0.0007
37  0.0009
38  0.0004
39  0.0008
40  0.0005
41  0.0003
42  0.0003
43  0.0001
44  0.0002
45  0.0002
46  0.0001
47  0.0001
48  0.0001
49  0
50  0
51  0
52  0
53  0
54  0
55  0
56  0
57  0
58  0
59  0
60  0
61  0
62  0
63  0
64  0
65  0
66  0
67  0
68  0
69  0
70  0
71  0
72  0
73  0
74  0
75  0
76  0
77  0
78  0
79  0
80  0
81  0
82  0
83  0
84  0
85  0
86  0
87  0
88  0
89  0
90  0
91  0
92  0
93  0
94  0
95  0
96  0
97  0
98  0
99  0
