0  0
1  1.1939
2  0.2879
3  0.1881
4  0.1195
5  0.0838
6  0.0626
7  0.047
8  0.0384
9  0.03
10  0.0263
11  0.0238
12  0.0197
13  0.0167
14  0.0126
15  0.0136
16  0.011
17  0.0102
18  0.0103
19  0.0092
20  0.0079
21  0.0068
22  0.0064
23  0.0074
24  0.0069
25  0.0064
26  0.0061
27  0.0059
28  0.0061
29  0.005
30  0.0072
31  0.0056
32  0.0047
33  0.0046
34  0.0068
35  0.0054
36  0.006
37  0.0067
38  0.0056
39  0.0072
40  0.0056
41  0.0059
42  0.0085
43  0.0075
44  0.0067
45  0.008
46  0.0083
47  0.0101
48  0.0103
49  0.0098
50  0.0106
51  0.0118
52  0.0125
53  0.0134
54  0.0147
55  0.0159
56  0.0168
57  0.0202
58  0.0206
59  0.0225
60  0.023
61  0.0267
62  0.0312
63  0.0323
64  0.0379
65  0.0343
66  0.0392
67  0.0468
68  0.0414
69  0.0461
70  0.0504
71  0.0495
72  0.0427
73  0.0408
74  0.0364
75  0.0292
76  0.0249
77  0.0178
78  0.0136
79  0.0093
80  0.0059
81  0.0033
82  0.0022
83  0.0013
84  0.0003
85  0.0001
86  0.0001
87  0
88  0.0001
89  0
90  0
91  0
92  0
93  0
94  0
95  0
96  0
97  0
98  0
99  0
