0  0
1  8.5043
2  2.5027
3  1.3542
4  0.7585
5  0.4621
6  0.2834
7  0.1835
8  0.1229
9  0.0814
10  0.0562
11  0.0401
12  0.0264
13  0.0199
14  0.0137
15  0.0094
16  0.0066
17  0.0043
18  0.0026
19  0.0015
20  0.0014
21  0.0012
22  0.001
23  0.0009
24  0.0002
25  0.0001
26  0.0002
27  0.0002
28  0.0001
29  0.0003
30  0
31  0.0002
32  0.0001
33  0
34  0
35  0.0001
36  0
37  0
38  0
39  0
40  0
41  0
42  0
43  0
44  0
45  0
46  0
47  0
48  0
49  0
50  0
51  0
52  0
53  0
54  0
55  0
56  0
57  0
58  0
59  0
60  0
61  0
62  0
63  0
64  0
65  0
66  0
67  0
68  0
69  0
70  0
71  0
72  0
73  0
74  0
75  0
76  0
77  0
78  0
79  0
80  0
81  0
82  0
83  0
84  0
85  0
86  0
87  0
88  0
89  0
90  0
91  0
92  0
93  0
94  0
95  0
96  0
97  0
98  0
99  0
