0  0
1  4.4931
2  1.3787
3  0.8828
4  0.5913
5  0.4369
6  0.334
7  0.2586
8  0.2164
9  0.1805
10  0.1467
11  0.1267
12  0.1051
13  0.1024
14  0.0855
15  0.0753
16  0.0657
17  0.0587
18  0.0511
19  0.0533
20  0.0467
21  0.0438
22  0.0394
23  0.0351
24  0.0321
25  0.0276
26  0.0285
27  0.0248
28  0.0226
29  0.0208
30  0.0213
31  0.0189
32  0.017
33  0.0167
34  0.0147
35  0.013
36  0.0137
37  0.0122
38  0.0134
39  0.0094
40  0.0097
41  0.0094
42  0.0086
43  0.008
44  0.0064
45  0.0057
46  0.0052
47  0.0039
48  0.0039
49  0.003
50  0.0038
51  0.0034
52  0.0026
53  0.0026
54  0.0014
55  0.002
56  0.0009
57  0.0013
58  0.0008
59  0.001
60  0.0007
61  0.0004
62  0.0001
63  0
64  0.0002
65  0.0001
66  0
67  0
68  0
69  0
70  0
71  0
72  0
73  0
74  0
75  0
76  0
77  0
78  0
79  0
80  0
81  0
82  0
83  0
84  0
85  0
86  0
87  0
88  0
89  0
90  0
91  0
92  0
93  0
94  0
95  0
96  0
97  0
98  0
99  0
