0.100000  0.000000  0.001965
0.250000  0.000000  0.005659
0.350000  0.000000  0.017140
0.450000  0.007100  0.045683
0.150000  0.000000  0.002975
0.550000  0.993100  0.307214
0.850000  1.000000  0.866150
0.750000  1.000000  0.763370
0.300000  0.000000  0.009961
0.650000  1.000000  0.647496
0.400000  0.000000  0.025237
0.200000  0.000000  0.003968
0.500000  0.475200  0.100891
0.600000  1.000000  0.544774
0.900000  1.000000  0.912634
0.800000  1.000000  0.814925
0.700000  1.000000  0.710238
0.210000  0.000000  0.004468
0.100000  0.000000  0.001863
0.310000  0.000000  0.009719
0.410000  0.000100  0.024790
0.510000  0.669100  0.116924
0.110000  0.000000  0.002319
0.220000  0.000000  0.005742
0.610000  1.000000  0.575566
0.810000  1.000000  0.824622
0.710000  1.000000  0.720466
0.320000  0.000000  0.010570
0.420000  0.000200  0.026365
0.120000  0.000000  0.002490
0.230000  0.000000  0.005452
0.330000  0.000000  0.016954
0.520000  0.830900  0.165421
0.430000  0.000500  0.036101
0.130000  0.000000  0.002599
0.240000  0.000000  0.006054
0.620000  1.000000  0.592582
0.820000  1.000000  0.836831
0.720000  1.000000  0.733670
0.340000  0.000000  0.013999
0.140000  0.000000  0.002805
0.440000  0.002000  0.036423
0.250000  0.000000  0.006078
0.530000  0.925700  0.265731
0.350000  0.000000  0.013751
0.150000  0.000000  0.002982
0.260000  0.000000  0.006592
0.450000  0.006900  0.050298
0.630000  1.000000  0.612486
0.830000  1.000000  0.845198
0.730000  1.000000  0.742492
0.160000  0.000000  0.003526
0.360000  0.000000  0.014500
0.270000  0.000000  0.006846
0.540000  0.975500  0.245077
0.280000  0.000000  0.007059
0.460000  0.024000  0.055045
0.170000  0.000000  0.003481
0.370000  0.000000  0.016823
0.640000  1.000000  0.629023
0.290000  0.000000  0.008283
0.180000  0.000000  0.003572
0.550000  0.992900  0.306583
0.840000  1.000000  0.855337
0.740000  1.000000  0.752641
0.470000  0.067100  0.061459
0.380000  0.000000  0.019518
0.300000  0.000000  0.010108
0.190000  0.000000  0.003843
0.390000  0.000000  0.021693
0.650000  1.000000  0.644484
0.480000  0.145900  0.067823
0.200000  0.000000  0.004677
0.560000  0.998100  0.373518
0.850000  1.000000  0.865856
0.750000  1.000000  0.764533
0.400000  0.000000  0.023097
0.490000  0.288400  0.100776
0.660000  1.000000  0.657471
0.570000  0.999600  0.425775
0.860000  1.000000  0.875045
0.760000  1.000000  0.776461
0.500000  0.488700  0.104414
0.670000  1.000000  0.672607
0.580000  0.999900  0.481687
0.770000  1.000000  0.785503
0.870000  1.000000  0.885059
0.680000  1.000000  0.686368
0.590000  1.000000  0.508622
0.780000  1.000000  0.798099
0.880000  1.000000  0.893716
0.600000  1.000000  0.540215
0.690000  1.000000  0.698361
0.790000  1.000000  0.804581
0.890000  1.000000  0.903795
0.700000  1.000000  0.711760
0.900000  1.000000  0.914339
0.800000  1.000000  0.816981
