0.190000  0.000000  0.002754
0.100000  0.000000  0.001281
0.280000  0.000000  0.004799
0.370000  0.000000  0.011009
0.460000  0.007900  0.036096
0.200000  0.000000  0.002610
0.550000  0.997200  0.318509
0.110000  0.000000  0.001496
0.640000  1.000000  0.629029
0.290000  0.000000  0.005186
0.730000  1.000000  0.738929
0.380000  0.000000  0.012239
0.470000  0.033800  0.045847
0.210000  0.000000  0.002833
0.120000  0.000000  0.001493
0.300000  0.000000  0.008541
0.390000  0.000000  0.014002
0.560000  0.998800  0.319264
0.220000  0.000000  0.003704
0.130000  0.000000  0.001524
0.480000  0.111900  0.060025
0.740000  1.000000  0.750918
0.650000  1.000000  0.639065
0.310000  0.000000  0.006560
0.400000  0.000000  0.016186
0.140000  0.000000  0.001780
0.230000  0.000000  0.004000
0.490000  0.234100  0.054158
0.320000  0.000000  0.006882
0.570000  0.999900  0.406157
0.150000  0.000000  0.002024
0.240000  0.000000  0.003529
0.410000  0.000000  0.018476
0.660000  1.000000  0.654162
0.750000  1.000000  0.759931
0.330000  0.000000  0.008111
0.160000  0.000000  0.002031
0.250000  0.000000  0.004214
0.500000  0.446600  0.081293
0.420000  0.000000  0.022196
0.580000  1.000000  0.462672
0.170000  0.000000  0.002046
0.340000  0.000000  0.009106
0.260000  0.000000  0.004609
0.510000  0.680700  0.092729
0.430000  0.000100  0.022071
0.670000  1.000000  0.668390
0.760000  1.000000  0.772801
0.180000  0.000000  0.002423
0.270000  0.000000  0.004627
0.350000  0.000000  0.009146
0.590000  1.000000  0.528017
0.440000  0.000500  0.026368
0.360000  0.000000  0.009663
0.520000  0.851700  0.120170
0.680000  1.000000  0.679497
0.450000  0.002500  0.028172
0.770000  1.000000  0.784321
0.600000  1.000000  0.542497
0.530000  0.952500  0.140439
0.690000  1.000000  0.694685
0.780000  1.000000  0.793572
0.540000  0.986600  0.184954
0.610000  1.000000  0.563908
0.700000  1.000000  0.705093
0.790000  1.000000  0.803543
0.620000  1.000000  0.584245
0.710000  1.000000  0.717250
0.800000  1.000000  0.814384
0.630000  1.000000  0.606206
0.720000  1.000000  0.727619
0.100000  0.000000  0.001379
0.200000  0.000000  0.003138
0.300000  0.000000  0.005701
0.400000  0.000000  0.015143
0.500000  0.447100  0.079948
0.700000  1.000000  0.705645
0.800000  1.000000  0.811663
0.600000  1.000000  0.531131
0.500000  0.440500  0.075376
