0.100000  0.000000  0.000065
0.210000  0.000000  0.000158
0.310000  0.000000  0.000328
0.410000  0.000000  0.001060
0.110000  0.000000  0.000070
0.510000  0.673400  0.005566
0.220000  0.000000  0.000155
0.320000  0.000000  0.000359
0.610000  1.000000  0.528425
0.120000  0.000000  0.000077
0.710000  1.000000  0.703381
0.420000  0.000000  0.001103
0.810000  1.000000  0.811403
0.230000  0.000000  0.000179
0.130000  0.000000  0.000084
0.330000  0.000000  0.000387
0.520000  0.991100  0.007569
0.430000  0.000000  0.001152
0.240000  0.000000  0.000185
0.140000  0.000000  0.000094
0.340000  0.000000  0.000435
0.620000  1.000000  0.558877
0.150000  0.000000  0.000101
0.250000  0.000000  0.000204
0.720000  1.000000  0.714711
0.440000  0.000000  0.001469
0.820000  1.000000  0.821771
0.530000  1.000000  0.010305
0.350000  0.000000  0.000446
0.160000  0.000000  0.000106
0.260000  0.000000  0.000225
0.450000  0.000000  0.001648
0.170000  0.000000  0.000107
0.360000  0.000000  0.000492
0.270000  0.000000  0.000228
0.630000  1.000000  0.585648
0.730000  1.000000  0.726310
0.540000  1.000000  0.016166
0.460000  0.000000  0.002048
0.180000  0.000000  0.000118
0.830000  1.000000  0.831826
0.370000  0.000000  0.000598
0.280000  0.000000  0.000233
0.190000  0.000000  0.000132
0.470000  0.000000  0.002217
0.290000  0.000000  0.000272
0.380000  0.000000  0.000742
0.200000  0.000000  0.000161
0.640000  1.000000  0.604847
0.550000  1.000000  0.025650
0.740000  1.000000  0.737408
0.300000  0.000000  0.000296
0.480000  0.000000  0.002866
0.390000  0.000000  0.000715
0.840000  1.000000  0.841949
0.400000  0.000000  0.000881
0.490000  0.001200  0.004139
0.560000  1.000000  0.042918
0.650000  1.000000  0.622045
0.750000  1.000000  0.748403
0.500000  0.083000  0.004183
0.850000  1.000000  0.851843
0.570000  1.000000  0.087483
0.660000  1.000000  0.638389
0.760000  1.000000  0.759083
0.860000  1.000000  0.862063
0.580000  1.000000  0.223116
0.670000  1.000000  0.652051
0.770000  1.000000  0.769760
0.870000  1.000000  0.872121
0.590000  1.000000  0.405926
0.680000  1.000000  0.666147
0.780000  1.000000  0.780666
0.600000  1.000000  0.483670
0.880000  1.000000  0.882082
0.690000  1.000000  0.678429
0.790000  1.000000  0.790679
0.890000  1.000000  0.891915
0.700000  1.000000  0.691344
0.800000  1.000000  0.801049
0.900000  1.000000  0.901988
