0.100000  0.000000  0.012891
0.280000  0.000000  0.039969
0.190000  0.000000  0.022702
0.370000  0.001800  0.084592
0.110000  0.000000  0.012936
0.460000  0.193900  0.222897
0.550000  0.910800  0.490838
0.640000  0.999700  0.668723
0.200000  0.000000  0.026162
0.290000  0.000000  0.044843
0.380000  0.003000  0.091213
0.730000  1.000000  0.778300
0.120000  0.000000  0.014102
0.300000  0.000000  0.047588
0.470000  0.260600  0.265400
0.390000  0.006900  0.125018
0.210000  0.000000  0.024803
0.130000  0.000000  0.015998
0.650000  0.999900  0.689663
0.560000  0.944600  0.523542
0.740000  1.000000  0.782578
0.140000  0.000000  0.016343
0.310000  0.000000  0.054727
0.220000  0.000000  0.029050
0.400000  0.011300  0.123341
0.480000  0.359600  0.249524
0.150000  0.000000  0.019763
0.230000  0.000000  0.033656
0.320000  0.000000  0.064237
0.570000  0.968000  0.555025
0.410000  0.021000  0.126959
0.660000  1.000000  0.697490
0.160000  0.000000  0.020657
0.750000  1.000000  0.796042
0.240000  0.000000  0.036723
0.330000  0.000100  0.067320
0.490000  0.443600  0.303207
0.170000  0.000000  0.021673
0.420000  0.034500  0.173218
0.250000  0.000000  0.035463
0.340000  0.000300  0.067941
0.580000  0.980900  0.575987
0.180000  0.000000  0.019132
0.670000  0.999900  0.713779
0.500000  0.532700  0.341801
0.260000  0.000000  0.042222
0.760000  1.000000  0.809326
0.430000  0.055500  0.180973
0.350000  0.000400  0.081188
0.270000  0.000000  0.054157
0.360000  0.000500  0.099859
0.590000  0.991300  0.594126
0.440000  0.085000  0.190585
0.510000  0.637300  0.339468
0.680000  1.000000  0.722267
0.770000  1.000000  0.815957
0.450000  0.133100  0.221156
0.520000  0.725100  0.449609
0.600000  0.993200  0.625055
0.690000  1.000000  0.731658
0.780000  1.000000  0.827112
0.530000  0.808700  0.419902
0.610000  0.996400  0.633627
0.700000  1.000000  0.746433
0.540000  0.866900  0.455785
0.790000  1.000000  0.836119
0.620000  0.999200  0.640565
0.710000  1.000000  0.753757
0.800000  1.000000  0.849572
0.630000  0.999300  0.668450
0.720000  1.000000  0.764376
