0.100000  0.000000  0.094097
0.280000  0.009300  0.253093
0.190000  0.000000  0.141773
0.370000  0.091200  0.431165
0.460000  0.376200  0.627680
0.110000  0.000000  0.090946
0.640000  0.954400  0.804958
0.550000  0.754800  0.701088
0.730000  0.996500  0.889702
0.290000  0.011100  0.288875
0.380000  0.109900  0.462560
0.200000  0.000700  0.140691
0.120000  0.000000  0.117208
0.470000  0.411900  0.609137
0.300000  0.016400  0.344483
0.210000  0.000600  0.155470
0.390000  0.139100  0.430661
0.130000  0.000000  0.093550
0.650000  0.962300  0.826014
0.560000  0.779900  0.714951
0.740000  0.998200  0.875197
0.480000  0.461800  0.616190
0.310000  0.023700  0.295351
0.140000  0.000000  0.114572
0.220000  0.000900  0.173340
0.400000  0.156900  0.447974
0.150000  0.000100  0.118123
0.320000  0.029700  0.346598
0.660000  0.974100  0.825658
0.750000  0.998600  0.881037
0.570000  0.821900  0.709225
0.490000  0.507600  0.629286
0.230000  0.001900  0.216695
0.160000  0.000000  0.111570
0.330000  0.037700  0.308360
0.410000  0.190300  0.454782
0.670000  0.976400  0.815354
0.240000  0.002100  0.216625
0.170000  0.000100  0.144003
0.500000  0.549900  0.627260
0.420000  0.216000  0.491852
0.340000  0.045600  0.371441
0.580000  0.847400  0.733451
0.180000  0.000200  0.153376
0.760000  0.998400  0.898842
0.250000  0.004300  0.194474
0.680000  0.984800  0.830598
0.350000  0.060100  0.356367
0.430000  0.259500  0.526866
0.260000  0.005200  0.233151
0.510000  0.593500  0.668851
0.770000  0.999600  0.907514
0.590000  0.865300  0.747338
0.360000  0.072900  0.358229
0.690000  0.988100  0.835699
0.440000  0.293900  0.540636
0.270000  0.005200  0.246025
0.520000  0.637600  0.671254
0.450000  0.340400  0.536069
0.780000  0.999600  0.921000
0.600000  0.890100  0.750525
0.700000  0.991900  0.863934
0.530000  0.673700  0.660257
0.790000  0.999700  0.919428
0.610000  0.918500  0.787080
0.710000  0.993400  0.850315
0.540000  0.716100  0.673700
0.800000  0.999600  0.917912
0.620000  0.932500  0.770223
0.720000  0.996200  0.872621
0.630000  0.944400  0.797843
0.100000  0.000000  0.078443
0.276000  0.005800  0.292378
0.188000  0.000000  0.135897
0.364000  0.083400  0.377404
0.452000  0.337000  0.579855
0.627000  0.936400  0.781727
0.101000  0.000000  0.079659
0.277000  0.008200  0.269175
0.540000  0.707100  0.682174
0.714000  0.995000  0.842866
0.365000  0.090500  0.386591
0.189000  0.000200  0.149886
0.102000  0.000000  0.082986
0.278000  0.007900  0.250950
0.453000  0.350300  0.596794
0.628000  0.943400  0.783555
0.103000  0.000000  0.089469
0.366000  0.084200  0.367417
0.279000  0.009300  0.274643
0.190000  0.000200  0.165541
0.715000  0.994100  0.863660
0.541000  0.719700  0.687504
0.104000  0.000000  0.090007
0.367000  0.092000  0.446723
0.454000  0.344500  0.604840
0.280000  0.007800  0.260849
0.191000  0.000200  0.148260
0.629000  0.942700  0.773162
0.105000  0.000000  0.108127
0.368000  0.087200  0.434432
0.281000  0.009000  0.244688
0.192000  0.000300  0.170232
0.455000  0.348400  0.593904
0.716000  0.995600  0.871455
0.542000  0.713900  0.699901
0.106000  0.000000  0.097243
0.369000  0.089300  0.376286
0.282000  0.008400  0.242389
0.630000  0.945200  0.779806
0.193000  0.000100  0.147936
0.107000  0.000000  0.097181
0.456000  0.344300  0.609901
0.717000  0.994600  0.859005
0.370000  0.091000  0.411391
0.283000  0.011000  0.232465
0.194000  0.000300  0.159115
0.543000  0.727900  0.699891
0.108000  0.000000  0.084608
0.631000  0.947100  0.786045
0.371000  0.096700  0.400117
0.284000  0.010800  0.239019
0.195000  0.000400  0.165946
0.457000  0.355300  0.552412
0.718000  0.995500  0.867639
0.109000  0.000000  0.089537
0.285000  0.011700  0.279439
0.372000  0.088800  0.379350
0.544000  0.724200  0.683362
0.196000  0.000200  0.157403
0.632000  0.946200  0.787303
0.458000  0.361200  0.561854
0.110000  0.000000  0.093773
0.286000  0.010600  0.277382
0.197000  0.000200  0.173144
0.373000  0.101400  0.409690
0.111000  0.000000  0.086337
0.545000  0.722600  0.702620
0.719000  0.995500  0.869946
0.287000  0.010700  0.243993
0.198000  0.000300  0.195819
0.459000  0.360500  0.589019
0.374000  0.091400  0.376873
0.633000  0.946500  0.790151
0.112000  0.000000  0.097896
0.288000  0.010600  0.259164
0.375000  0.100600  0.440163
0.199000  0.000300  0.152149
0.113000  0.000000  0.107784
0.720000  0.995200  0.860000
0.546000  0.730300  0.672421
0.460000  0.373200  0.553844
0.114000  0.000000  0.100281
0.200000  0.000400  0.171579
0.634000  0.948200  0.799972
0.376000  0.105800  0.418713
0.289000  0.011600  0.256706
0.461000  0.379800  0.581351
0.721000  0.996300  0.866325
0.547000  0.736400  0.703322
0.115000  0.000000  0.092341
0.290000  0.012600  0.232230
0.201000  0.000600  0.151537
0.377000  0.104600  0.442016
0.116000  0.000000  0.085396
0.635000  0.950000  0.784456
0.462000  0.380700  0.564711
0.722000  0.995900  0.876131
0.117000  0.000000  0.089814
0.291000  0.013500  0.256431
0.548000  0.738100  0.719041
0.202000  0.000400  0.178962
0.378000  0.107100  0.416319
0.118000  0.000000  0.107577
0.463000  0.380500  0.576018
0.636000  0.949300  0.793163
0.292000  0.013000  0.284849
0.203000  0.000600  0.156385
0.379000  0.112000  0.413034
0.119000  0.000000  0.101118
0.549000  0.743300  0.696635
0.723000  0.996500  0.883406
0.293000  0.014200  0.290749
0.204000  0.000700  0.161053
0.464000  0.386900  0.556351
0.120000  0.000000  0.104619
0.380000  0.116200  0.391061
0.637000  0.955700  0.778801
0.205000  0.000700  0.195407
0.294000  0.013800  0.287007
0.121000  0.000000  0.111109
0.550000  0.747800  0.717105
0.381000  0.114900  0.418339
0.465000  0.392000  0.568627
0.295000  0.013900  0.331956
0.206000  0.000500  0.205965
0.724000  0.995100  0.898548
0.638000  0.953700  0.796856
0.122000  0.000000  0.107925
0.296000  0.014000  0.262801
0.382000  0.112500  0.367872
0.207000  0.000600  0.198145
0.123000  0.000000  0.107972
0.466000  0.393100  0.569479
0.551000  0.752300  0.688775
0.725000  0.994800  0.883170
0.297000  0.014200  0.277364
0.208000  0.000400  0.202457
0.383000  0.119800  0.408831
0.124000  0.000000  0.111120
0.639000  0.955200  0.788151
0.209000  0.000300  0.168050
0.298000  0.014900  0.268139
0.467000  0.394600  0.578212
0.552000  0.755500  0.735549
0.125000  0.000000  0.093232
0.384000  0.121200  0.444060
0.210000  0.000500  0.170847
0.726000  0.996200  0.867680
0.640000  0.954000  0.787541
0.299000  0.013000  0.287961
0.126000  0.000000  0.113810
0.385000  0.122900  0.410165
0.468000  0.408900  0.626710
0.211000  0.000600  0.190132
0.127000  0.000000  0.096982
0.553000  0.757700  0.679248
0.300000  0.018400  0.294491
0.212000  0.000700  0.161719
0.128000  0.000100  0.114677
0.641000  0.958000  0.812958
0.727000  0.996200  0.879878
0.386000  0.125800  0.433307
0.469000  0.403200  0.585115
0.301000  0.018800  0.283785
0.129000  0.000000  0.100162
0.213000  0.000200  0.167515
0.554000  0.756100  0.721817
0.387000  0.126900  0.408364
0.130000  0.000000  0.107421
0.302000  0.014800  0.286413
0.642000  0.957200  0.791854
0.470000  0.399800  0.623803
0.214000  0.000600  0.219062
0.388000  0.134400  0.496717
0.131000  0.000000  0.112957
0.728000  0.996500  0.876509
0.303000  0.015300  0.323014
0.555000  0.762800  0.718088
0.215000  0.000700  0.178063
0.132000  0.000000  0.119078
0.471000  0.422300  0.567852
0.389000  0.125800  0.526874
0.643000  0.956300  0.790885
0.304000  0.018000  0.312874
0.216000  0.000600  0.173117
0.133000  0.000100  0.104452
0.729000  0.997100  0.882247
0.390000  0.138300  0.384809
0.305000  0.017400  0.295845
0.472000  0.420500  0.599365
0.556000  0.764000  0.702891
0.217000  0.000700  0.205220
0.134000  0.000000  0.103905
0.644000  0.955600  0.791599
0.306000  0.019700  0.291932
0.135000  0.000000  0.103175
0.391000  0.138300  0.430055
0.218000  0.000600  0.204005
0.473000  0.431300  0.596191
0.730000  0.996800  0.875932
0.307000  0.018800  0.296031
0.136000  0.000000  0.103769
0.557000  0.769000  0.699390
0.219000  0.000800  0.179244
0.392000  0.133100  0.500001
0.645000  0.961000  0.799886
0.137000  0.000100  0.099408
0.474000  0.426800  0.595437
0.308000  0.019400  0.295181
0.220000  0.000800  0.191908
0.731000  0.996600  0.900318
0.393000  0.142600  0.413409
0.138000  0.000000  0.103663
0.558000  0.776400  0.719918
0.309000  0.020300  0.282166
0.475000  0.436200  0.590276
0.646000  0.963300  0.805165
0.221000  0.001200  0.185021
0.139000  0.000000  0.135727
0.394000  0.151000  0.420536
0.310000  0.022700  0.333557
0.222000  0.001300  0.219479
0.140000  0.000000  0.106748
0.732000  0.995800  0.875344
0.559000  0.788600  0.712746
0.476000  0.434000  0.581597
0.311000  0.019600  0.304693
0.395000  0.139700  0.459824
0.647000  0.962100  0.794935
0.141000  0.000000  0.117859
0.223000  0.000600  0.219939
0.312000  0.021500  0.269428
0.142000  0.000000  0.110628
0.477000  0.440900  0.573955
0.224000  0.001300  0.199254
0.396000  0.156800  0.446383
0.560000  0.783200  0.715867
0.733000  0.996700  0.861598
0.648000  0.960800  0.817713
0.143000  0.000000  0.107995
0.225000  0.000700  0.178839
0.313000  0.025900  0.312748
0.144000  0.000000  0.131991
0.478000  0.455100  0.575727
0.397000  0.150100  0.453919
0.226000  0.001600  0.207971
0.561000  0.779200  0.745456
0.314000  0.022900  0.398092
0.734000  0.997800  0.874346
0.649000  0.962400  0.799974
0.145000  0.000100  0.114177
0.227000  0.001000  0.179029
0.398000  0.154600  0.452892
0.315000  0.024900  0.315352
0.479000  0.452600  0.572250
0.146000  0.000000  0.136870
0.562000  0.786200  0.703860
0.228000  0.001300  0.196914
0.735000  0.998100  0.885673
0.399000  0.150100  0.475066
0.650000  0.964700  0.802106
0.147000  0.000000  0.107008
0.316000  0.028500  0.329793
0.480000  0.464000  0.631628
0.229000  0.001800  0.187436
0.563000  0.796700  0.721193
0.148000  0.000000  0.121139
0.317000  0.025000  0.316929
0.400000  0.154900  0.502908
0.736000  0.997400  0.886881
0.481000  0.463500  0.616312
0.149000  0.000000  0.105306
0.230000  0.001200  0.187676
0.651000  0.964300  0.816956
0.318000  0.025700  0.397495
0.564000  0.795700  0.748929
0.150000  0.000000  0.113436
0.401000  0.160900  0.483684
0.231000  0.002200  0.186195
0.482000  0.464800  0.592763
0.151000  0.000000  0.108796
0.737000  0.996800  0.880355
0.652000  0.965000  0.804627
0.319000  0.027700  0.334647
0.232000  0.001700  0.244368
0.402000  0.164600  0.446568
0.565000  0.802200  0.743404
0.483000  0.469600  0.640733
0.152000  0.000000  0.124396
0.233000  0.001500  0.208481
0.320000  0.025100  0.277727
0.403000  0.173600  0.448287
0.653000  0.965100  0.801009
0.153000  0.000000  0.120632
0.484000  0.478000  0.624802
0.234000  0.001300  0.188120
0.738000  0.998300  0.900484
0.566000  0.795800  0.704298
0.321000  0.025500  0.316451
0.404000  0.167100  0.442954
0.154000  0.000200  0.114990
0.235000  0.002300  0.208910
0.322000  0.030900  0.283335
0.485000  0.486700  0.613366
0.155000  0.000000  0.125263
0.405000  0.173000  0.474431
0.739000  0.998800  0.882379
0.654000  0.961600  0.796282
0.567000  0.808900  0.714831
0.236000  0.002400  0.193577
0.156000  0.000100  0.131068
0.323000  0.030300  0.323569
0.237000  0.001300  0.195597
0.406000  0.170700  0.474145
0.486000  0.491200  0.609288
0.157000  0.000100  0.133571
0.568000  0.806400  0.701157
0.324000  0.031100  0.329324
0.655000  0.968000  0.809872
0.740000  0.998600  0.887802
0.238000  0.001900  0.206831
0.407000  0.182700  0.466268
0.158000  0.000100  0.117957
0.487000  0.483100  0.625116
0.325000  0.031800  0.293114
0.239000  0.001800  0.211738
0.159000  0.000100  0.131164
0.408000  0.185500  0.461217
0.656000  0.968200  0.799971
0.569000  0.805600  0.745003
0.741000  0.998200  0.886618
0.488000  0.497000  0.603303
0.160000  0.000000  0.116765
0.240000  0.001400  0.194551
0.326000  0.033500  0.332480
0.409000  0.182400  0.519291
0.161000  0.000000  0.133578
0.241000  0.002400  0.206473
0.570000  0.810600  0.720584
0.327000  0.033700  0.333199
0.657000  0.966300  0.812617
0.489000  0.488600  0.640594
0.742000  0.997800  0.888278
0.162000  0.000000  0.120952
0.410000  0.188000  0.473704
0.242000  0.002600  0.198796
0.328000  0.035300  0.343582
0.163000  0.000100  0.136311
0.243000  0.001700  0.198110
0.490000  0.500200  0.667135
0.411000  0.196100  0.470748
0.571000  0.808800  0.727484
0.658000  0.971200  0.812674
0.329000  0.038900  0.375798
0.164000  0.000000  0.124199
0.743000  0.998400  0.875276
0.244000  0.002600  0.205402
0.412000  0.189400  0.437278
0.165000  0.000100  0.118093
0.491000  0.509900  0.613392
0.330000  0.039200  0.328446
0.245000  0.002700  0.251906
0.572000  0.815100  0.717236
0.659000  0.974000  0.815001
0.166000  0.000000  0.126144
0.413000  0.194500  0.480151
0.744000  0.997900  0.867844
0.246000  0.002200  0.204574
0.331000  0.038000  0.317859
0.492000  0.519600  0.608678
0.167000  0.000000  0.139558
0.573000  0.822700  0.713989
0.247000  0.001900  0.209921
0.660000  0.972000  0.822113
0.414000  0.197400  0.523354
0.332000  0.036900  0.324342
0.168000  0.000100  0.136011
0.745000  0.998500  0.879714
0.248000  0.002500  0.218457
0.493000  0.507500  0.645419
0.333000  0.039200  0.340388
0.169000  0.000000  0.145046
0.574000  0.821800  0.716379
0.415000  0.198200  0.504019
0.661000  0.973300  0.807410
0.249000  0.003200  0.206735
0.170000  0.000200  0.123083
0.494000  0.526600  0.619196
0.334000  0.043200  0.370760
0.746000  0.998700  0.884947
0.250000  0.003800  0.214315
0.416000  0.209200  0.517492
0.171000  0.000000  0.131613
0.575000  0.831100  0.735254
0.335000  0.044700  0.366454
0.172000  0.000000  0.142426
0.251000  0.004100  0.211660
0.495000  0.519100  0.620458
0.662000  0.972900  0.807356
0.417000  0.220000  0.466641
0.336000  0.048000  0.372228
0.173000  0.000200  0.142265
0.252000  0.002600  0.257258
0.576000  0.831900  0.722054
0.747000  0.998100  0.888037
0.174000  0.000100  0.136874
0.418000  0.210000  0.493200
0.337000  0.045200  0.416968
0.496000  0.525900  0.641170
0.663000  0.973200  0.827127
0.253000  0.003300  0.238953
0.175000  0.000000  0.127536
0.419000  0.212900  0.516543
0.338000  0.044700  0.332890
0.577000  0.832300  0.727850
0.748000  0.998200  0.906639
0.176000  0.000000  0.122072
0.254000  0.003900  0.215599
0.339000  0.047100  0.314451
0.497000  0.529700  0.642121
0.420000  0.217200  0.523432
0.664000  0.977000  0.818111
0.177000  0.000200  0.139924
0.255000  0.003100  0.209128
0.578000  0.824800  0.749230
0.340000  0.047700  0.319829
0.749000  0.998100  0.889811
0.178000  0.000200  0.139121
0.498000  0.537500  0.642011
0.421000  0.223400  0.491209
0.256000  0.003100  0.214084
0.341000  0.047800  0.361631
0.665000  0.975500  0.814158
0.179000  0.000100  0.137971
0.257000  0.003300  0.209897
0.422000  0.224300  0.579136
0.579000  0.831800  0.728576
0.499000  0.531200  0.605717
0.342000  0.046300  0.359970
0.180000  0.000000  0.155732
0.750000  0.998900  0.885954
0.258000  0.004700  0.224456
0.666000  0.977800  0.831083
0.181000  0.000000  0.132313
0.423000  0.232500  0.495690
0.343000  0.051400  0.424041
0.259000  0.003900  0.222851
0.500000  0.533200  0.666555
0.580000  0.838400  0.738492
0.182000  0.000200  0.155412
0.751000  0.999300  0.900333
0.344000  0.050800  0.376094
0.260000  0.004000  0.220672
0.424000  0.227600  0.485111
0.183000  0.000400  0.136525
0.667000  0.977500  0.812858
0.345000  0.053400  0.354922
0.501000  0.547000  0.641933
0.261000  0.003500  0.229737
0.581000  0.843300  0.756375
0.184000  0.000200  0.150643
0.425000  0.244100  0.485185
0.262000  0.004400  0.230044
0.346000  0.050500  0.360247
0.185000  0.000300  0.147394
0.752000  0.998000  0.889026
0.668000  0.977300  0.857603
0.502000  0.558200  0.656819
0.426000  0.244400  0.521550
0.263000  0.005000  0.213535
0.582000  0.846400  0.748654
0.186000  0.000000  0.151519
0.347000  0.053300  0.364087
0.264000  0.004500  0.250025
0.427000  0.238900  0.463428
0.187000  0.000300  0.143366
0.753000  0.999100  0.897413
0.669000  0.976700  0.846560
0.348000  0.058900  0.394355
0.503000  0.561600  0.680553
0.583000  0.852600  0.740012
0.265000  0.004600  0.237917
0.349000  0.056900  0.307240
0.428000  0.250700  0.507281
0.504000  0.564500  0.702667
0.266000  0.006100  0.234064
0.670000  0.977700  0.826698
0.754000  0.998500  0.904151
0.350000  0.061400  0.386519
0.584000  0.854200  0.750040
0.429000  0.248300  0.513515
0.267000  0.006600  0.229887
0.505000  0.571400  0.630270
0.351000  0.063100  0.374929
0.268000  0.007100  0.223492
0.430000  0.251800  0.495102
0.671000  0.980000  0.836103
0.755000  0.998600  0.913518
0.585000  0.855000  0.752141
0.352000  0.061500  0.388381
0.269000  0.006300  0.238736
0.506000  0.581300  0.630547
0.431000  0.262700  0.537311
0.270000  0.007000  0.236267
0.353000  0.062400  0.399121
0.672000  0.978600  0.828439
0.586000  0.858500  0.761278
0.507000  0.570200  0.635823
0.756000  0.998500  0.884449
0.432000  0.267300  0.495283
0.271000  0.006300  0.251776
0.354000  0.062500  0.354101
0.272000  0.007400  0.258462
0.673000  0.977900  0.834256
0.433000  0.270400  0.562296
0.587000  0.860900  0.746721
0.355000  0.065200  0.409421
0.508000  0.574500  0.647568
0.757000  0.999700  0.894774
0.273000  0.007100  0.258650
0.356000  0.065200  0.392121
0.434000  0.267600  0.552752
0.509000  0.579600  0.633370
0.274000  0.007200  0.238069
0.674000  0.979300  0.848093
0.588000  0.866400  0.770849
0.357000  0.068700  0.364535
0.435000  0.270600  0.513304
0.758000  0.998800  0.893899
0.275000  0.007300  0.276845
0.510000  0.589700  0.674711
0.358000  0.069300  0.397643
0.589000  0.863000  0.773056
0.675000  0.981300  0.840146
0.436000  0.281600  0.554428
0.359000  0.069400  0.375291
0.511000  0.594200  0.648916
0.759000  0.998900  0.913462
0.437000  0.287000  0.541676
0.360000  0.073300  0.378287
0.590000  0.865700  0.743768
0.676000  0.981900  0.830631
0.512000  0.599200  0.637699
0.438000  0.281500  0.541380
0.361000  0.069000  0.365340
0.760000  0.999200  0.900138
0.591000  0.872400  0.746974
0.677000  0.981800  0.837263
0.362000  0.077000  0.391069
0.439000  0.289500  0.518586
0.513000  0.604000  0.666916
0.363000  0.079900  0.369280
0.761000  0.999000  0.889207
0.440000  0.287200  0.532330
0.592000  0.870800  0.739880
0.514000  0.612800  0.683758
0.678000  0.984000  0.824526
0.441000  0.294800  0.521289
0.515000  0.608200  0.646160
0.593000  0.876200  0.756256
0.762000  0.999400  0.907899
0.679000  0.983300  0.818823
0.442000  0.291100  0.526144
0.516000  0.624800  0.650000
0.443000  0.304800  0.541041
0.594000  0.881300  0.740587
0.680000  0.987200  0.836433
0.763000  0.999100  0.887766
0.517000  0.618900  0.687623
0.444000  0.311100  0.528117
0.595000  0.884800  0.756235
0.681000  0.985600  0.862364
0.518000  0.623000  0.709099
0.445000  0.309600  0.559199
0.764000  0.999500  0.902836
0.596000  0.886600  0.783529
0.682000  0.985000  0.822921
0.519000  0.634700  0.645055
0.446000  0.313100  0.533261
0.765000  0.999400  0.910546
0.447000  0.327200  0.526833
0.520000  0.642900  0.653597
0.597000  0.889300  0.754887
0.683000  0.983800  0.827451
0.448000  0.329100  0.564710
0.521000  0.630300  0.657855
0.766000  0.999400  0.905563
0.598000  0.882600  0.753968
0.684000  0.985400  0.830907
0.449000  0.322500  0.556264
0.522000  0.642600  0.671822
0.599000  0.881200  0.816762
0.767000  0.999800  0.900416
0.450000  0.337500  0.544550
0.685000  0.988200  0.827297
0.523000  0.653700  0.704215
0.451000  0.332100  0.539330
0.600000  0.891800  0.750681
0.768000  0.999500  0.918689
0.686000  0.984900  0.847305
0.524000  0.649500  0.653965
0.601000  0.895400  0.740779
0.769000  0.999400  0.914616
0.525000  0.658100  0.672789
0.687000  0.987400  0.821757
0.526000  0.661400  0.686483
0.602000  0.894800  0.762273
0.688000  0.990100  0.848587
0.770000  0.999000  0.906776
0.527000  0.661600  0.674757
0.603000  0.906800  0.742996
0.689000  0.989000  0.861252
0.771000  0.998900  0.899898
0.528000  0.667500  0.722395
0.604000  0.907400  0.797435
0.690000  0.990100  0.840681
0.529000  0.673800  0.705765
0.772000  0.999400  0.909805
0.605000  0.904700  0.766475
0.530000  0.662500  0.688761
0.691000  0.988200  0.840992
0.773000  0.999900  0.919711
0.606000  0.903400  0.761149
0.531000  0.669400  0.659644
0.692000  0.989600  0.849618
0.774000  0.999700  0.897865
0.532000  0.685600  0.669778
0.607000  0.907100  0.747766
0.693000  0.989300  0.846176
0.533000  0.691300  0.671288
0.775000  0.999600  0.906863
0.608000  0.907200  0.761951
0.534000  0.690700  0.707318
0.694000  0.988900  0.858142
0.776000  0.999600  0.912804
0.609000  0.909300  0.743282
0.535000  0.694200  0.672697
0.695000  0.990500  0.847043
0.777000  0.998900  0.901740
0.536000  0.693400  0.676111
0.610000  0.912600  0.758051
0.696000  0.991000  0.849148
0.537000  0.702300  0.683766
0.778000  0.999600  0.926144
0.611000  0.917300  0.769437
0.538000  0.710800  0.720580
0.697000  0.991900  0.860755
0.612000  0.916300  0.789402
0.779000  0.999600  0.915426
0.539000  0.705500  0.684803
0.613000  0.917200  0.755797
0.698000  0.991100  0.856971
0.780000  0.999500  0.906736
0.614000  0.919900  0.761629
0.699000  0.990300  0.843145
0.781000  0.999900  0.908935
0.700000  0.991300  0.842141
0.615000  0.918200  0.778578
0.782000  0.999500  0.907912
0.701000  0.991400  0.847043
0.616000  0.925200  0.779096
0.783000  0.999900  0.905830
0.702000  0.992500  0.846596
0.617000  0.925400  0.781047
0.784000  1.000000  0.913920
0.703000  0.993100  0.874534
0.618000  0.929700  0.771791
0.785000  0.999700  0.920075
0.619000  0.925800  0.777086
0.704000  0.992700  0.840666
0.620000  0.927400  0.772728
0.786000  0.999600  0.918439
0.705000  0.993900  0.844747
0.621000  0.933500  0.773263
0.787000  1.000000  0.915149
0.706000  0.993600  0.857496
0.622000  0.935500  0.771210
0.788000  0.999900  0.923621
0.707000  0.994700  0.850119
0.623000  0.931400  0.774322
0.789000  0.999800  0.904353
0.708000  0.993800  0.854590
0.624000  0.934400  0.761144
0.790000  0.999900  0.916486
0.709000  0.993300  0.849745
0.625000  0.937300  0.770169
0.710000  0.994500  0.876588
0.791000  0.999500  0.916648
0.626000  0.939800  0.777630
0.711000  0.994700  0.862561
0.792000  0.999900  0.914252
0.712000  0.994100  0.855518
0.793000  0.999800  0.936233
0.713000  0.995000  0.849098
0.794000  1.000000  0.940399
0.795000  0.999800  0.917011
0.796000  0.999800  0.934400
0.797000  1.000000  0.924622
0.798000  0.999800  0.931981
0.799000  0.999900  0.936650
0.800000  0.999900  0.918768
0.100000  0.000000  0.079900
0.200000  0.000400  0.160040
0.300000  0.016400  0.254063
0.400000  0.155000  0.522089
0.500000  0.539400  0.663462
0.600000  0.892300  0.734851
0.700000  0.992900  0.843110
0.800000  1.000000  0.940270
