2  0  0  2  2  2  2  0  0  0  2  2  2  2  2  2  2  2  2  2  2  2  2  2  2  2  0  2  2  2  2  2  2  2  2  2  2  2  0  0  2  2  0  2  2  2  2  2  2  0  
2  2  0  0  2  2  2  2  0  2  2  2  0  2  2  2  0  2  2  2  2  2  2  2  0  0  0  2  2  2  2  2  2  2  2  0  2  2  0  0  2  2  2  2  2  0  2  2  2  2  
2  2  2  2  2  2  0  2  2  2  2  0  2  2  2  0  2  2  2  2  0  2  2  2  2  2  2  2  2  2  2  0  0  0  2  0  2  2  2  2  2  2  2  2  2  2  2  2  2  0  
0  2  0  2  2  2  0  2  2  2  2  2  2  2  2  0  2  2  0  2  2  0  2  2  2  2  2  2  2  2  2  2  2  2  2  2  2  2  2  2  2  2  2  0  0  2  0  2  2  2  
2  2  0  2  2  2  2  2  0  2  0  2  2  2  0  2  2  2  2  2  2  2  2  2  2  2  2  2  2  2  2  0  2  2  2  2  2  2  2  0  2  0  2  2  2  2  2  2  2  2  
0  2  2  2  2  2  2  0  2  2  2  2  0  2  2  2  2  0  2  2  2  0  2  2  2  2  2  2  2  2  2  0  2  2  2  2  2  2  2  2  0  2  2  0  2  2  2  2  2  2  
2  2  0  0  2  2  2  2  0  2  0  2  0  2  2  2  0  2  2  2  2  0  2  0  0  2  0  0  0  2  2  2  2  2  2  2  2  2  0  0  0  2  2  2  2  2  2  0  2  0  
2  2  2  2  2  2  2  0  2  2  2  2  2  2  2  2  2  0  2  2  2  2  2  0  2  2  2  2  2  0  0  2  2  2  0  2  2  2  0  2  2  2  2  2  2  2  2  0  0  2  
2  2  0  2  2  0  2  2  2  2  2  2  2  2  2  2  2  2  0  2  2  2  2  2  2  2  2  2  2  0  2  2  2  2  2  0  2  2  2  2  2  2  0  2  2  2  2  0  2  2  
2  2  2  2  0  2  2  2  0  2  2  0  2  2  0  2  2  0  2  2  2  2  2  2  0  2  2  2  2  2  2  2  0  2  2  0  2  2  0  2  0  2  2  0  0  2  2  2  2  0  
2  2  0  0  2  2  2  2  2  0  2  2  2  2  2  2  2  2  2  2  0  0  2  2  2  0  0  2  2  2  2  0  2  2  2  0  2  2  2  2  0  2  2  2  2  0  0  0  2  2  
2  2  2  2  0  2  2  0  2  2  2  2  0  2  2  2  2  2  2  2  0  2  2  2  2  2  2  2  2  2  2  0  2  0  0  2  0  0  2  2  2  2  2  2  0  0  2  0  2  2  
0  2  2  0  2  0  2  2  0  0  2  2  2  2  2  2  0  2  0  2  2  2  2  0  2  0  2  2  0  2  2  2  0  2  2  2  2  2  2  2  2  2  2  2  2  2  2  2  0  2  
32  0  2  0  2  0  0  2  0  2  2  0  2  2  2  0  2  2  2  2  2  2  2  2  0  2  2  0  0  0  2  2  2  2  0  2  0  2  2  2  2  2  0  0  2  2  2  2  2  2  
32  32  0  2  2  2  2  0  2  2  0  2  2  2  0  2  2  2  0  0  2  2  2  2  2  2  2  2  2  2  2  2  2  0  2  2  2  2  2  2  2  2  0  0  0  0  0  2  2  2  
32  0  2  2  2  2  2  2  2  2  2  2  2  2  2  2  0  0  2  0  0  2  2  2  2  2  2  2  2  2  2  2  2  2  2  2  0  2  2  2  0  2  0  2  2  0  2  2  2  0  
0  2  2  2  2  2  2  2  2  2  2  2  2  2  0  2  2  2  2  2  2  2  2  2  0  2  2  2  0  2  2  2  0  2  2  2  2  2  2  2  2  2  0  2  2  2  2  2  2  2  
2  2  0  2  2  2  0  2  2  2  2  2  0  2  2  2  2  2  2  0  2  2  2  2  2  2  2  2  2  2  2  2  2  2  2  2  2  0  2  2  2  2  2  2  2  2  2  2  2  2  
2  2  2  2  0  0  2  2  2  2  2  2  2  0  0  2  0  0  2  2  2  0  2  2  0  0  2  2  2  2  0  0  2  2  2  2  2  2  2  2  2  2  2  2  2  0  2  2  2  2  
2  2  2  2  0  2  2  0  2  2  0  2  0  2  0  2  2  2  0  2  2  2  2  2  2  2  2  2  2  2  2  0  2  0  2  2  2  2  0  2  2  2  0  2  0  2  2  2  2  2  
0  0  2  2  2  2  2  0  2  0  2  0  2  2  0  0  2  2  2  0  0  2  2  2  2  2  2  2  2  2  2  0  0  2  0  2  2  2  2  2  2  0  2  2  2  2  2  2  2  0  
2  2  2  0  0  2  2  2  2  0  2  2  2  2  2  2  0  2  2  2  0  2  2  2  0  2  2  0  2  2  2  2  2  2  2  2  2  2  2  0  2  0  2  2  2  2  2  0  2  2  
0  0  2  2  0  2  2  2  2  2  2  0  2  2  2  2  2  2  2  2  2  0  0  0  2  2  2  0  0  2  2  2  2  2  2  0  0  0  2  0  2  2  2  0  2  2  2  2  0  2  
2  0  2  2  2  2  2  2  2  2  2  2  2  0  2  0  2  2  0  0  0  2  2  2  2  2  2  2  2  2  2  2  2  2  2  2  0  2  2  0  2  2  2  2  2  2  2  2  2  2  
2  2  2  2  2  2  2  2  2  2  0  0  2  0  2  2  2  2  2  2  0  2  2  2  2  2  0  2  0  2  2  2  2  2  0  2  2  2  2  0  2  2  2  0  0  2  2  2  0  2  
2  0  0  2  2  2  2  0  2  2  2  2  2  2  2  2  0  2  2  2  2  2  2  2  2  0  0  2  2  2  2  2  2  2  2  2  2  2  0  0  2  0  0  2  2  2  2  0  2  2  
2  0  2  2  2  2  2  2  2  2  0  2  0  0  2  2  2  0  2  2  0  2  2  2  2  2  2  2  0  2  2  2  2  2  2  2  2  2  2  2  2  2  2  2  2  2  2  0  2  0  
2  2  0  0  2  2  2  2  0  2  2  2  2  2  2  2  2  2  0  2  2  2  2  2  2  2  2  2  2  2  2  2  2  2  2  2  2  2  2  2  2  2  0  0  2  0  0  2  2  2  
2  2  2  2  0  2  2  2  2  2  2  2  2  2  2  2  0  2  2  2  2  2  2  2  2  0  0  2  0  2  2  2  2  2  2  2  2  2  2  2  2  2  2  2  2  2  2  0  0  2  
2  2  2  0  2  2  2  2  0  2  2  0  2  2  2  0  2  0  2  2  0  2  2  2  2  2  2  0  2  2  0  2  2  2  2  2  2  2  2  2  2  2  2  2  2  2  2  0  0  2  
2  2  2  2  2  2  2  2  2  2  0  0  0  0  0  2  2  2  2  2  2  2  0  2  2  2  2  2  2  2  2  2  2  2  2  0  2  2  0  2  0  2  0  2  2  0  2  2  2  2  
2  2  0  2  2  0  2  0  2  2  0  0  2  2  2  2  2  0  2  2  0  2  2  2  2  2  2  2  2  2  2  2  2  0  2  2  2  2  2  0  2  2  2  0  0  2  2  2  2  0  
2  0  2  2  2  2  2  2  2  2  2  0  2  0  2  2  0  2  2  2  2  0  2  2  2  2  2  2  2  2  2  2  2  2  2  2  2  2  2  2  0  2  2  2  2  2  2  2  0  73  
2  2  2  2  0  2  0  2  2  2  2  2  2  2  2  2  2  2  2  2  0  2  2  2  2  0  2  0  2  0  2  2  2  2  0  2  2  2  2  2  2  2  2  2  2  2  0  0  2  0  
2  2  2  2  2  2  2  2  2  2  2  2  2  2  2  2  2  2  2  2  2  2  0  2  2  2  0  2  2  2  2  2  2  2  2  2  2  2  2  2  2  2  2  2  2  2  2  2  2  2  
2  2  2  0  2  2  0  0  2  0  2  2  2  2  0  2  2  0  2  0  2  0  0  2  2  2  2  2  2  2  2  2  2  2  0  2  2  2  2  2  2  2  0  0  2  2  2  2  2  2  
2  2  2  0  2  0  0  2  2  2  2  2  0  2  2  2  2  2  2  2  2  2  0  2  2  2  2  2  0  2  0  0  2  2  2  2  0  0  0  0  2  2  2  2  0  2  2  2  2  2  
2  2  2  2  2  2  2  2  0  2  2  2  0  0  0  2  2  2  2  0  0  2  2  2  0  2  2  2  2  2  0  0  0  2  2  2  2  2  0  0  2  2  2  2  2  2  2  2  2  2  
2  2  0  2  2  2  2  2  2  2  2  2  2  2  0  2  2  2  2  2  0  0  2  2  2  2  2  2  0  0  2  2  2  2  2  2  2  2  2  2  0  2  2  2  0  2  0  0  2  2  
0  2  2  2  0  2  2  2  0  2  0  2  2  2  2  2  2  0  2  2  2  0  2  2  0  2  0  0  2  2  0  2  2  0  2  2  2  2  0  2  2  2  2  2  0  0  80  80  0  2  
2  2  2  2  2  2  2  2  2  2  2  2  2  2  2  0  2  2  2  2  2  2  2  2  2  2  2  2  2  0  2  2  0  2  2  2  2  2  2  2  2  2  2  2  2  2  0  0  2  2  
2  2  2  2  2  0  2  2  2  2  0  0  2  2  2  0  2  2  2  2  0  2  2  2  2  2  2  2  2  2  2  2  2  2  2  2  2  2  2  2  2  2  2  2  2  2  2  0  2  2  
2  2  2  2  2  2  2  0  2  2  0  2  2  2  2  2  2  2  2  2  2  2  2  2  2  2  2  2  2  2  2  2  0  2  2  0  2  2  2  2  2  2  2  2  0  2  2  2  2  2  
2  0  2  2  0  2  2  0  2  0  2  2  2  0  2  2  2  2  2  2  2  2  2  2  2  2  2  2  2  2  2  0  0  0  2  2  2  2  2  2  2  2  2  2  2  2  2  2  2  2  
0  2  2  2  2  2  2  0  2  2  2  2  2  0  0  2  2  2  2  2  0  2  0  2  0  2  2  2  2  0  2  2  0  0  0  2  2  2  2  2  0  2  0  2  2  2  2  2  0  0  
2  2  0  2  2  2  2  2  2  0  2  2  0  2  2  2  2  0  2  2  0  2  2  2  2  0  2  2  2  2  2  0  0  2  2  0  2  0  2  2  2  2  2  2  2  0  2  2  0  0  
0  2  2  2  2  2  0  2  2  2  2  2  2  2  2  2  2  0  0  2  2  2  0  2  2  2  0  2  2  2  2  2  2  2  2  2  2  0  2  2  2  0  2  2  0  2  2  2  0  2  
2  2  2  2  0  2  2  2  2  2  0  2  2  2  2  2  2  2  2  2  2  2  2  0  2  2  0  2  2  2  2  2  2  2  2  2  0  2  2  2  2  2  2  0  95  0  0  2  2  2  
2  2  2  0  2  2  2  2  2  2  2  0  2  2  2  0  2  2  2  0  2  2  0  2  2  2  2  0  2  2  0  0  2  2  2  0  2  2  2  2  2  2  2  2  0  2  2  2  2  2  
0  2  2  2  0  2  2  2  2  0  2  2  2  2  2  2  2  2  2  0  2  2  2  2  2  2  2  2  0  2  2  2  2  2  0  0  2  2  2  2  2  2  2  2  0  0  2  2  2  0  
