0  2  0  3  0  3  3  0  3  3  0  3  0  0  0  7  7  7  0  3  3  0  9  0  3  3  3  0  3  3  3  3  3  3  3  0  0  3  3  0  3  0  0  3  3  3  3  0  3  3  
0  0  3  3  3  3  0  3  3  3  3  3  3  0  7  7  7  7  0  3  0  19  0  3  3  3  0  3  3  0  0  3  3  3  3  3  3  3  3  3  3  3  3  0  0  3  0  3  3  0  
3  3  0  3  0  3  0  3  0  3  3  3  3  0  0  7  0  7  0  3  3  0  3  3  3  0  3  3  0  3  3  0  3  3  3  3  3  3  3  3  0  0  3  3  3  3  0  3  3  3  
3  0  3  3  3  3  0  3  0  0  3  0  0  3  3  0  0  0  3  3  3  3  0  0  3  3  3  0  3  3  3  3  3  0  3  3  3  3  3  3  0  0  0  3  0  3  3  3  3  3  
3  0  0  0  3  3  3  3  3  3  3  0  3  3  0  3  0  3  3  3  0  0  3  0  3  3  3  3  3  3  3  0  3  3  3  0  3  3  3  3  3  3  3  0  3  3  0  3  3  0  
3  0  0  0  0  3  3  0  3  0  3  0  3  3  3  3  0  0  3  0  3  3  3  3  3  3  3  3  0  0  3  3  3  0  0  3  3  0  3  3  3  0  0  3  3  3  3  0  3  3  
3  3  3  3  3  3  3  3  3  0  3  3  3  3  3  3  0  3  3  0  3  3  3  0  3  3  3  3  3  3  3  0  3  0  40  0  3  3  3  3  0  0  3  3  3  3  3  3  3  3  
0  3  3  3  0  3  3  3  3  3  3  3  3  3  3  3  3  3  3  3  3  0  3  3  3  3  3  0  3  3  3  3  3  0  0  3  0  3  3  0  3  3  0  3  3  3  3  3  0  3  
3  3  3  3  3  3  3  3  3  3  3  0  3  0  3  3  3  3  0  3  3  0  0  3  0  3  3  3  0  3  3  3  3  3  0  3  0  3  3  0  3  3  3  3  3  3  3  0  3  3  
3  3  0  3  3  3  3  0  3  0  0  3  3  0  3  3  0  3  3  3  3  3  3  3  3  3  0  3  3  3  3  3  0  3  3  3  3  3  0  47  0  3  0  0  3  3  3  0  0  0  
3  3  3  0  3  3  3  3  0  3  3  3  0  3  3  3  3  3  3  3  3  0  3  0  3  3  3  3  3  3  3  3  0  3  0  0  0  3  3  0  50  0  51  0  3  3  3  0  3  0  
0  3  3  3  0  0  3  0  0  0  3  0  0  3  3  3  0  0  3  3  3  3  3  0  3  3  3  0  0  3  0  0  3  0  3  3  3  0  0  0  50  0  0  3  0  3  3  0  3  3  
3  3  0  3  3  0  3  3  0  3  0  3  3  3  3  0  3  3  3  0  0  3  3  3  3  3  0  3  0  3  0  3  3  0  3  0  3  3  0  50  50  0  3  3  0  3  0  3  0  3  
3  3  3  3  3  3  3  3  3  3  3  3  3  3  3  3  3  3  0  0  3  3  0  0  3  3  0  3  0  3  3  3  3  3  3  3  3  0  3  0  0  3  3  0  3  0  3  3  0  3  
3  3  0  3  3  3  3  0  3  3  0  3  3  3  0  0  3  0  3  3  3  3  3  3  3  0  0  3  3  0  3  0  3  0  3  3  0  3  3  3  3  3  0  0  3  3  3  3  3  3  
3  3  3  0  3  3  0  3  3  3  3  3  0  0  3  3  3  3  3  3  3  0  3  3  3  3  3  3  3  3  3  3  3  0  3  3  3  3  3  3  3  0  3  3  3  0  3  3  0  0  
3  0  3  3  0  3  3  3  3  3  0  0  3  3  3  0  3  3  3  3  3  3  3  0  0  3  3  0  3  0  0  0  3  0  0  3  0  3  3  3  3  0  3  0  3  0  3  3  3  3  
3  0  3  0  3  3  0  3  3  3  0  0  3  3  0  0  3  3  3  3  3  0  0  3  3  0  0  0  3  3  3  3  3  3  3  0  3  3  0  0  3  3  0  0  3  3  0  3  0  0  
3  3  0  0  3  3  3  3  3  3  3  3  3  3  0  0  3  3  3  3  3  3  0  3  3  3  0  3  3  3  3  3  0  3  3  3  3  0  3  0  3  0  0  0  3  0  3  3  3  0  
3  0  3  3  3  0  3  0  0  3  3  3  3  0  3  3  3  3  0  3  3  0  3  3  3  3  3  3  3  3  3  3  0  3  3  0  3  3  3  3  0  3  3  3  3  3  3  3  0  0  
0  0  0  3  3  3  3  3  3  3  0  3  3  3  0  3  3  3  3  3  3  3  3  3  0  3  0  0  3  3  3  0  3  3  3  0  3  3  3  3  0  3  3  3  0  3  3  0  3  0  
3  3  0  0  3  0  0  0  3  3  3  3  0  3  3  3  3  3  3  3  3  0  3  3  3  3  3  3  0  0  3  3  3  3  3  3  3  3  3  3  3  3  3  3  3  3  3  3  3  3  
3  3  3  3  3  0  0  3  3  3  0  0  3  3  3  3  3  0  3  3  0  3  3  3  0  3  3  3  3  3  3  0  0  0  0  0  3  0  3  3  3  3  3  3  0  3  3  3  3  3  
3  3  3  0  0  0  92  0  3  3  0  3  3  3  3  0  3  3  3  3  3  3  3  3  0  3  3  3  3  0  3  3  3  3  3  3  0  3  3  3  3  3  0  3  0  0  3  0  3  3  
3  0  3  0  0  0  0  0  3  0  3  3  0  3  3  3  3  0  0  3  3  3  3  3  3  0  0  3  3  3  3  3  3  3  3  0  3  3  0  3  0  3  0  3  3  0  3  0  3  3  
3  0  3  0  3  3  3  0  0  0  0  0  3  3  3  0  3  3  0  0  3  3  3  3  3  3  0  3  3  3  3  0  0  3  3  3  3  3  0  0  0  0  3  3  3  3  3  3  3  3  
3  3  3  3  3  3  3  3  3  3  0  0  3  0  0  3  3  3  3  3  3  3  3  3  3  3  0  0  3  0  3  0  3  3  3  3  0  3  3  3  3  3  0  0  3  3  3  3  3  3  
0  0  3  3  3  0  3  0  0  3  0  3  3  0  0  3  0  0  3  3  3  3  3  0  3  3  3  0  3  3  3  3  3  0  3  0  0  3  0  3  3  3  0  3  3  3  3  3  3  0  
3  0  3  0  3  3  3  3  3  0  3  0  0  0  3  3  0  3  3  3  0  3  3  3  3  0  0  0  3  0  3  3  3  3  0  3  3  0  3  0  0  3  3  3  3  3  3  0  3  0  
3  3  3  3  3  0  3  3  3  0  3  3  3  3  3  0  3  3  0  0  3  0  3  3  3  3  3  0  3  3  3  3  0  3  3  3  3  3  3  0  3  3  3  3  3  0  3  0  3  3  
3  0  0  3  3  3  3  3  0  0  0  3  3  3  0  3  3  3  3  3  3  3  3  3  0  3  3  3  3  3  0  0  3  3  0  3  3  0  0  3  3  3  0  0  0  0  3  0  3  3  
3  0  3  0  3  3  3  0  117  0  3  3  3  3  0  0  3  3  3  3  3  3  0  3  0  3  3  3  0  3  3  0  3  0  3  3  0  3  0  3  3  3  3  0  3  3  3  0  0  0  
0  3  3  3  3  3  3  3  0  3  0  0  3  3  0  3  3  3  0  3  3  0  3  3  3  0  3  3  0  0  3  0  3  3  3  3  3  3  0  3  3  3  0  0  0  0  0  0  126  126  
127  0  3  0  3  0  0  3  3  3  0  0  3  3  3  3  3  0  0  3  3  0  3  3  3  3  3  3  3  3  0  0  3  3  0  3  0  0  3  3  0  0  0  3  3  0  0  0  0  0  
0  0  3  3  3  0  0  3  3  0  3  0  0  3  3  0  0  0  3  3  3  3  0  3  3  3  0  3  3  3  0  0  3  3  3  3  0  0  3  3  0  0  3  0  3  3  3  0  133  0  
3  3  3  0  3  0  3  3  3  3  3  3  3  0  3  0  0  0  3  3  0  3  3  0  3  3  3  0  3  3  3  3  3  3  3  0  3  0  0  3  3  0  3  3  3  0  3  0  0  3  
0  3  0  3  3  3  3  3  3  3  0  3  3  3  0  3  3  3  3  3  3  3  3  3  3  3  3  3  0  0  3  3  3  3  0  0  3  3  3  3  3  3  3  3  0  0  3  3  0  3  
0  3  3  3  3  3  0  3  3  3  3  0  0  3  3  0  0  3  3  3  0  3  3  3  3  0  3  3  0  3  3  3  3  3  3  3  3  3  3  0  3  3  3  3  0  3  3  3  3  3  
3  0  3  0  0  3  0  3  3  3  3  3  0  3  3  3  3  3  3  3  0  3  0  3  0  0  3  3  3  3  3  3  3  3  3  0  0  0  0  3  3  0  3  0  3  3  0  3  0  3  
3  0  3  0  0  0  0  3  0  3  3  3  3  3  0  3  3  0  0  3  0  0  3  3  3  3  0  3  3  0  3  3  0  3  3  3  3  0  0  3  0  3  0  0  3  3  3  3  0  0  
3  3  3  3  3  3  3  0  3  3  3  3  0  0  0  3  0  3  3  3  3  3  3  0  3  3  3  3  3  3  3  3  3  3  3  3  0  0  3  3  3  3  3  3  3  3  0  0  3  3  
0  3  3  3  3  3  3  3  3  3  0  0  0  3  3  3  3  3  0  0  3  0  3  3  0  0  3  3  3  3  3  0  3  3  0  0  0  0  3  3  3  3  0  3  3  3  3  3  3  0  
3  0  0  0  0  3  3  3  3  3  3  3  0  0  0  3  3  3  3  3  0  3  3  0  0  0  0  3  3  3  0  154  0  3  3  3  3  3  0  0  3  3  0  3  3  0  3  3  0  155  
3  3  3  3  3  3  0  3  0  3  3  0  3  3  0  0  3  3  3  3  3  3  0  0  0  0  0  3  3  3  3  0  3  3  0  3  3  0  3  3  3  0  3  0  3  3  0  3  3  0  
3  3  3  3  3  0  3  0  0  3  3  3  3  3  0  3  0  3  3  3  0  0  3  3  0  3  3  3  3  3  0  3  3  3  3  3  3  3  3  3  3  0  3  3  3  3  3  3  3  3  
3  3  0  0  3  0  3  3  3  0  3  3  0  3  3  3  3  0  3  0  3  3  3  0  0  3  3  3  3  3  3  3  0  0  3  3  3  3  3  3  0  166  0  3  3  3  0  0  3  0  
0  3  3  0  3  3  3  3  3  0  3  0  0  3  3  0  3  0  3  3  3  3  0  3  3  3  3  0  3  3  3  3  3  3  3  0  0  3  0  3  3  0  0  3  0  3  0  3  3  3  
3  3  3  3  0  3  3  3  3  3  3  3  3  3  3  3  0  3  3  0  3  0  3  3  0  3  3  0  3  0  3  3  3  0  3  3  3  3  3  3  3  0  3  3  3  0  3  0  3  3  
0  0  3  3  3  0  0  0  3  3  3  3  3  0  3  3  3  0  3  3  0  3  0  3  3  3  0  175  0  176  0  0  0  0  0  3  0  3  3  3  3  0  0  0  0  0  3  3  3  3  
177  0  0  3  3  0  3  3  3  3  0  0  3  3  3  3  3  3  0  0  3  3  3  3  0  0  180  0  181  0  182  182  182  0  0  3  3  3  3  0  3  3  3  3  3  3  3  3  3  0  
