2  2  2  0  3  3  0  4  4  0  4  4  4  4  4  4  4  4  4  4  4  4  4  4  4  4  0  6  0  0  7  0  0  8  0  0  7  0  7  0  7  7  7  0  7  0  7  0  0  0  
2  2  0  0  0  3  0  0  4  4  4  4  4  4  4  4  4  0  0  4  4  0  4  4  0  4  4  0  0  7  7  7  7  0  0  7  7  7  7  7  7  7  7  7  7  7  7  0  7  7  
2  0  17  17  0  0  0  0  4  4  4  0  0  0  0  0  4  4  0  4  4  4  4  0  0  4  4  4  0  7  0  7  0  7  7  7  0  7  7  7  7  7  0  7  7  7  7  7  7  0  
0  17  17  0  4  4  4  4  0  4  0  4  4  0  4  4  0  4  0  0  4  4  0  0  4  4  4  4  0  7  0  7  7  7  0  7  7  7  7  7  7  7  7  7  0  0  7  7  0  24  
0  17  17  17  0  0  4  4  4  4  0  4  4  4  4  4  0  4  4  0  4  0  4  4  0  4  0  4  0  0  0  0  7  0  0  7  7  0  0  0  7  7  0  7  7  0  0  0  26  0  
17  17  0  17  0  0  4  4  4  4  4  0  4  4  4  4  4  0  4  4  4  4  4  0  4  0  4  4  0  30  0  31  0  0  0  7  7  0  32  0  7  7  0  7  0  7  7  7  0  0  
17  0  0  17  17  0  4  4  4  0  4  4  4  4  4  0  0  0  4  4  4  4  4  0  4  0  4  4  0  30  0  0  34  0  7  7  7  7  0  0  0  7  7  7  7  7  7  7  0  7  
0  17  17  17  0  0  4  0  4  4  0  0  0  4  0  4  4  4  0  0  0  4  4  4  4  4  0  0  0  0  39  0  0  0  0  7  0  0  0  7  7  7  0  0  7  0  7  7  7  7  
17  0  17  17  0  0  0  4  4  0  0  0  4  4  4  0  4  4  4  4  4  0  0  0  0  0  7  7  7  0  0  7  7  0  0  7  7  0  7  7  7  7  7  7  7  0  7  7  7  0  
17  17  17  0  47  0  4  4  0  4  4  4  4  4  4  0  0  4  0  4  0  50  0  7  0  7  7  0  0  7  0  0  7  7  7  7  7  7  0  7  7  7  7  7  0  7  7  0  7  0  
0  17  0  0  47  0  4  0  4  4  0  0  0  4  0  4  0  4  4  0  57  0  0  7  7  7  7  0  7  7  0  7  7  0  7  7  7  0  7  7  7  7  7  0  7  0  0  0  7  0  
0  0  0  62  0  4  4  4  4  4  4  0  4  4  0  4  4  4  4  0  57  0  7  7  0  0  0  0  7  7  0  7  7  0  7  0  0  7  7  7  7  7  0  7  7  7  0  7  0  7  
62  62  62  62  62  0  0  0  4  4  0  4  4  4  4  4  0  0  4  0  0  0  0  7  7  7  7  7  7  7  7  7  7  7  0  7  7  7  7  7  7  7  7  0  7  7  7  7  7  7  
0  0  62  62  62  62  62  0  4  4  4  4  4  4  0  4  0  4  4  4  4  0  0  7  7  7  0  7  7  7  0  0  7  0  0  7  7  7  0  0  7  7  7  7  7  7  7  7  0  7  
62  0  62  62  62  0  62  62  0  0  4  0  4  4  0  4  0  4  0  4  0  7  7  7  7  7  0  0  7  0  7  7  7  0  7  7  7  0  78  0  0  0  7  0  7  7  0  7  0  7  
62  62  62  62  0  0  0  0  4  4  4  4  4  0  80  0  81  0  0  0  7  7  7  0  7  0  7  7  0  84  0  0  7  7  0  0  0  0  78  78  0  0  7  7  7  7  0  0  85  0  
62  62  62  62  62  0  86  0  0  0  4  4  0  4  0  0  81  0  0  0  0  7  7  7  7  7  0  7  0  0  88  0  7  7  7  0  89  0  78  0  7  7  7  7  7  7  0  7  0  92  
62  0  0  62  62  62  0  93  93  0  0  4  4  4  0  0  81  0  94  0  81  0  7  0  0  7  7  7  0  0  88  0  0  7  7  7  0  7  0  0  7  7  7  7  7  7  0  7  7  0  
62  62  62  0  0  0  0  93  0  4  4  4  0  4  4  0  81  81  0  81  81  0  0  0  7  7  0  7  7  0  88  0  0  0  0  7  7  7  7  7  0  7  7  0  7  0  100  0  7  0  
62  62  0  62  0  93  93  93  93  0  4  4  4  4  0  0  0  81  81  81  0  0  7  7  0  0  7  7  0  0  0  0  105  105  0  7  7  7  0  7  7  0  7  0  7  7  0  0  7  0  
0  62  62  62  0  0  0  0  93  93  0  4  0  4  0  81  81  81  81  81  0  0  0  7  0  0  7  7  0  105  105  105  105  105  0  7  0  7  7  7  7  7  0  0  0  0  0  0  7  7  
62  62  0  62  62  62  62  62  0  0  0  0  0  4  4  0  0  0  81  0  7  7  7  7  7  7  7  0  105  105  105  105  105  105  0  7  7  0  7  7  7  0  7  7  0  7  7  7  7  0  
0  62  62  62  62  62  62  62  62  0  62  0  4  4  4  4  4  0  81  81  0  0  7  0  0  0  0  115  0  105  0  0  105  0  0  7  7  0  7  7  7  0  0  7  7  7  0  7  7  0  
116  0  0  0  0  62  62  0  62  62  62  62  0  4  0  0  0  4  0  0  0  7  7  7  7  7  0  0  7  0  7  7  0  0  121  0  0  7  7  7  0  7  7  7  0  7  7  7  0  0  
0  124  124  0  62  0  62  62  0  0  0  0  4  4  4  0  4  4  0  0  7  7  7  7  7  7  0  7  7  0  0  7  0  7  0  7  0  7  0  7  0  0  7  7  7  0  7  0  132  132  
133  0  0  62  62  62  62  0  62  0  62  0  0  0  4  4  4  0  0  137  0  0  7  0  7  7  7  7  0  7  7  7  7  7  0  7  7  7  7  7  7  7  7  0  0  7  7  0  0  132  
133  0  140  0  62  62  62  62  62  62  62  0  4  4  4  4  4  0  142  0  7  7  7  0  7  7  0  7  7  7  7  7  0  7  0  7  0  7  7  7  7  7  7  7  7  0  7  7  0  0  
0  144  0  0  62  62  0  0  62  0  0  0  0  4  0  0  4  0  0  0  0  7  7  0  7  7  7  0  7  0  0  0  145  0  146  0  7  7  0  0  7  0  7  7  7  0  0  0  7  7  
144  144  144  0  62  0  0  62  62  62  0  0  151  0  0  0  0  152  0  153  153  0  0  0  0  7  7  0  7  7  7  7  0  0  0  7  0  7  7  0  0  7  7  0  0  0  0  7  7  0  
0  0  0  0  62  0  0  0  62  62  62  0  151  0  157  157  0  0  0  0  153  153  0  7  7  7  7  7  7  7  0  0  7  7  0  7  7  7  7  7  0  7  7  7  0  7  7  7  7  7  
161  0  62  62  62  0  0  0  62  62  0  151  151  151  0  0  164  0  153  153  153  0  166  0  7  7  7  0  0  7  7  7  7  7  7  0  7  0  0  7  7  0  7  0  7  0  0  7  0  7  
0  0  62  62  0  0  0  62  62  62  62  0  151  0  164  164  164  0  153  0  0  170  0  0  7  0  7  0  7  0  7  7  7  7  0  0  7  0  172  0  0  7  7  7  7  7  0  7  7  7  
0  62  62  0  0  62  0  0  62  0  62  0  0  176  0  164  0  153  153  0  0  0  7  7  7  0  7  7  7  7  0  7  7  0  0  0  0  0  172  0  0  7  7  0  0  7  7  0  7  0  
62  0  62  62  62  62  0  62  62  62  62  0  181  0  0  0  153  153  153  153  0  0  7  7  0  7  7  7  7  0  7  7  7  0  0  7  7  7  0  186  186  0  7  0  187  0  0  7  7  0  
62  62  0  62  62  62  0  62  62  62  0  189  0  0  0  0  0  0  0  0  7  7  7  7  0  7  0  0  0  0  0  7  7  7  7  7  7  0  0  0  0  0  0  7  0  7  7  7  0  193  
0  62  62  62  0  0  62  0  62  62  62  0  0  62  62  62  0  62  62  0  7  7  7  7  7  7  7  0  0  7  0  7  7  0  7  7  7  7  0  7  7  0  7  7  0  0  7  7  7  0  
200  0  0  62  0  0  62  62  62  62  62  0  0  62  0  62  0  62  62  62  0  7  0  7  7  0  0  7  7  7  0  7  0  0  7  7  0  7  0  7  7  7  7  7  7  7  7  7  0  7  
200  0  0  62  62  62  62  0  0  62  62  62  62  62  0  62  62  62  0  62  62  0  0  0  7  7  0  7  7  7  7  0  7  7  7  0  7  0  7  7  7  7  0  0  7  7  7  7  7  7  
200  0  206  0  0  62  62  0  0  62  0  0  62  0  62  0  0  0  0  62  62  0  7  7  7  0  7  7  7  7  7  7  7  7  7  7  7  7  7  0  0  7  7  7  0  7  7  0  7  0  
0  62  0  0  0  62  62  62  0  0  0  62  62  62  62  0  62  0  0  0  0  62  0  7  7  7  0  0  0  7  7  7  0  0  0  7  7  7  7  0  7  7  7  7  7  7  0  0  7  7  
0  62  0  0  0  0  0  0  62  0  0  0  62  0  62  0  62  62  62  0  62  62  62  0  7  7  7  0  0  7  7  7  7  7  0  0  0  7  0  217  0  7  0  7  7  7  0  7  0  0  
62  62  62  0  0  62  62  62  62  62  62  62  62  62  62  0  62  0  62  62  62  62  62  62  0  0  7  0  0  0  0  0  7  7  7  7  7  7  0  0  0  0  7  7  7  7  7  7  0  222  
0  62  0  62  62  62  62  0  62  0  62  0  0  62  62  62  62  62  0  62  62  62  62  62  62  62  0  0  0  0  0  0  7  7  0  7  0  7  0  0  7  7  7  7  0  0  0  7  7  0  
62  62  62  62  62  62  0  0  0  62  62  62  62  62  0  0  62  62  0  62  0  62  62  62  0  62  0  0  227  0  7  7  7  7  7  0  0  0  7  0  0  0  0  7  7  7  7  7  7  0  
62  0  0  62  62  62  0  62  62  62  62  62  62  62  62  62  62  62  62  62  62  0  0  62  0  62  62  0  227  0  7  7  7  7  0  0  7  7  7  7  7  0  7  7  7  7  7  7  0  0  
0  0  62  62  62  62  62  62  0  0  0  62  62  62  0  62  62  0  62  62  62  0  62  62  0  62  62  0  0  0  7  7  0  7  7  7  7  0  7  0  7  7  0  7  0  0  7  7  0  0  
235  235  0  0  0  0  62  62  62  0  236  0  62  0  62  0  62  0  62  62  0  62  62  0  62  62  0  0  62  62  0  7  7  0  7  0  7  7  7  7  7  0  241  0  0  242  0  7  7  7  
235  235  235  0  0  0  62  62  62  62  0  0  62  0  62  62  62  0  62  62  62  62  62  0  62  62  62  0  62  0  243  0  7  0  7  7  0  0  7  7  0  241  241  0  0  0  245  0  0  7  
235  0  0  0  0  246  0  62  62  62  62  0  62  62  62  0  0  62  62  62  62  62  62  62  0  0  62  0  62  0  0  7  7  7  7  0  249  0  7  7  0  241  241  241  241  241  0  250  250  0  
0  246  246  246  246  246  246  0  0  62  0  0  62  62  0  0  0  0  0  62  62  62  62  0  62  62  62  62  62  62  62  0  0  0  0  253  0  254  0  7  7  0  241  0  0  241  241  0  250  0  
