2  0  3  0  4  0  0  0  5  0  6  0  0  7  7  0  0  0  8  0  0  0  0  0  9  9  0  0  0  0  10  0  11  11  0  12  0  13  13  0  14  0  0  0  0  15  15  0  16  16  
0  0  0  3  0  0  17  0  0  0  18  0  19  19  0  0  0  0  20  0  0  21  0  0  0  0  0  22  0  0  23  0  0  0  0  24  0  0  13  0  14  14  14  0  0  0  0  15  0  16  
0  0  0  3  0  0  0  18  18  18  18  18  0  19  19  19  0  0  20  0  0  21  21  21  0  0  27  0  28  28  0  0  0  29  29  0  0  0  0  0  14  14  14  14  0  0  0  0  16  16  
31  0  0  0  3  0  0  0  0  0  18  18  18  18  0  19  0  32  0  0  0  0  0  0  21  0  0  0  0  0  28  0  29  29  29  29  29  0  34  0  0  0  14  0  14  14  0  0  14  0  
0  36  36  0  3  0  18  18  18  18  18  0  18  0  0  0  0  32  0  38  0  21  0  0  21  21  0  40  0  41  0  0  29  0  29  0  0  42  0  0  0  0  0  0  0  14  14  14  14  14  
43  0  0  36  0  0  0  0  18  18  0  18  0  0  0  0  44  0  0  0  0  0  21  21  21  21  21  21  0  45  0  0  0  0  0  29  0  42  42  42  0  0  0  0  0  47  0  0  0  0  
0  0  0  0  48  0  0  0  0  0  49  0  0  0  0  44  44  0  51  0  21  21  21  0  0  0  0  0  0  45  0  0  53  0  54  0  42  42  42  0  0  56  0  0  0  0  0  0  57  57  
58  0  0  0  0  48  48  48  0  59  0  49  0  60  0  61  0  0  51  51  0  21  21  0  63  0  64  0  65  65  0  65  65  0  0  54  54  0  42  0  67  0  0  0  0  0  0  0  68  0  
58  0  0  0  48  48  0  48  0  0  0  0  0  0  70  0  0  0  51  51  0  0  21  0  0  0  0  71  0  65  65  65  0  0  72  0  0  0  0  0  67  0  0  0  0  0  73  73  0  0  
0  58  0  0  0  48  0  0  0  74  0  0  0  0  70  70  0  0  76  0  0  0  77  0  78  78  0  71  71  71  0  0  0  0  0  0  80  80  80  0  0  0  0  0  0  81  0  73  0  82  
0  58  0  0  0  0  83  0  0  74  0  0  0  0  0  70  0  0  0  0  0  0  77  0  0  0  84  0  0  0  85  0  0  0  0  0  0  80  0  0  86  0  0  0  0  0  73  73  0  0  
88  0  58  0  0  89  0  83  83  0  74  0  90  0  0  70  70  70  0  77  77  77  77  77  0  84  84  84  0  94  0  0  0  0  95  95  95  0  80  0  0  0  0  0  0  0  0  0  0  96  
88  0  0  0  89  89  0  0  0  0  0  0  90  90  0  0  0  0  0  77  0  0  0  0  0  84  0  0  0  0  0  0  98  98  0  0  95  0  80  0  0  0  99  0  0  0  0  0  0  0  
0  0  0  0  89  89  89  0  0  0  0  101  101  0  0  0  102  0  103  103  0  0  0  0  0  84  84  84  0  0  0  0  105  0  98  0  0  95  0  80  0  0  0  99  0  106  0  0  107  107  
108  0  0  0  0  89  0  0  0  109  0  101  0  110  0  111  0  0  103  0  0  112  0  0  84  84  0  84  0  0  0  0  0  0  98  0  0  0  0  80  0  114  114  0  0  106  106  0  0  0  
0  0  115  0  116  0  0  117  117  0  0  0  0  118  0  0  111  0  119  0  0  112  112  0  121  0  84  0  0  122  122  0  0  123  0  98  98  0  0  124  0  0  0  0  0  0  0  106  0  125  
126  0  115  115  0  117  0  117  117  0  128  0  0  0  111  111  111  111  0  0  112  0  112  112  0  0  0  0  131  0  122  122  0  123  0  98  98  0  0  0  0  0  132  132  132  132  132  0  0  0  
126  126  0  115  0  117  117  117  117  117  117  0  0  135  0  0  0  0  111  0  0  112  112  112  112  0  0  0  131  131  131  0  122  122  0  0  98  0  0  0  0  137  0  0  132  0  0  0  138  0  
0  0  0  0  0  0  0  117  0  0  0  135  135  135  135  0  0  140  0  141  0  0  0  112  0  142  142  142  0  131  0  122  122  122  0  0  0  0  144  0  137  137  137  0  0  146  0  0  138  138  
147  0  147  0  0  0  149  149  0  150  0  0  135  135  135  135  135  135  0  0  141  0  151  0  112  0  142  0  0  0  0  0  0  0  0  152  152  152  152  0  0  0  0  0  153  153  0  0  154  0  
147  147  147  147  0  149  149  149  0  150  0  156  0  0  0  135  0  0  157  157  0  158  0  159  0  0  0  160  0  0  161  0  0  0  0  152  152  0  0  0  0  162  0  0  153  0  0  154  154  154  
147  147  0  0  0  0  0  0  149  149  0  0  156  0  0  0  135  0  0  157  157  0  0  165  0  0  0  166  0  0  0  161  0  0  167  167  0  152  0  168  168  0  0  0  0  153  153  0  0  0  
0  0  169  169  0  170  0  0  0  0  0  0  156  156  0  0  0  0  171  0  0  0  172  0  173  0  0  0  174  174  0  0  0  0  0  0  0  0  175  0  0  176  176  176  0  0  153  0  177  0  
0  0  0  169  0  0  170  170  0  0  0  156  156  156  0  179  0  0  0  171  0  0  0  172  172  0  180  0  0  174  0  0  181  0  0  182  182  0  183  0  0  184  0  0  0  0  153  153  0  0  
186  0  187  0  0  0  170  170  0  0  0  0  0  156  0  179  0  0  171  171  0  0  0  172  0  0  0  189  189  0  0  0  181  181  0  182  0  183  183  183  0  0  191  0  192  0  0  0  193  0  
194  0  195  0  196  0  0  170  170  0  0  0  0  197  0  0  0  198  0  171  0  0  199  0  0  189  0  189  0  189  189  189  0  0  0  0  182  0  0  0  183  0  0  0  0  192  0  202  202  0  
0  0  195  0  196  0  0  170  0  0  0  0  203  0  0  0  204  0  0  171  171  0  199  0  189  189  189  189  189  189  189  0  0  0  182  182  182  182  182  0  183  0  0  0  0  0  0  202  0  0  
0  207  0  0  0  0  208  208  0  0  209  0  0  0  0  210  0  204  204  204  0  0  199  199  0  0  0  189  189  0  0  189  0  212  0  0  0  0  0  0  0  0  213  0  0  0  214  0  202  0  
215  0  0  216  216  0  208  208  0  0  209  209  209  0  0  0  0  204  0  0  217  217  0  0  0  0  0  189  0  218  218  0  0  0  0  219  0  220  0  0  0  0  213  213  213  213  0  202  202  0  
0  0  0  216  216  0  0  0  208  208  0  0  0  209  0  223  0  0  204  204  0  0  217  0  224  224  224  0  189  0  0  0  225  0  0  0  0  226  0  227  0  0  0  213  0  213  213  213  0  0  
0  228  228  0  216  0  0  0  208  208  208  0  0  0  0  223  0  0  204  0  0  0  0  0  224  0  0  0  189  0  0  0  225  0  229  229  229  0  0  227  0  0  0  213  0  0  0  213  0  230  
0  231  0  0  0  0  0  0  0  0  0  208  0  0  232  232  0  0  0  204  0  0  0  0  224  224  0  0  224  0  235  0  236  0  0  229  0  0  227  227  227  0  0  0  0  238  238  238  0  0  
239  0  240  0  241  0  0  242  0  243  243  0  232  232  232  0  245  0  0  204  0  204  0  0  224  224  224  224  224  224  0  236  236  236  0  229  0  248  0  0  0  249  249  249  249  0  0  238  0  250  
0  0  0  0  0  0  0  0  242  0  243  0  0  232  0  232  232  0  251  0  204  204  204  0  0  0  224  0  0  0  224  0  0  236  0  252  0  0  0  0  0  0  249  0  0  249  0  253  0  254  
0  0  255  255  0  0  256  0  0  243  243  0  0  232  232  0  0  0  0  0  204  204  0  258  258  0  0  259  0  260  0  0  236  236  236  0  262  262  262  262  262  262  0  263  0  0  0  253  253  0  
264  0  255  255  255  0  0  0  0  0  243  243  0  266  0  0  0  0  0  0  0  204  0  258  258  0  0  0  0  260  260  260  0  0  0  0  0  0  0  0  0  0  262  0  0  0  0  0  253  0  
0  0  255  0  0  269  269  269  0  270  0  0  0  266  0  271  0  0  0  272  0  204  0  0  258  0  0  273  0  0  0  0  274  274  0  0  275  0  276  0  0  277  0  278  0  279  0  0  0  0  
280  280  0  0  0  269  269  269  269  0  270  0  0  282  0  0  271  271  0  0  0  283  0  258  258  258  258  0  0  0  285  285  285  0  274  0  0  0  0  0  0  286  0  278  278  278  0  0  288  0  
280  280  0  269  269  269  0  269  269  0  0  290  0  0  0  291  0  271  271  271  0  0  0  0  258  0  258  258  0  0  0  285  0  0  0  0  292  292  292  0  0  286  0  0  0  278  0  0  288  288  
0  0  280  280  0  269  269  0  0  0  293  293  0  0  294  294  0  295  0  0  271  271  271  0  0  258  258  0  0  0  0  0  285  0  0  0  0  292  0  292  0  0  0  296  0  0  0  0  297  0  
298  298  0  280  0  0  0  293  293  293  293  293  0  0  294  294  294  0  294  0  0  271  0  0  301  0  0  302  302  0  0  0  285  0  303  303  303  0  0  292  292  0  0  0  0  0  0  0  297  0  
0  0  0  0  0  0  304  0  0  0  293  293  293  293  0  0  294  294  294  294  0  0  271  0  0  301  301  301  0  302  0  302  302  0  306  0  0  0  0  307  0  0  0  0  308  308  308  0  297  297  
310  0  311  0  304  304  304  0  0  0  293  293  0  0  0  294  294  0  0  294  294  0  0  314  314  0  0  0  0  302  302  302  0  0  0  0  0  315  0  0  0  0  316  316  0  0  0  297  297  0  
0  0  0  0  0  304  0  0  0  293  293  293  0  319  319  0  0  294  294  294  0  294  0  0  0  0  320  0  0  0  0  0  302  0  302  302  302  302  0  322  0  323  0  0  0  0  324  0  0  297  
0  325  0  0  0  304  304  0  0  293  293  0  0  0  0  0  0  294  0  294  294  0  0  326  326  0  0  327  0  328  328  0  302  0  0  302  0  302  0  322  0  323  323  323  0  329  0  0  297  297  
331  0  0  0  0  0  0  0  0  332  0  0  0  0  0  0  333  333  0  334  0  0  327  327  0  0  327  327  327  0  328  0  0  302  302  0  0  302  302  0  322  322  0  323  0  0  329  0  338  0  
0  0  0  0  339  0  0  340  0  0  341  0  342  342  0  343  0  333  0  334  0  344  0  327  327  327  327  0  327  327  0  0  0  302  302  302  302  302  0  0  0  0  323  323  323  0  329  0  0  346  
0  0  347  0  339  339  0  0  0  0  349  0  0  0  342  342  0  333  333  0  0  351  0  0  0  0  0  327  0  327  327  0  352  0  0  302  0  0  0  0  0  0  0  323  323  0  353  0  354  0  
355  355  0  0  0  0  356  0  0  349  349  349  0  358  0  342  0  0  0  0  0  351  351  0  327  0  327  327  0  327  327  0  352  352  0  302  0  0  0  0  0  0  361  0  323  0  0  354  354  0  
0  355  355  0  0  0  0  0  363  0  0  349  0  358  358  0  342  342  342  0  0  0  0  0  327  327  327  327  0  327  327  0  0  0  0  0  302  0  0  0  0  0  0  0  323  323  0  0  0  0  
