0  2  0  3  0  4  4  0  5  5  5  5  5  5  5  5  5  5  0  0  0  6  6  0  7  7  7  0  0  0  0  0  8  0  9  9  9  9  0  0  10  10  0  11  11  11  0  12  0  0  
13  2  2  2  0  4  4  0  5  0  5  0  5  5  0  0  5  5  0  0  0  6  6  6  0  0  0  14  14  0  0  0  8  8  8  0  0  0  0  0  0  0  15  11  0  0  0  12  12  0  
2  2  0  0  16  4  4  0  0  0  5  0  5  5  5  0  0  5  0  0  17  0  6  6  0  18  0  14  0  19  19  19  0  8  8  0  20  20  0  0  21  21  0  11  11  0  0  12  12  0  
2  2  0  22  4  0  0  0  23  23  5  5  0  5  5  0  0  5  5  5  0  24  0  6  0  0  25  14  14  0  19  19  19  8  8  8  8  0  26  0  0  21  0  0  11  11  0  12  0  0  
2  0  27  4  4  4  0  0  5  0  5  5  5  5  5  0  28  5  0  5  0  24  24  0  0  0  0  14  0  0  8  0  8  0  8  8  8  8  8  8  8  0  29  0  0  11  11  11  0  30  
0  31  0  4  0  0  32  32  5  0  5  5  0  5  5  5  5  5  0  5  5  5  0  33  33  33  33  14  0  0  8  8  8  8  8  8  0  8  0  8  0  34  29  0  35  0  11  11  11  11  
0  31  31  4  4  0  5  5  5  5  0  5  0  5  5  0  5  5  5  0  5  5  0  14  14  14  0  14  0  0  8  8  8  0  8  8  8  8  8  8  0  0  0  0  35  35  0  11  0  0  
36  0  0  0  4  0  5  5  5  5  5  5  0  5  0  0  5  5  0  37  0  5  0  14  0  14  0  0  38  0  8  0  8  8  8  8  0  0  0  0  39  39  39  0  0  35  0  11  11  11  
36  0  40  40  4  0  0  5  0  5  5  0  0  5  0  41  0  5  0  0  0  5  5  0  0  14  14  0  38  38  8  0  8  0  8  8  8  8  8  0  39  39  39  0  0  0  42  0  0  11  
36  36  4  4  0  0  43  0  44  5  5  5  5  5  0  41  41  0  45  45  0  5  5  0  46  0  14  14  8  0  8  0  8  0  8  8  8  8  8  8  0  0  0  0  47  47  42  42  0  11  
4  4  4  0  48  48  0  0  5  5  0  5  0  0  0  0  41  0  0  45  0  0  5  5  5  5  0  0  0  49  0  50  8  0  8  0  8  8  0  8  8  8  8  8  0  42  42  42  42  11  
4  0  0  51  48  48  48  48  5  5  0  5  5  0  52  52  0  53  0  0  54  0  5  5  0  5  0  0  55  49  0  0  0  0  8  0  8  8  8  8  0  8  8  0  56  0  11  0  11  0  
4  4  4  0  5  0  5  0  5  0  0  0  0  0  0  0  0  53  0  0  54  0  0  0  0  5  5  5  5  5  5  0  57  57  0  0  8  0  8  8  0  8  0  58  56  56  11  11  11  0  
4  0  4  4  4  0  4  4  4  4  4  4  4  4  4  0  0  0  0  0  54  0  59  59  0  0  4  4  4  0  0  60  0  0  61  61  0  62  8  8  8  0  0  11  11  0  11  11  11  0  
4  4  4  4  0  63  0  4  4  0  0  4  4  4  4  4  4  4  4  4  0  64  59  59  59  0  4  0  4  4  4  0  65  65  61  61  61  8  8  8  8  0  0  0  0  0  11  0  11  11  
4  4  0  0  66  0  0  4  4  0  67  4  4  4  0  0  4  4  0  4  4  4  0  4  4  4  4  0  4  0  4  4  0  0  8  8  8  8  8  8  8  8  0  0  0  68  0  0  11  0  
4  4  0  69  66  66  0  4  4  4  4  4  0  4  4  4  4  0  70  4  4  0  0  0  0  4  0  71  4  0  0  0  72  72  0  0  8  0  0  8  0  0  73  73  73  68  68  68  11  0  
4  4  0  0  66  66  66  0  4  0  4  0  0  4  0  4  0  74  4  0  4  0  75  0  76  4  0  4  4  4  0  77  0  72  72  72  8  0  0  8  8  0  11  11  11  11  11  0  0  0  
0  0  0  78  0  66  66  66  0  0  0  79  79  0  80  4  4  4  4  0  0  81  75  75  4  4  4  0  4  0  0  0  0  8  8  8  0  0  82  8  0  83  0  0  11  0  11  11  0  84  
0  0  0  0  85  66  66  66  66  0  86  0  79  79  0  4  4  0  0  0  0  0  4  4  4  4  0  0  4  4  4  4  4  0  8  0  87  0  0  8  0  0  0  0  11  11  11  11  0  84  
88  88  0  89  66  0  0  66  66  66  0  90  79  0  0  4  4  4  4  0  91  91  4  0  4  4  4  4  4  4  0  4  0  0  0  92  0  93  0  8  0  94  94  94  0  11  11  11  11  11  
0  88  0  0  66  66  66  0  66  66  66  66  66  66  66  4  4  4  4  0  0  4  0  0  4  4  4  4  0  0  95  4  4  0  0  0  96  93  93  8  0  94  94  0  0  0  11  0  11  11  
97  88  88  0  0  0  4  4  0  0  4  0  0  0  4  4  4  4  4  0  0  4  4  4  4  4  0  4  4  0  4  4  4  0  0  0  8  0  8  0  98  0  94  94  0  99  0  100  11  11  
0  88  88  88  0  0  4  4  0  101  0  0  102  0  0  0  4  0  4  4  0  4  4  0  4  4  4  0  4  4  4  4  4  0  0  0  8  0  8  8  8  8  0  94  0  99  0  11  0  11  
103  88  88  88  88  88  4  4  4  4  4  4  4  4  4  4  4  0  0  4  4  0  0  0  4  0  0  0  0  4  4  4  0  0  104  104  0  105  8  8  0  8  8  8  8  0  0  11  11  0  
4  4  4  4  4  4  4  4  4  4  4  0  4  0  0  4  0  106  0  4  4  4  0  107  0  108  108  0  109  0  4  4  4  0  0  104  104  0  0  8  0  8  8  0  8  0  0  11  0  0  
0  0  0  0  4  0  4  0  0  4  4  4  4  4  4  0  0  106  0  0  0  0  0  107  107  107  107  107  107  0  4  4  0  110  110  0  104  104  104  8  8  0  0  111  0  112  112  11  0  113  
0  0  114  0  0  115  0  116  0  4  4  0  4  0  0  117  117  0  0  118  118  118  0  107  0  0  0  107  0  0  4  4  4  0  110  0  8  0  8  0  8  8  8  8  8  0  11  0  119  113  
120  120  114  114  114  114  0  0  121  4  4  0  4  0  122  0  117  117  117  117  117  0  123  107  0  124  124  107  107  0  4  4  0  125  0  0  0  0  8  8  0  8  8  8  0  126  11  11  11  11  
0  114  114  0  114  114  114  0  0  0  0  0  4  4  0  127  0  117  117  0  117  0  0  0  0  0  107  0  107  107  0  4  0  0  0  0  128  128  8  8  8  8  0  8  8  8  0  8  0  8  
129  114  0  130  114  114  0  131  131  131  0  132  0  4  4  4  4  4  0  133  4  4  4  4  4  0  0  0  107  0  134  0  135  0  136  136  8  8  8  0  8  8  0  0  0  8  8  8  8  0  
0  0  137  0  114  114  114  114  114  114  114  114  0  4  4  0  4  4  4  4  4  0  4  0  0  0  0  138  107  107  107  0  135  135  8  8  0  8  0  0  8  0  0  139  139  8  0  0  8  8  
140  0  0  141  0  114  114  114  0  114  114  114  114  4  0  0  4  0  4  0  4  0  0  0  142  0  143  0  107  107  107  107  8  0  8  0  144  8  0  145  0  146  0  0  8  8  8  8  8  8  
140  140  140  140  0  4  0  0  147  4  4  0  0  4  0  148  0  149  0  150  4  0  151  0  0  0  143  0  8  0  0  0  8  8  8  0  8  0  152  145  145  145  0  153  0  8  0  8  8  0  
140  0  140  140  0  4  4  4  4  0  4  0  0  0  0  0  0  149  0  4  0  154  151  0  155  155  143  0  8  8  0  0  8  0  0  0  0  0  145  145  0  0  156  153  153  8  0  8  8  8  
0  0  0  0  157  0  4  0  4  4  4  4  0  0  0  0  0  149  0  0  0  151  151  151  143  143  143  143  8  8  0  158  8  0  0  0  159  159  145  145  145  145  8  0  0  0  160  8  0  8  
161  161  161  161  157  0  4  0  4  0  0  4  4  4  4  4  4  0  162  162  162  8  8  8  8  0  8  8  8  0  163  8  8  0  0  164  8  0  0  8  8  0  0  165  0  0  8  0  0  0  
0  0  157  0  157  0  4  4  0  166  166  4  0  0  0  4  0  167  8  0  8  8  8  0  8  8  8  8  0  0  0  0  0  168  168  0  8  8  0  8  8  8  8  8  0  169  8  8  8  0  
170  0  0  171  157  157  0  0  0  4  4  4  4  4  0  4  4  4  4  4  0  0  0  0  4  4  4  0  0  0  172  172  0  168  168  168  0  0  0  4  0  0  0  4  0  4  0  4  0  0  
170  170  0  157  157  0  0  173  173  4  4  0  0  4  4  4  4  0  0  0  174  174  0  0  4  0  4  0  0  175  172  0  176  168  168  0  177  177  177  0  178  178  178  0  179  4  0  0  0  180  
170  170  0  157  157  0  0  4  4  4  4  4  4  0  0  4  4  0  0  181  174  0  182  0  4  0  4  4  0  172  172  172  0  0  168  0  177  177  177  177  0  178  178  0  4  4  0  183  0  0  
0  170  170  0  0  184  0  0  4  4  4  0  0  185  0  4  0  186  186  0  174  0  182  182  0  187  4  4  4  4  4  0  188  0  0  189  0  0  177  177  0  178  178  178  0  0  190  0  0  0  
0  0  0  0  191  184  184  184  0  4  4  0  0  185  0  4  4  4  4  4  4  4  4  4  0  4  4  0  0  4  4  4  0  192  192  0  193  193  0  177  0  0  0  178  178  178  178  0  0  194  
0  195  195  0  0  184  184  184  184  4  4  0  196  0  0  4  4  0  4  4  4  0  0  4  4  4  4  0  197  4  0  4  0  0  192  0  193  193  0  177  177  177  0  178  178  0  178  0  198  194  
0  195  195  0  0  4  4  0  0  0  4  4  4  0  199  4  4  4  4  4  0  0  200  4  0  4  0  0  4  0  201  4  4  4  4  4  0  0  202  177  177  177  0  178  178  178  178  0  194  194  
203  195  195  0  204  0  0  0  205  205  0  4  0  0  0  4  0  4  4  4  0  206  0  4  0  4  4  4  4  0  0  4  4  4  4  4  4  0  177  177  177  0  207  178  178  178  178  178  178  178  
195  195  0  208  0  0  0  209  0  205  0  4  0  210  0  0  211  4  4  0  212  0  0  0  0  4  4  4  4  0  213  4  0  0  4  4  0  214  177  0  177  177  0  0  0  178  0  178  0  178  
195  195  0  208  208  0  215  0  216  205  0  4  4  0  0  0  4  0  4  4  4  0  217  217  217  4  4  4  4  0  4  4  0  218  4  4  0  0  177  0  177  0  0  219  219  178  0  178  0  178  
195  0  220  208  0  221  0  222  0  205  205  4  0  0  223  223  0  224  4  4  0  225  0  0  4  0  4  4  4  0  0  4  4  0  0  0  226  0  0  227  177  177  177  177  0  0  0  0  228  177  
195  195  195  195  0  0  229  0  0  4  4  0  230  0  0  223  0  0  0  0  0  225  225  225  0  0  4  4  0  231  0  4  0  232  0  233  226  0  234  0  177  0  0  177  177  177  0  235  177  0  
