2  0  3  3  0  4  0  0  0  5  5  5  5  5  5  0  6  0  6  6  6  0  0  8  0  0  0  9  0  10  10  0  0  11  11  0  12  12  0  0  0  0  13  0  0  0  14  0  0  0  
0  0  0  0  4  4  4  4  4  0  0  0  0  0  0  0  6  6  0  6  0  6  6  0  6  0  0  9  9  0  10  10  0  0  0  18  0  12  0  0  0  13  13  0  0  0  14  0  20  0  
21  0  22  0  0  0  4  4  0  23  0  0  0  0  24  0  0  6  6  6  0  6  0  6  6  6  0  9  0  10  10  0  0  27  27  0  28  0  29  29  29  0  0  0  30  0  0  20  20  0  
21  0  0  0  0  32  0  0  0  23  0  0  33  33  0  34  34  0  6  6  6  6  6  6  6  0  0  9  0  0  0  0  0  0  0  28  28  0  29  0  0  36  36  0  0  20  0  20  20  0  
21  0  0  0  0  32  0  0  38  0  0  0  33  0  33  0  0  6  6  0  0  0  6  6  6  6  0  9  9  9  0  41  41  0  42  0  28  0  0  43  0  0  36  36  0  20  20  20  0  0  
0  32  0  0  32  32  32  32  0  46  0  33  33  33  33  33  0  0  0  0  0  6  6  6  6  6  6  0  9  9  9  0  41  41  0  49  0  0  43  43  0  0  36  0  0  20  20  0  0  0  
0  32  32  32  32  0  0  0  51  0  33  33  33  0  0  0  6  0  6  6  6  6  0  0  6  0  0  0  0  9  0  55  0  41  0  0  0  56  0  43  43  43  0  0  20  20  20  20  0  0  
0  0  32  0  32  0  0  51  51  0  0  0  33  0  59  0  6  6  6  6  0  6  6  0  6  6  0  0  0  0  0  55  0  41  41  0  0  0  43  43  43  0  61  0  20  20  20  0  0  0  
32  32  32  32  0  51  51  51  0  64  64  0  0  59  59  59  0  0  0  0  0  6  6  6  0  6  6  0  0  0  0  0  0  41  0  66  0  0  0  43  43  43  0  0  20  20  0  0  0  67  
32  0  0  32  0  0  51  51  51  0  0  0  68  0  0  0  69  69  69  0  6  6  6  0  6  6  0  6  0  6  6  6  0  41  41  0  74  74  0  0  0  0  0  0  0  0  0  0  75  0  
32  32  0  32  32  0  0  0  0  0  68  0  68  0  77  0  0  69  69  0  0  6  6  0  0  0  6  6  6  6  6  0  79  0  41  0  0  74  74  74  0  80  0  0  0  81  81  81  0  82  
0  32  0  0  0  32  0  0  0  68  68  68  68  68  0  0  0  0  69  69  0  6  6  6  6  6  6  0  0  0  6  6  0  41  41  0  41  0  0  74  74  0  81  81  81  81  81  0  0  82  
0  32  32  32  32  32  32  0  88  0  68  68  0  0  0  69  69  69  69  0  90  0  0  0  6  0  0  0  91  0  0  6  0  41  41  41  41  41  41  0  0  0  0  0  0  0  81  0  92  0  
32  32  32  0  32  32  0  0  88  0  0  68  68  0  69  69  0  0  69  0  0  0  95  95  0  96  96  96  0  0  0  0  97  0  0  0  41  0  41  0  0  98  0  99  0  0  0  92  92  0  
32  32  0  101  0  0  102  0  88  88  0  0  0  69  69  69  0  0  0  104  104  0  95  95  95  0  0  0  97  97  97  97  97  97  97  97  0  0  0  106  0  98  0  99  99  0  0  0  0  0  
0  0  101  101  0  101  0  109  0  0  110  0  111  0  69  0  112  112  0  104  104  0  0  0  0  0  0  0  0  97  0  97  0  0  97  0  0  0  113  0  0  0  0  99  99  99  0  0  0  0  
0  114  0  101  101  101  101  0  0  110  110  110  0  0  0  0  0  0  116  0  0  0  117  0  97  97  97  97  97  97  97  97  0  0  97  0  0  119  0  120  120  0  0  0  99  99  99  0  121  121  
122  0  0  101  101  101  101  0  123  0  0  0  0  116  0  116  116  116  116  0  0  0  117  0  97  0  97  0  0  0  97  0  126  126  0  0  127  0  0  120  0  0  0  128  0  0  0  121  121  0  
0  130  0  0  0  101  101  0  123  0  0  123  0  116  0  116  0  116  0  0  117  117  117  0  0  97  97  97  97  0  0  0  0  126  0  0  127  127  0  120  0  120  120  0  120  120  120  0  0  0  
0  0  0  0  101  101  0  123  123  123  123  123  0  116  116  116  0  116  0  0  0  0  0  97  97  97  97  97  0  139  139  139  139  0  139  139  0  0  120  120  120  120  0  120  0  120  0  0  0  143  
0  144  144  0  0  101  101  0  0  123  123  123  0  116  116  116  0  0  145  0  116  0  147  0  0  97  97  97  0  0  139  139  139  139  139  139  139  0  120  0  120  120  120  120  120  120  0  0  120  0  
0  144  0  149  0  0  101  101  101  0  0  123  0  116  0  116  116  116  0  116  116  0  0  151  0  0  0  0  0  139  139  0  139  139  139  139  139  0  0  0  0  0  0  120  120  120  120  120  120  0  
0  0  149  149  149  149  0  0  0  0  0  0  116  116  0  116  116  116  116  116  0  0  155  0  0  155  0  0  0  139  0  157  0  139  139  139  139  0  0  158  0  159  0  0  120  120  0  0  120  120  
0  149  149  149  149  149  149  0  116  116  0  116  116  116  116  0  0  0  116  0  0  0  155  155  155  155  155  0  0  0  0  0  0  139  0  0  139  0  0  0  0  0  120  120  120  0  164  164  0  120  
0  149  0  149  149  0  0  116  116  116  116  116  116  0  116  0  116  0  116  116  0  0  155  0  155  0  0  167  167  167  0  168  168  0  169  169  0  0  0  0  120  120  120  120  0  0  164  164  0  0  
171  0  149  149  0  173  173  0  0  0  116  0  0  0  116  116  116  116  0  0  174  0  155  0  0  0  0  0  0  0  175  0  168  168  0  169  0  176  176  0  120  0  120  0  177  0  164  0  0  0  
0  149  149  0  0  173  173  0  0  0  0  0  0  116  116  0  116  116  0  174  174  174  0  181  181  0  181  181  181  0  0  183  0  168  0  0  0  176  0  0  0  0  120  120  0  184  0  0  0  185  
186  0  0  0  0  173  173  0  0  0  0  116  116  116  116  116  0  0  0  0  0  0  181  0  181  0  181  181  181  0  0  0  168  168  0  190  190  0  191  0  192  0  120  120  120  0  193  193  193  0  
0  194  194  194  0  173  173  173  0  195  195  0  116  116  116  0  196  0  0  0  0  0  181  181  181  181  181  0  181  181  0  0  0  0  0  0  0  0  0  192  192  0  120  120  120  0  0  0  0  198  
0  0  0  194  0  0  0  0  0  195  0  0  116  116  0  199  0  0  0  200  0  181  181  181  181  0  0  0  181  0  202  0  0  203  203  203  0  0  0  0  192  192  0  0  0  0  204  204  0  0  
205  0  0  0  206  206  0  207  0  195  0  116  116  0  0  199  0  209  0  0  0  0  0  0  181  181  0  181  0  0  0  211  0  203  0  203  0  212  0  0  192  0  0  0  0  213  0  0  214  0  
0  215  0  0  206  0  0  0  0  195  0  0  116  0  0  0  216  0  0  0  0  217  217  0  181  181  181  181  181  181  0  211  0  0  218  0  212  212  0  220  0  221  0  222  222  0  223  0  0  224  
225  0  226  0  206  206  0  227  0  0  228  228  0  0  229  0  216  0  0  0  0  0  217  217  0  181  181  181  181  0  0  0  230  0  0  0  0  0  0  0  231  0  0  222  222  0  0  0  232  0  
0  233  0  0  206  206  0  0  0  234  0  228  0  0  229  229  0  0  0  0  235  0  217  217  217  0  0  181  0  236  236  0  0  237  0  0  0  238  238  0  0  0  0  0  0  239  0  232  232  0  
241  0  0  0  206  206  0  0  0  0  0  0  242  0  229  229  0  243  243  0  235  0  217  0  217  217  0  0  244  0  0  0  237  237  0  246  246  0  0  247  0  0  0  0  0  0  248  0  232  0  
241  241  241  0  206  206  0  0  0  249  249  0  242  242  0  0  0  0  0  250  0  217  217  0  217  0  252  252  0  0  253  253  0  0  246  246  246  0  0  247  0  0  0  255  255  0  0  256  0  257  
241  0  0  258  0  206  206  206  206  0  249  0  242  242  0  0  217  217  0  0  217  0  217  217  0  252  252  0  0  0  253  0  246  246  246  0  0  247  247  247  0  0  0  0  0  0  247  0  0  257  
0  0  258  258  0  0  0  206  0  249  249  0  0  242  242  242  0  217  217  217  217  217  217  217  217  0  0  267  267  0  0  0  0  0  246  0  247  0  247  247  247  247  0  247  0  247  247  0  0  257  
0  271  0  258  0  206  206  206  0  0  249  249  249  0  0  0  0  0  0  217  0  0  217  0  0  217  217  0  0  0  274  0  247  247  0  0  247  247  247  0  247  247  247  247  247  247  247  247  0  0  
0  271  0  258  258  0  206  206  206  0  0  249  249  0  0  0  0  0  276  0  277  0  217  217  217  217  0  278  0  274  274  0  0  247  247  247  247  247  0  247  247  247  0  0  0  247  247  0  0  281  
0  0  0  258  0  206  206  0  0  283  0  0  249  0  284  0  0  285  0  277  277  0  217  217  217  0  0  0  287  0  0  288  0  247  247  0  247  0  0  0  0  247  247  0  0  247  0  281  281  281  
290  0  291  0  0  0  0  0  0  283  0  0  0  0  284  0  0  0  0  277  0  0  217  217  0  292  0  287  287  287  0  0  0  247  247  247  0  294  0  0  247  247  0  0  0  0  296  0  281  281  
0  0  0  297  0  298  298  0  0  283  283  0  0  0  284  284  0  0  0  277  0  217  217  0  300  0  0  287  287  0  0  301  0  247  247  247  0  294  0  0  247  247  0  302  0  0  296  0  281  281  
298  298  298  0  298  298  298  0  305  0  0  306  0  307  0  0  0  308  308  0  0  0  0  0  0  309  0  0  287  0  247  0  247  247  0  0  312  0  247  247  247  0  314  0  315  0  0  281  281  0  
298  0  298  298  298  0  298  0  305  0  0  306  306  0  317  0  308  308  308  308  0  319  0  0  0  309  0  287  287  0  247  247  247  247  247  247  0  247  247  247  247  247  0  322  0  0  0  281  0  323  
298  0  0  0  298  298  0  305  305  0  306  306  0  326  0  308  308  0  308  0  0  0  0  0  0  309  0  287  287  287  0  0  247  247  0  247  0  247  0  0  0  247  0  322  322  322  0  0  0  0  
0  0  0  298  0  298  298  0  305  0  306  0  0  0  0  0  308  0  0  0  329  0  330  0  0  0  287  0  287  0  0  0  247  0  0  0  247  247  247  0  333  0  334  0  0  0  335  335  335  0  
0  336  0  298  298  298  0  0  305  0  0  0  337  0  0  338  0  0  0  0  0  338  0  340  0  0  287  287  287  0  0  0  247  247  247  0  0  247  247  0  0  0  334  0  341  0  335  335  0  342  
343  0  298  298  298  0  0  345  0  337  337  337  337  337  0  338  338  0  338  338  338  338  0  0  348  0  0  0  287  287  287  0  247  247  247  0  0  247  247  0  0  349  0  341  341  0  335  335  0  0  
343  343  0  298  298  0  0  0  337  337  337  0  337  337  0  338  338  338  338  338  338  0  0  348  348  0  353  0  0  0  287  0  247  247  0  0  0  247  247  0  349  349  349  0  0  0  0  335  335  0  
