0.000000  0.000000  0.000000
0.080000  0.000000  0.004215
0.235000  0.000000  0.013749
0.160000  0.000000  0.008849
0.310000  0.000000  0.025233
0.460000  0.000000  0.102953
0.385000  0.000000  0.048615
0.535000  0.024500  0.335844
0.005000  0.000000  0.001196
0.085000  0.000000  0.004432
0.165000  0.000000  0.007024
0.240000  0.000000  0.013547
0.315000  0.000000  0.023177
0.390000  0.000000  0.050606
0.465000  0.000100  0.147430
0.010000  0.000000  0.001584
0.540000  0.032400  0.402219
0.090000  0.000000  0.004948
0.170000  0.000000  0.008456
0.245000  0.000000  0.012560
0.320000  0.000000  0.024029
0.395000  0.000000  0.055438
0.015000  0.000000  0.001876
0.470000  0.000000  0.147771
0.095000  0.000000  0.004706
0.545000  0.049300  0.431824
0.175000  0.000000  0.008906
0.250000  0.000000  0.014554
0.325000  0.000000  0.026011
0.400000  0.000000  0.048028
0.020000  0.000000  0.001926
0.100000  0.000000  0.005569
0.475000  0.000100  0.135923
0.180000  0.000000  0.008566
0.255000  0.000000  0.014523
0.025000  0.000000  0.002215
0.330000  0.000000  0.027015
0.550000  0.068300  0.432031
0.105000  0.000000  0.005255
0.405000  0.000000  0.055760
0.185000  0.000000  0.009942
0.480000  0.000200  0.181971
0.030000  0.000000  0.002335
0.260000  0.000000  0.016032
0.110000  0.000000  0.005915
0.335000  0.000000  0.033324
0.410000  0.000000  0.058076
0.555000  0.090000  0.453487
0.190000  0.000000  0.010759
0.035000  0.000000  0.002322
0.485000  0.000200  0.155077
0.115000  0.000000  0.005214
0.265000  0.000000  0.018805
0.340000  0.000000  0.031780
0.415000  0.000000  0.063031
0.195000  0.000000  0.009366
0.040000  0.000000  0.002794
0.560000  0.119600  0.473635
0.120000  0.000000  0.005643
0.270000  0.000000  0.016289
0.345000  0.000000  0.030611
0.490000  0.000300  0.171889
0.420000  0.000000  0.067926
0.200000  0.000000  0.009807
0.045000  0.000000  0.002789
0.125000  0.000000  0.006407
0.350000  0.000000  0.031074
0.275000  0.000000  0.015226
0.565000  0.164500  0.467558
0.495000  0.001000  0.218755
0.425000  0.000000  0.067430
0.130000  0.000000  0.005791
0.050000  0.000000  0.003302
0.205000  0.000000  0.010133
0.355000  0.000000  0.039034
0.280000  0.000000  0.019600
0.055000  0.000000  0.003138
0.135000  0.000000  0.006384
0.500000  0.000800  0.210817
0.570000  0.213800  0.511740
0.430000  0.000100  0.084339
0.210000  0.000000  0.011364
0.360000  0.000000  0.036148
0.285000  0.000000  0.020826
0.140000  0.000000  0.006901
0.060000  0.000000  0.003544
0.215000  0.000000  0.009411
0.435000  0.000000  0.082143
0.505000  0.001300  0.235340
0.365000  0.000000  0.040511
0.290000  0.000000  0.018474
0.575000  0.269200  0.517342
0.145000  0.000000  0.008301
0.065000  0.000000  0.003716
0.220000  0.000000  0.013759
0.440000  0.000000  0.088466
0.370000  0.000000  0.043483
0.510000  0.002500  0.237325
0.150000  0.000000  0.006733
0.295000  0.000000  0.019467
0.070000  0.000000  0.003535
0.580000  0.344100  0.527970
0.225000  0.000000  0.013319
0.445000  0.000000  0.081450
0.155000  0.000000  0.008264
0.375000  0.000000  0.048094
0.075000  0.000000  0.003715
0.300000  0.000000  0.020002
0.515000  0.005000  0.262577
0.230000  0.000000  0.012502
0.450000  0.000000  0.148300
0.585000  0.399700  0.551914
0.380000  0.000000  0.046907
0.305000  0.000000  0.023716
0.520000  0.006700  0.288903
0.455000  0.000000  0.113745
0.525000  0.009800  0.276631
0.590000  0.469600  0.558968
0.530000  0.014700  0.344098
0.595000  0.534800  0.569775
0.600000  0.612300  0.570877
0.605000  0.665200  0.587869
0.000000  0.000000  0.000000
0.320000  0.000000  0.025632
0.220000  0.000000  0.011574
0.110000  0.000000  0.005885
0.420000  0.000000  0.067391
0.520000  0.004800  0.268036
0.010000  0.000000  0.001572
0.620000  0.843700  0.627825
0.720000  1.000000  0.743059
0.330000  0.000000  0.027103
0.230000  0.000000  0.011731
0.120000  0.000000  0.005137
0.020000  0.000000  0.002022
0.430000  0.000000  0.070830
0.530000  0.014900  0.331166
0.340000  0.000000  0.032270
0.130000  0.000000  0.006575
0.240000  0.000000  0.013136
0.030000  0.000000  0.002365
0.630000  0.914300  0.642081
0.730000  1.000000  0.757636
0.440000  0.000000  0.099081
0.350000  0.000000  0.032779
0.250000  0.000000  0.012940
0.540000  0.033300  0.378845
0.140000  0.000000  0.005764
0.040000  0.000000  0.002943
0.450000  0.000000  0.104360
0.050000  0.000000  0.003002
0.260000  0.000000  0.018066
0.360000  0.000000  0.035747
0.640000  0.954500  0.649610
0.150000  0.000000  0.006796
0.550000  0.065000  0.422246
0.740000  1.000000  0.765312
0.060000  0.000000  0.003086
0.460000  0.000000  0.108513
0.270000  0.000000  0.017282
0.160000  0.000000  0.007128
0.370000  0.000000  0.042613
0.070000  0.000000  0.003554
0.560000  0.123000  0.475528
0.650000  0.981100  0.667707
0.280000  0.000000  0.018324
0.380000  0.000000  0.043740
0.170000  0.000000  0.008281
0.470000  0.000000  0.130408
0.750000  1.000000  0.776639
0.080000  0.000000  0.004320
0.290000  0.000000  0.018037
0.180000  0.000000  0.009086
0.390000  0.000000  0.041802
0.570000  0.210900  0.496771
0.090000  0.000000  0.004120
0.480000  0.000100  0.154290
0.660000  0.991400  0.675828
0.300000  0.000000  0.020304
0.190000  0.000000  0.009309
0.100000  0.000000  0.004779
0.760000  1.000000  0.784812
0.400000  0.000000  0.060379
0.490000  0.000100  0.180421
0.580000  0.322500  0.557197
0.200000  0.000000  0.010498
0.310000  0.000000  0.026520
0.410000  0.000000  0.069496
0.670000  0.997100  0.689273
0.500000  0.001000  0.201669
0.210000  0.000000  0.011256
0.770000  1.000000  0.803791
0.590000  0.465500  0.555252
0.510000  0.003400  0.247939
0.680000  0.999100  0.700476
0.600000  0.611600  0.585874
0.780000  1.000000  0.805304
0.690000  0.999800  0.716444
0.610000  0.741500  0.607024
0.790000  1.000000  0.819027
0.700000  0.999800  0.723491
0.800000  1.000000  0.826746
0.710000  1.000000  0.730710
0.810000  1.000000  0.836020
0.280000  0.000000  0.016323
0.360000  0.000000  0.034399
0.440000  0.000000  0.084082
0.200000  0.000000  0.010262
0.520000  0.006800  0.294738
0.600000  0.608000  0.580464
0.680000  0.999000  0.700464
0.750000  1.000000  0.775624
0.290000  0.000000  0.018486
0.370000  0.000000  0.040818
0.210000  0.000000  0.010619
0.450000  0.000000  0.099585
0.530000  0.015800  0.368667
0.300000  0.000000  0.020552
0.380000  0.000000  0.041538
0.220000  0.000000  0.010927
0.460000  0.000000  0.113133
0.610000  0.738200  0.608157
0.690000  0.999200  0.714261
0.760000  1.000000  0.787140
0.540000  0.034900  0.360063
0.310000  0.000000  0.024489
0.230000  0.000000  0.013337
0.390000  0.000000  0.048465
0.470000  0.000300  0.140999
0.320000  0.000000  0.029885
0.240000  0.000000  0.012412
0.620000  0.828100  0.619978
0.550000  0.068700  0.415866
0.400000  0.000000  0.057798
0.700000  0.999700  0.727096
0.480000  0.000000  0.168850
0.770000  1.000000  0.797907
0.330000  0.000000  0.027401
0.250000  0.000000  0.014077
0.410000  0.000000  0.083437
0.560000  0.123000  0.468059
0.490000  0.000500  0.191510
0.340000  0.000000  0.031654
0.630000  0.910000  0.635571
0.260000  0.000000  0.015723
0.420000  0.000000  0.067177
0.710000  0.999800  0.738636
0.780000  1.000000  0.805552
0.350000  0.000000  0.035018
0.500000  0.001100  0.189614
0.270000  0.000000  0.018085
0.570000  0.208100  0.513334
0.430000  0.000000  0.076457
0.640000  0.957000  0.648710
0.510000  0.003600  0.252059
0.720000  1.000000  0.743247
0.580000  0.329000  0.529656
0.790000  1.000000  0.821811
0.650000  0.977000  0.663936
0.590000  0.472300  0.565999
0.730000  1.000000  0.755899
0.800000  1.000000  0.826092
0.660000  0.992000  0.678218
0.740000  1.000000  0.769508
0.810000  1.000000  0.837675
0.670000  0.996600  0.684262
0.200000  0.000000  0.010197
0.280000  0.000000  0.018165
0.360000  0.000000  0.038385
0.440000  0.000000  0.090556
0.520000  0.007300  0.309764
0.600000  0.610000  0.587985
0.750000  1.000000  0.777574
0.680000  0.998700  0.701305
0.210000  0.000000  0.010551
0.290000  0.000000  0.018032
0.370000  0.000000  0.038244
0.450000  0.000000  0.099789
0.530000  0.016000  0.343028
0.220000  0.000000  0.012820
0.300000  0.000000  0.023535
0.380000  0.000000  0.051271
0.610000  0.740400  0.599816
0.460000  0.000000  0.114399
0.690000  0.999900  0.712697
0.760000  1.000000  0.787795
0.540000  0.034200  0.373706
0.230000  0.000000  0.013238
0.310000  0.000000  0.022579
0.390000  0.000000  0.046964
0.470000  0.000000  0.128044
0.240000  0.000000  0.017636
0.620000  0.843500  0.633492
0.550000  0.065500  0.425162
0.320000  0.000000  0.023165
0.400000  0.000000  0.058899
0.700000  1.000000  0.723759
0.770000  1.000000  0.798195
0.480000  0.000300  0.216222
0.250000  0.000000  0.014441
0.330000  0.000000  0.030647
0.410000  0.000000  0.069416
0.560000  0.127700  0.469777
0.490000  0.000200  0.174028
0.630000  0.911900  0.638108
0.260000  0.000000  0.015758
0.340000  0.000000  0.032096
0.710000  1.000000  0.733161
0.780000  1.000000  0.807058
0.420000  0.000000  0.067869
0.570000  0.210700  0.489139
0.500000  0.000900  0.230021
0.270000  0.000000  0.017350
0.350000  0.000000  0.033133
0.430000  0.000000  0.070938
0.640000  0.959300  0.653747
0.510000  0.001800  0.234320
0.720000  1.000000  0.749454
0.580000  0.317000  0.537759
0.790000  1.000000  0.817564
0.650000  0.982000  0.674404
0.590000  0.463500  0.555944
0.730000  1.000000  0.755687
0.800000  1.000000  0.829213
0.660000  0.990600  0.677034
0.740000  1.000000  0.771998
0.810000  1.000000  0.837490
0.670000  0.996900  0.684501
