0.550000  0.000000  0.025257
0.566000  0.000100  0.070269
0.574000  0.000300  0.136022
0.558000  0.000000  0.037638
0.582000  0.016600  0.233516
0.590000  0.289900  0.402072
0.597000  0.808400  0.463456
0.604000  0.986700  0.503637
0.551000  0.000000  0.025025
0.567000  0.000000  0.070140
0.575000  0.001000  0.136421
0.559000  0.000000  0.035190
0.583000  0.030000  0.267524
0.591000  0.362900  0.416437
0.598000  0.856100  0.478076
0.605000  0.991600  0.515583
0.552000  0.000000  0.026493
0.568000  0.000000  0.077753
0.576000  0.001000  0.144822
0.560000  0.000000  0.041093
0.584000  0.042400  0.280511
0.592000  0.451100  0.421898
0.553000  0.000000  0.029803
0.569000  0.000000  0.079276
0.577000  0.001400  0.159164
0.599000  0.897600  0.478957
0.561000  0.000000  0.044059
0.606000  0.994600  0.515534
0.585000  0.066700  0.312706
0.554000  0.000000  0.029895
0.570000  0.000100  0.092528
0.578000  0.001500  0.197935
0.593000  0.522400  0.433383
0.562000  0.000000  0.051934
0.600000  0.924200  0.483839
0.586000  0.094900  0.325666
0.607000  0.997200  0.520709
0.555000  0.000000  0.036709
0.571000  0.000000  0.086816
0.579000  0.003900  0.196888
0.563000  0.000000  0.053624
0.594000  0.605700  0.445634
0.556000  0.000000  0.028916
0.601000  0.947300  0.491236
0.572000  0.000100  0.099744
0.587000  0.117900  0.344644
0.580000  0.008000  0.204178
0.608000  0.998300  0.523022
0.564000  0.000000  0.074431
0.557000  0.000000  0.039063
0.573000  0.000100  0.112264
0.595000  0.678200  0.458570
0.581000  0.012600  0.242251
0.602000  0.968000  0.494329
0.588000  0.172500  0.360510
0.565000  0.000000  0.057769
0.609000  0.999300  0.530600
0.596000  0.750000  0.459967
0.589000  0.220700  0.391096
0.603000  0.978700  0.500565
0.610000  0.999100  0.530697
0.200000  0.000000  0.000161
0.280000  0.000000  0.000290
0.360000  0.000000  0.000513
0.440000  0.000000  0.001511
0.520000  0.000000  0.007284
0.600000  0.922400  0.489381
0.210000  0.000000  0.000142
0.290000  0.000000  0.000289
0.680000  1.000000  0.666547
0.750000  1.000000  0.748445
0.370000  0.000000  0.000564
0.450000  0.000000  0.001777
0.530000  0.000000  0.013103
0.220000  0.000000  0.000158
0.300000  0.000000  0.000295
0.380000  0.000000  0.000712
0.460000  0.000000  0.001953
0.540000  0.000000  0.016188
0.610000  0.999600  0.528625
0.230000  0.000000  0.000200
0.310000  0.000000  0.000334
0.690000  1.000000  0.679134
0.390000  0.000000  0.000740
0.760000  1.000000  0.759467
0.240000  0.000000  0.000194
0.470000  0.000000  0.002686
0.550000  0.000000  0.024078
0.320000  0.000000  0.000389
0.400000  0.000000  0.000839
0.250000  0.000000  0.000190
0.620000  1.000000  0.559931
0.480000  0.000000  0.002704
0.330000  0.000000  0.000459
0.560000  0.000000  0.042692
0.700000  1.000000  0.691548
0.260000  0.000000  0.000197
0.770000  1.000000  0.770463
0.410000  0.000000  0.000884
0.490000  0.000000  0.003485
0.340000  0.000000  0.000435
0.570000  0.000000  0.094949
0.270000  0.000000  0.000243
0.630000  1.000000  0.585335
0.420000  0.000000  0.001115
0.350000  0.000000  0.000486
0.500000  0.000000  0.004556
0.710000  1.000000  0.703717
0.580000  0.008100  0.230437
0.430000  0.000000  0.001175
0.780000  1.000000  0.780206
0.510000  0.000000  0.006171
0.640000  1.000000  0.605005
0.590000  0.296100  0.393212
0.720000  1.000000  0.715256
0.790000  1.000000  0.791293
0.650000  1.000000  0.623515
0.730000  1.000000  0.726326
0.800000  1.000000  0.800971
0.660000  1.000000  0.638261
0.740000  1.000000  0.737424
0.810000  1.000000  0.811527
0.670000  1.000000  0.652326
0.592746  0.498400  0.424352
0.602746  0.974000  0.498905
0.000000  0.000000  0.000000
0.200000  0.000000  0.000135
0.400000  0.000000  0.000853
0.500000  0.000000  0.004547
0.100000  0.000000  0.000070
0.600000  0.920400  0.483645
0.300000  0.000000  0.000307
0.700000  1.000000  0.691955
0.800000  1.000000  0.801371
0.900000  1.000000  0.901929
0.000000  0.000000  0.000000
0.100000  0.000000  0.000064
0.200000  0.000000  0.000144
0.300000  0.000000  0.000305
0.400000  0.000000  0.000836
0.500000  0.000000  0.004705
0.600000  0.926100  0.484804
0.592746  0.502700  0.430477
0.692746  1.000000  0.682460
