0.200000  0.000000  0.000825
0.300000  0.000000  0.001670
0.400000  0.000000  0.004455
0.500000  0.000000  0.023616
0.600000  0.769500  0.513535
0.700000  1.000000  0.696717
0.800000  1.000000  0.805109
0.900000  1.000000  0.905024
0.592746  0.510100  0.479039
0.692746  1.000000  0.687877
0.100000  0.000000  0.000376
0.280000  0.000000  0.001367
0.190000  0.000000  0.000656
0.370000  0.000000  0.003674
0.460000  0.000000  0.011001
0.550000  0.000000  0.109425
0.110000  0.000000  0.000369
0.640000  1.000000  0.615709
0.730000  1.000000  0.733082
0.290000  0.000000  0.001487
0.200000  0.000000  0.000811
0.380000  0.000000  0.004132
0.120000  0.000000  0.000381
0.470000  0.000000  0.011840
0.560000  0.001800  0.171245
0.300000  0.000000  0.001691
0.210000  0.000000  0.000766
0.130000  0.000000  0.000446
0.390000  0.000000  0.003695
0.650000  1.000000  0.628675
0.480000  0.000000  0.016009
0.740000  1.000000  0.743116
0.140000  0.000000  0.000461
0.310000  0.000000  0.001965
0.220000  0.000000  0.000891
0.570000  0.015000  0.270146
0.400000  0.000000  0.004443
0.150000  0.000000  0.000556
0.320000  0.000000  0.001825
0.230000  0.000000  0.000978
0.490000  0.000000  0.016929
0.410000  0.000000  0.005312
0.580000  0.107300  0.370377
0.660000  1.000000  0.644388
0.160000  0.000000  0.000561
0.750000  1.000000  0.752636
0.330000  0.000000  0.002180
0.240000  0.000000  0.000982
0.500000  0.000000  0.023543
0.420000  0.000000  0.006131
0.170000  0.000000  0.000578
0.340000  0.000000  0.002569
0.250000  0.000000  0.001023
0.590000  0.394100  0.449659
0.180000  0.000000  0.000724
0.670000  1.000000  0.659534
0.430000  0.000000  0.007223
0.510000  0.000000  0.028251
0.760000  1.000000  0.764143
0.350000  0.000000  0.003290
0.260000  0.000000  0.001270
0.440000  0.000000  0.007086
0.520000  0.000000  0.037926
0.600000  0.775800  0.514503
0.360000  0.000000  0.002828
0.270000  0.000000  0.001506
0.680000  1.000000  0.671622
0.450000  0.000000  0.008036
0.770000  1.000000  0.775197
0.530000  0.000000  0.051862
0.610000  0.953900  0.546292
0.540000  0.000000  0.069827
0.690000  1.000000  0.685015
0.780000  1.000000  0.784672
0.620000  0.997000  0.573080
0.700000  1.000000  0.696706
0.790000  1.000000  0.795080
0.630000  0.999800  0.595078
0.710000  1.000000  0.710173
0.800000  1.000000  0.805124
0.720000  1.000000  0.720867
