0.550000  0.008400  0.246195
0.566000  0.057700  0.376590
0.574000  0.131300  0.443309
0.558000  0.021800  0.319399
0.582000  0.261700  0.490488
0.597000  0.611500  0.527627
0.604000  0.751900  0.555820
0.590000  0.445100  0.506760
0.551000  0.007900  0.271344
0.567000  0.066100  0.388809
0.559000  0.027400  0.322715
0.575000  0.142700  0.414214
0.583000  0.277600  0.486318
0.598000  0.625900  0.536056
0.605000  0.770800  0.549683
0.591000  0.449800  0.523959
0.552000  0.009900  0.267032
0.568000  0.073500  0.397233
0.560000  0.027800  0.341391
0.576000  0.151800  0.438555
0.599000  0.652600  0.534815
0.584000  0.300500  0.482516
0.553000  0.012200  0.264804
0.606000  0.789400  0.563198
0.592000  0.485400  0.511798
0.569000  0.081500  0.386271
0.561000  0.031700  0.321725
0.577000  0.169100  0.451864
0.554000  0.014200  0.302872
0.585000  0.321500  0.488904
0.600000  0.677400  0.537237
0.570000  0.088900  0.380843
0.593000  0.510000  0.528416
0.562000  0.037100  0.336215
0.607000  0.812900  0.559760
0.578000  0.190100  0.447012
0.555000  0.014700  0.309259
0.571000  0.097000  0.427318
0.586000  0.350100  0.494091
0.601000  0.684000  0.546535
0.563000  0.042600  0.360638
0.594000  0.539900  0.525817
0.579000  0.206600  0.476726
0.608000  0.823600  0.566217
0.556000  0.014400  0.298943
0.572000  0.110300  0.411611
0.564000  0.046600  0.361975
0.587000  0.365600  0.498701
0.602000  0.716100  0.547300
0.580000  0.222700  0.449207
0.557000  0.021500  0.302618
0.595000  0.558500  0.516715
0.609000  0.839900  0.565702
0.573000  0.120100  0.421634
0.565000  0.052100  0.385024
0.581000  0.241700  0.458484
0.588000  0.396000  0.489416
0.603000  0.730500  0.553509
0.596000  0.574900  0.524247
0.610000  0.857700  0.568953
0.589000  0.414700  0.500212
0.280000  0.000000  0.005039
0.200000  0.000000  0.002530
0.360000  0.000000  0.010102
0.520000  0.000000  0.135064
0.440000  0.000000  0.028486
0.600000  0.664200  0.541750
0.290000  0.000000  0.006090
0.680000  1.000000  0.683821
0.750000  1.000000  0.761706
0.210000  0.000000  0.002992
0.370000  0.000000  0.012048
0.530000  0.000200  0.168884
0.450000  0.000000  0.026052
0.300000  0.000000  0.006028
0.220000  0.000000  0.003900
0.610000  0.851700  0.568879
0.380000  0.000000  0.012848
0.540000  0.001400  0.207857
0.460000  0.000000  0.039627
0.310000  0.000000  0.007411
0.690000  1.000000  0.696938
0.760000  1.000000  0.770734
0.230000  0.000000  0.003264
0.390000  0.000000  0.014310
0.470000  0.000000  0.038746
0.320000  0.000000  0.007285
0.550000  0.007300  0.274722
0.620000  0.948600  0.598993
0.240000  0.000000  0.003664
0.400000  0.000000  0.015007
0.330000  0.000000  0.008374
0.700000  1.000000  0.705994
0.480000  0.000000  0.049230
0.770000  1.000000  0.784157
0.250000  0.000000  0.004007
0.560000  0.028400  0.333447
0.340000  0.000000  0.008456
0.630000  0.986900  0.614425
0.410000  0.000000  0.019978
0.490000  0.000000  0.057850
0.260000  0.000000  0.004199
0.570000  0.087300  0.399940
0.710000  1.000000  0.717610
0.350000  0.000000  0.010685
0.780000  1.000000  0.793524
0.420000  0.000000  0.018507
0.270000  0.000000  0.004821
0.500000  0.000000  0.071958
0.640000  0.996900  0.625279
0.430000  0.000000  0.022353
0.580000  0.227300  0.448605
0.510000  0.000000  0.096075
0.720000  1.000000  0.730415
0.790000  1.000000  0.803495
0.650000  0.999700  0.643200
0.590000  0.437000  0.500132
0.730000  1.000000  0.738291
0.800000  1.000000  0.812660
0.660000  1.000000  0.655515
0.740000  1.000000  0.751051
0.810000  1.000000  0.821542
0.670000  1.000000  0.668078
0.592746  0.504600  0.519297
0.602746  0.724500  0.544294
0.592746  0.500700  0.507941
0.602746  0.734700  0.544218
0.200000  0.000000  0.002725
0.300000  0.000000  0.006631
0.400000  0.000000  0.014179
0.500000  0.000000  0.087999
0.600000  0.677800  0.540237
0.900000  1.000000  0.912148
0.700000  1.000000  0.708278
0.800000  1.000000  0.813812
0.000000  0.000000  0.000000
0.110000  0.000000  0.001407
0.220000  0.000000  0.003381
0.420000  0.000000  0.022616
0.320000  0.000000  0.006816
0.520000  0.000200  0.115938
0.010000  0.000000  0.000397
0.120000  0.000000  0.001557
0.620000  0.949900  0.589179
0.720000  1.000000  0.730234
0.430000  0.000000  0.025121
0.230000  0.000000  0.003566
0.330000  0.000000  0.007702
0.530000  0.000200  0.148029
0.130000  0.000000  0.001602
0.020000  0.000000  0.000577
0.240000  0.000000  0.003475
0.440000  0.000000  0.024832
0.340000  0.000000  0.008862
0.140000  0.000000  0.001700
0.540000  0.001200  0.188860
0.030000  0.000000  0.000665
0.630000  0.986900  0.606215
0.730000  1.000000  0.739447
0.250000  0.000000  0.004148
0.450000  0.000000  0.029470
0.150000  0.000000  0.001924
0.350000  0.000000  0.010432
0.040000  0.000000  0.000771
0.550000  0.008500  0.242799
0.160000  0.000000  0.002245
0.260000  0.000000  0.004360
0.460000  0.000000  0.037772
0.640000  0.997800  0.622986
0.050000  0.000000  0.000799
0.360000  0.000000  0.010228
0.740000  1.000000  0.751675
0.560000  0.028300  0.339811
0.170000  0.000000  0.002412
0.270000  0.000000  0.004776
0.470000  0.000000  0.046994
0.200000  0.000000  0.002759
0.000000  0.000000  0.000000
0.400000  0.000000  0.015220
0.500000  0.000000  0.075069
0.600000  0.663900  0.540729
0.100000  0.000000  0.001357
0.300000  0.000000  0.005792
0.700000  1.000000  0.706815
0.900000  1.000000  0.912545
0.800000  1.000000  0.816132
0.000000  0.000000  0.000000
0.100000  0.000000  0.001225
0.200000  0.000000  0.002658
0.300000  0.000000  0.007015
0.400000  0.000000  0.016630
0.500000  0.000000  0.071654
0.600000  0.671900  0.539539
0.000000  0.000000  0.000000
0.100000  0.000000  0.001400
0.200000  0.000000  0.002645
0.300000  0.000000  0.005826
0.400000  0.000000  0.015310
0.500000  0.000000  0.078673
0.600000  0.667000  0.540442
0.000000  0.000000  0.000000
0.100000  0.000000  0.001255
0.200000  0.000000  0.003223
0.300000  0.000000  0.005723
0.400000  0.000000  0.017484
0.500000  0.000000  0.074777
0.600000  0.666800  0.536966
0.592746  0.507200  0.502551
0.692746  1.000000  0.695778
