0.200000  0.000000  0.000036
0.300000  0.000000  0.000088
0.400000  0.000000  0.000216
0.500000  0.000000  0.001328
0.600000  0.992200  0.474292
0.700000  1.000000  0.689914
0.800000  1.000000  0.799817
0.900000  1.000000  0.901165
0.592746  0.511000  0.392813
0.692746  1.000000  0.680820
0.000000  0.000000  0.000000
0.200000  0.000000  0.000036
0.592746  0.509400  0.415659
0.100000  0.000000  0.000017
0.200000  0.000000  0.000040
0.300000  0.000000  0.000084
0.400000  0.000000  0.000222
0.500000  0.000000  0.001213
0.150000  0.000000  0.000026
0.250000  0.000000  0.000052
0.350000  0.000000  0.000131
0.600000  0.991500  0.473411
0.450000  0.000000  0.000462
0.550000  0.000000  0.008337
0.700000  1.000000  0.689769
0.800000  1.000000  0.799691
0.650000  1.000000  0.620163
0.750000  1.000000  0.746904
0.530000  0.000000  0.003011
0.540000  0.000000  0.004640
0.550000  0.000000  0.007643
0.560000  0.000000  0.019160
0.570000  0.000000  0.026795
0.580000  0.000100  0.098121
0.590000  0.179500  0.358556
