0.000000  0.000000  0.000000
0.150000  0.000000  0.130993
0.300000  0.000600  0.280647
0.500000  0.164200  0.633288
0.600000  0.555100  0.763091
0.400000  0.021900  0.486032
0.700000  0.912500  0.867677
0.800000  0.995400  0.922732
0.050000  0.000000  0.055271
0.200000  0.000000  0.171320
0.350000  0.005500  0.366099
0.100000  0.000000  0.077495
0.450000  0.067000  0.564504
0.550000  0.340800  0.719359
0.650000  0.766000  0.805602
0.750000  0.974800  0.887863
0.250000  0.000200  0.251502
0.850000  0.999400  0.968812
0.000000  0.000000  0.000000
0.150000  0.000000  0.119816
0.300000  0.001100  0.333428
0.400000  0.021100  0.476836
0.500000  0.164300  0.635049
0.600000  0.545100  0.792168
0.700000  0.907400  0.875032
0.050000  0.000000  0.047504
0.800000  0.995200  0.924361
0.200000  0.000000  0.177205
0.350000  0.004000  0.422651
0.100000  0.000000  0.096964
0.450000  0.064200  0.581345
0.550000  0.341900  0.716971
0.250000  0.000200  0.212969
0.750000  0.975800  0.904753
0.650000  0.772100  0.792549
0.850000  0.999600  0.966017
0.000000  0.000000  0.000000
0.220000  0.000000  0.163259
0.320000  0.001600  0.341921
0.110000  0.000000  0.085557
0.420000  0.032500  0.547567
0.010000  0.000000  0.029935
0.520000  0.233400  0.705299
0.720000  0.940500  0.856520
0.230000  0.000000  0.201105
0.330000  0.002400  0.323606
0.020000  0.000000  0.038934
0.620000  0.649100  0.786040
0.120000  0.000000  0.099342
0.430000  0.041300  0.557127
0.030000  0.000000  0.039937
0.240000  0.000000  0.221720
0.340000  0.004800  0.348655
0.130000  0.000000  0.105104
0.530000  0.261300  0.688638
0.040000  0.000000  0.048928
0.730000  0.954700  0.871060
0.250000  0.000100  0.212295
0.630000  0.692500  0.799413
0.440000  0.051800  0.592413
0.350000  0.004300  0.333265
0.050000  0.000000  0.058171
0.140000  0.000000  0.113180
0.540000  0.303900  0.706502
0.260000  0.000200  0.207126
0.740000  0.966800  0.877534
0.060000  0.000000  0.066219
0.360000  0.009000  0.400958
0.450000  0.066300  0.541913
0.150000  0.000000  0.127967
0.640000  0.741300  0.798196
0.270000  0.000300  0.251284
0.070000  0.000000  0.064626
0.370000  0.007200  0.393435
0.550000  0.335000  0.693056
0.080000  0.000000  0.069803
0.160000  0.000000  0.127467
0.280000  0.000100  0.251306
0.750000  0.975100  0.887190
0.460000  0.080400  0.563949
0.650000  0.761900  0.806980
0.170000  0.000000  0.147052
0.090000  0.000000  0.071385
0.380000  0.012900  0.447474
0.290000  0.000700  0.289581
0.560000  0.376500  0.709616
0.760000  0.980800  0.913390
0.470000  0.102900  0.580489
0.100000  0.000000  0.094390
0.660000  0.798000  0.806821
0.180000  0.000000  0.129962
0.300000  0.000600  0.324281
0.390000  0.015200  0.431146
0.480000  0.119000  0.635385
0.310000  0.000700  0.256684
0.570000  0.418600  0.752627
0.190000  0.000000  0.208331
0.400000  0.019600  0.471634
0.770000  0.985100  0.918737
0.670000  0.834600  0.839043
0.200000  0.000000  0.177961
0.410000  0.027800  0.497390
0.490000  0.139800  0.615805
0.580000  0.462800  0.741540
0.680000  0.862200  0.828644
0.780000  0.991300  0.918610
0.210000  0.000000  0.168849
0.500000  0.169900  0.661978
0.590000  0.515500  0.769841
0.690000  0.888200  0.839364
0.790000  0.994800  0.916574
0.510000  0.197800  0.669533
0.600000  0.555100  0.756628
0.700000  0.902900  0.865279
0.800000  0.994300  0.929287
0.610000  0.605300  0.755397
0.710000  0.919100  0.874344
0.810000  0.996900  0.939292
0.000000  0.000000  0.000000
0.220000  0.000000  0.183620
0.110000  0.000000  0.101568
0.320000  0.001600  0.336975
0.420000  0.035900  0.518600
0.520000  0.231200  0.666432
0.620000  0.644600  0.776058
0.010000  0.000000  0.028872
0.230000  0.000000  0.229667
0.120000  0.000000  0.094121
0.720000  0.942200  0.858539
0.330000  0.002800  0.322543
0.020000  0.000000  0.038427
0.130000  0.000000  0.096173
0.240000  0.000000  0.186499
0.430000  0.043000  0.608745
0.530000  0.270900  0.684430
0.630000  0.692000  0.782506
0.030000  0.000000  0.041394
0.340000  0.004600  0.368196
0.730000  0.955300  0.880096
0.250000  0.000000  0.277115
0.140000  0.000000  0.116702
0.040000  0.000000  0.052909
0.350000  0.004100  0.343531
0.440000  0.058500  0.563780
0.260000  0.000200  0.273696
0.540000  0.301400  0.705347
0.640000  0.729600  0.819893
0.050000  0.000000  0.061043
0.740000  0.966100  0.889369
0.150000  0.000000  0.108243
0.360000  0.006900  0.376938
0.270000  0.000300  0.266626
0.060000  0.000000  0.058744
0.450000  0.067400  0.579165
0.550000  0.340200  0.690494
0.160000  0.000000  0.126367
0.070000  0.000000  0.057996
0.650000  0.767400  0.842384
0.280000  0.000100  0.288369
0.370000  0.009300  0.390656
0.750000  0.976900  0.902599
0.460000  0.083300  0.554071
0.170000  0.000000  0.130867
0.080000  0.000000  0.065292
0.290000  0.000500  0.294165
0.380000  0.012700  0.419052
0.560000  0.379900  0.708223
0.660000  0.800200  0.817011
0.470000  0.097200  0.595342
0.090000  0.000000  0.068706
0.760000  0.980900  0.903879
0.180000  0.000000  0.138592
0.300000  0.001200  0.290931
0.390000  0.015900  0.444326
0.100000  0.000000  0.076893
0.190000  0.000000  0.151059
0.570000  0.427500  0.743480
0.480000  0.119100  0.581085
0.670000  0.832500  0.828305
0.310000  0.001900  0.358973
0.400000  0.017400  0.456016
0.770000  0.984900  0.914047
0.200000  0.000000  0.155676
0.490000  0.143000  0.651592
0.580000  0.470200  0.730315
0.410000  0.026300  0.478335
0.680000  0.862400  0.827869
0.210000  0.000000  0.165369
0.780000  0.989400  0.920523
0.500000  0.165400  0.646484
0.590000  0.516200  0.757388
0.690000  0.886200  0.858108
0.510000  0.194000  0.656317
0.600000  0.562700  0.772448
0.790000  0.995100  0.928924
0.700000  0.910500  0.872857
0.610000  0.605500  0.784033
0.800000  0.995800  0.926746
0.710000  0.925400  0.856806
0.810000  0.997700  0.934642
0.000000  0.000000  0.000000
0.104000  0.000000  0.097336
0.208000  0.000000  0.200983
0.312000  0.001200  0.286853
0.416000  0.033200  0.487694
0.520000  0.229200  0.680924
0.624000  0.664100  0.776404
0.008000  0.000000  0.029661
0.216000  0.000000  0.160672
0.720000  0.936500  0.860771
0.112000  0.000000  0.078838
0.320000  0.001800  0.301232
0.424000  0.035200  0.559327
0.016000  0.000000  0.039327
0.120000  0.000000  0.100707
0.224000  0.000000  0.181833
0.328000  0.002300  0.377442
0.528000  0.252400  0.664887
0.632000  0.699200  0.804900
0.432000  0.046000  0.503480
0.024000  0.000000  0.039947
0.728000  0.951400  0.870421
0.128000  0.000000  0.107091
0.232000  0.000000  0.196740
0.336000  0.002400  0.352784
0.032000  0.000000  0.039795
0.440000  0.054200  0.570634
0.536000  0.284900  0.693098
0.640000  0.729500  0.821192
0.136000  0.000000  0.123151
0.240000  0.000000  0.184663
0.736000  0.960500  0.889505
0.344000  0.004200  0.402109
0.040000  0.000000  0.048625
0.448000  0.069200  0.554726
0.544000  0.315800  0.713718
0.144000  0.000000  0.118149
0.648000  0.762400  0.824021
0.248000  0.000100  0.213302
0.352000  0.006800  0.377669
0.048000  0.000000  0.049620
0.744000  0.968900  0.887583
0.152000  0.000000  0.108446
0.456000  0.070900  0.585332
0.056000  0.000000  0.057003
0.256000  0.000100  0.213580
0.552000  0.354800  0.698426
0.360000  0.006800  0.397320
0.656000  0.792400  0.804961
0.064000  0.000000  0.066397
0.160000  0.000000  0.139302
0.264000  0.000200  0.224003
0.464000  0.087200  0.612781
0.368000  0.009300  0.433926
0.752000  0.977300  0.902629
0.560000  0.383100  0.707777
0.072000  0.000000  0.064549
0.664000  0.809400  0.807573
0.168000  0.000000  0.143101
0.376000  0.009500  0.398183
0.272000  0.000200  0.267651
0.472000  0.105200  0.614888
0.760000  0.979400  0.900678
0.080000  0.000000  0.069749
0.176000  0.000000  0.128807
0.280000  0.000300  0.229882
0.384000  0.012600  0.415095
0.568000  0.425400  0.709773
0.480000  0.123800  0.629926
0.672000  0.843800  0.847052
0.768000  0.986200  0.908530
0.088000  0.000000  0.077018
0.288000  0.000500  0.292228
0.184000  0.000000  0.143495
0.392000  0.017500  0.465606
0.488000  0.140800  0.668536
0.096000  0.000000  0.085495
0.576000  0.458600  0.744351
0.680000  0.859200  0.836399
0.296000  0.001100  0.299007
0.192000  0.000000  0.178707
0.400000  0.020000  0.429893
0.776000  0.989400  0.919554
0.496000  0.161900  0.624020
0.584000  0.490200  0.765073
0.304000  0.000900  0.332435
0.200000  0.000000  0.147354
0.408000  0.023400  0.469191
0.688000  0.877900  0.835697
0.504000  0.178900  0.640861
0.784000  0.991600  0.931097
0.592000  0.526200  0.750783
0.512000  0.209000  0.644790
0.696000  0.896300  0.864284
0.600000  0.555800  0.739416
0.792000  0.993700  0.929609
0.704000  0.918000  0.863505
0.608000  0.599000  0.762900
0.800000  0.995800  0.921944
0.712000  0.932800  0.856552
0.616000  0.633200  0.782374
0.808000  0.997300  0.942302
0.000000  0.000000  0.000000
0.200000  0.000000  0.198140
0.500000  0.167100  0.631733
0.400000  0.020900  0.529994
0.600000  0.553200  0.761898
0.800000  0.997100  0.932576
0.100000  0.000000  0.082841
0.900000  0.999900  0.988335
0.700000  0.912400  0.840284
0.300000  0.001100  0.296197
