2  0  0  3  0  2  2  0  2  0  0  2  2  2  2  2  0  2  2  2  2  2  0  2  2  2  2  2  2  0  2  2  2  2  2  2  2  2  0  2  2  2  2  2  2  2  2  2  0  2  0  0  2  2  2  0  2  2  2  2  0  14  0  15  15  0  2  2  2  2  2  0  2  0  2  2  2  2  2  0  
2  2  2  0  3  0  0  2  2  2  2  2  2  2  0  2  2  2  2  2  2  2  2  2  0  2  0  2  0  2  2  0  0  2  2  2  2  2  0  2  2  2  0  2  0  2  2  2  2  2  2  2  2  2  2  2  2  2  0  2  0  14  14  0  0  0  0  2  2  2  0  2  2  2  2  2  2  2  2  0  
2  2  2  2  0  2  2  2  2  0  2  2  0  2  2  2  2  2  2  2  2  0  0  2  2  2  2  0  2  2  0  2  0  2  0  2  2  2  0  2  2  2  2  2  2  2  0  0  2  2  2  2  2  0  2  2  0  2  2  2  2  0  0  0  2  2  2  2  2  2  2  2  2  2  2  2  2  2  0  26  
2  2  2  2  2  2  2  2  2  0  2  0  0  2  2  2  2  2  2  0  2  2  2  2  2  0  0  2  2  2  2  2  2  0  2  2  2  2  0  2  2  2  2  2  2  2  2  2  2  2  2  2  0  2  0  2  0  0  2  0  2  0  2  2  2  2  2  2  2  2  2  2  2  0  2  2  2  2  2  2  
2  2  2  2  2  2  2  2  2  0  2  2  2  0  2  2  2  2  2  0  2  2  0  2  2  2  2  2  2  2  2  2  2  0  2  0  2  2  2  2  0  2  0  2  2  2  2  2  2  2  2  2  2  2  2  2  2  2  2  2  2  2  2  2  0  2  2  2  2  2  2  2  2  2  2  2  2  2  0  2  
2  0  2  2  2  2  2  2  2  2  2  2  2  2  2  2  2  0  2  2  2  2  0  2  2  2  2  2  2  2  2  2  2  0  0  2  2  2  2  2  2  2  2  2  2  0  2  2  2  2  2  0  2  2  2  2  2  2  2  2  2  2  2  2  2  2  2  0  2  2  2  0  2  2  2  0  2  2  2  2  
2  2  2  2  2  2  2  0  2  2  0  2  0  0  2  2  2  2  2  2  2  2  0  2  2  0  2  0  0  2  2  2  2  2  2  2  2  2  2  2  0  2  2  2  0  2  2  2  2  2  0  2  2  2  0  2  2  2  2  2  2  2  2  2  2  2  2  2  2  2  2  2  2  2  2  2  2  2  2  2  
0  2  2  2  2  2  2  0  2  2  2  0  0  0  37  0  0  2  2  2  0  2  0  2  2  2  2  2  2  0  2  0  2  2  0  2  2  2  2  0  2  0  0  2  2  2  2  0  2  2  0  2  2  2  0  2  2  2  2  2  2  0  0  0  0  2  2  2  2  2  0  2  2  0  2  2  0  0  2  0  
2  2  0  2  0  0  2  2  2  2  2  0  2  0  0  2  2  2  2  2  2  2  2  0  2  2  2  2  2  0  2  0  0  2  0  2  2  2  0  2  0  2  2  2  2  0  2  0  2  2  2  2  2  0  2  2  2  0  2  2  0  2  2  2  2  2  2  2  2  2  2  2  2  2  2  0  0  0  2  0  
2  2  2  2  2  0  2  0  2  0  2  2  2  2  2  2  0  2  2  2  0  2  2  2  2  2  2  2  2  2  0  2  0  2  2  2  2  2  0  0  2  2  2  0  2  2  0  2  2  2  0  2  2  2  2  2  0  2  2  2  2  2  2  2  2  2  2  2  2  2  2  2  2  2  2  2  2  2  0  2  
2  2  2  2  0  2  2  0  2  0  2  0  0  2  0  0  2  2  2  2  0  2  0  0  0  0  2  0  0  2  2  0  2  0  2  2  2  2  2  2  2  0  2  2  2  0  2  2  2  2  0  2  2  0  2  2  2  2  2  2  2  2  2  2  2  2  2  2  2  0  2  2  2  2  2  2  2  2  2  2  
2  2  0  2  2  2  2  2  2  0  2  2  2  2  2  2  2  2  0  2  0  2  2  2  2  0  0  2  2  2  2  2  2  2  2  0  2  2  2  2  2  2  2  2  2  2  2  2  2  2  2  2  2  2  2  2  2  2  2  2  2  2  2  2  2  2  2  2  2  2  0  2  2  0  2  0  0  2  2  0  
0  2  0  2  2  2  2  2  0  2  2  2  2  2  2  2  2  2  2  2  0  2  2  2  2  0  2  2  2  2  2  2  2  2  2  2  2  0  2  2  0  2  2  2  0  2  0  2  2  2  2  2  2  2  2  2  2  2  2  2  0  2  2  2  2  0  0  2  2  2  0  2  2  2  2  2  2  2  2  2  
2  0  2  2  2  2  2  2  2  2  2  2  2  2  2  2  2  2  2  2  0  0  2  2  2  2  2  2  0  2  2  2  2  2  2  2  2  2  2  2  0  2  2  2  2  2  2  2  2  2  0  0  2  0  2  2  2  2  2  0  2  2  2  2  0  2  2  2  2  2  2  0  2  2  0  2  2  2  0  2  
2  2  2  2  2  2  2  0  2  2  2  2  2  2  2  0  2  2  2  2  0  2  2  0  2  2  2  2  2  2  2  2  0  0  0  2  2  2  0  0  2  2  2  2  2  2  2  2  2  0  2  2  2  2  2  2  2  0  0  2  0  0  2  2  2  2  2  0  2  0  2  2  2  0  2  2  2  2  0  2  
2  2  2  2  2  2  2  0  2  2  0  2  2  2  2  2  2  2  2  0  2  0  2  2  2  0  0  2  2  0  2  2  2  2  2  2  2  2  2  2  0  2  2  2  2  2  0  2  2  2  0  2  0  2  2  2  0  0  2  2  2  2  2  2  2  2  2  2  2  0  2  2  2  0  2  2  0  2  2  2  
2  2  2  2  2  2  0  2  2  2  2  2  2  2  2  2  2  2  2  2  0  2  2  0  2  2  2  2  2  2  2  0  0  2  0  2  2  2  2  2  2  2  2  2  0  2  0  2  2  2  2  2  2  2  2  2  2  2  2  2  2  2  2  2  2  2  2  2  2  2  2  0  2  0  2  2  2  2  0  2  
2  2  0  2  2  2  2  2  2  2  0  0  2  2  2  2  2  2  2  2  2  2  2  2  2  2  2  2  2  0  2  2  2  0  2  2  2  2  0  2  0  0  2  2  2  2  2  2  2  2  2  2  0  2  2  2  2  2  2  2  2  2  2  2  2  2  2  2  2  2  2  2  0  2  0  2  2  2  2  2  
2  2  0  2  2  2  2  2  2  2  0  2  2  0  2  0  2  0  2  2  2  2  2  2  2  2  2  2  2  2  2  0  2  0  2  2  2  0  2  0  2  2  2  2  0  2  0  2  2  2  2  2  0  2  2  0  2  2  0  2  2  2  0  2  0  0  0  2  2  2  2  0  0  2  2  2  2  2  2  2  
2  0  2  2  2  2  0  0  0  2  0  0  2  0  2  2  2  2  2  0  2  2  2  2  2  2  2  2  0  2  2  2  2  2  2  2  2  0  2  2  2  2  2  2  2  2  2  2  2  2  0  2  2  2  0  2  2  0  2  2  2  2  2  2  2  2  2  2  0  0  2  2  2  2  0  2  2  2  2  2  
2  2  2  0  2  2  2  2  0  0  0  2  2  0  2  2  2  2  2  2  2  2  2  2  2  2  2  0  2  2  2  2  2  2  2  2  2  2  0  2  2  2  2  2  2  2  2  2  2  0  2  0  2  2  2  2  2  2  0  2  2  0  2  2  2  2  0  2  2  2  2  2  2  2  2  2  0  2  2  0  
2  2  2  2  0  2  2  2  2  2  2  2  2  2  2  2  2  0  2  2  2  0  2  0  0  0  2  2  0  2  2  2  2  2  2  2  0  2  2  2  2  2  2  2  2  2  2  0  2  2  2  2  0  2  2  0  2  2  2  2  2  2  2  2  0  2  2  2  2  2  2  0  2  0  2  2  0  2  2  2  
2  2  0  2  0  2  2  2  2  2  2  2  2  2  2  2  2  2  2  2  2  0  2  2  2  2  0  2  2  2  2  2  0  2  2  2  2  2  2  2  0  2  2  2  0  2  0  2  0  2  0  2  2  2  2  0  2  2  0  0  2  0  2  2  2  2  2  2  2  2  2  2  2  0  2  2  2  2  2  2  
2  2  2  2  2  2  2  2  2  0  2  0  2  0  2  2  2  2  0  2  2  2  0  2  2  2  2  2  2  0  2  2  0  88  0  2  2  2  0  2  2  0  2  2  0  89  0  2  2  0  2  2  2  2  2  2  2  0  2  0  2  2  0  2  2  2  0  2  2  2  2  2  2  2  2  2  2  2  2  2  
0  2  2  2  2  2  2  0  0  2  2  0  2  2  0  2  2  2  2  2  2  2  0  0  2  0  2  2  2  2  2  2  0  88  0  2  2  2  2  2  2  2  2  2  2  0  0  2  2  0  0  2  2  2  2  2  2  2  0  2  2  2  0  2  2  2  2  2  2  2  0  2  2  2  2  2  2  2  2  2  
2  2  2  2  2  2  2  2  2  0  2  2  0  2  2  2  2  2  0  0  2  2  2  2  2  0  2  2  0  2  2  2  2  2  0  0  0  2  2  0  2  2  2  2  2  2  2  2  2  2  2  2  2  2  2  2  2  0  2  0  2  2  0  2  0  2  2  2  2  2  2  2  2  2  2  2  2  2  0  2  
2  2  2  2  2  2  2  2  2  2  2  2  2  2  2  2  2  2  2  2  0  2  0  2  2  2  0  2  2  0  2  0  2  2  2  2  2  2  2  2  2  0  2  2  2  2  2  0  2  2  2  2  0  0  2  2  2  2  2  2  2  2  2  2  2  0  2  2  0  0  2  2  2  0  0  0  2  2  2  2  
2  2  2  0  2  2  0  2  2  2  2  2  2  0  2  2  2  2  2  2  2  0  2  2  2  2  2  2  2  0  2  2  2  2  2  0  2  2  0  2  2  2  0  2  2  2  2  0  2  0  0  2  2  2  2  2  2  2  2  2  0  2  2  2  2  2  2  2  2  2  2  2  0  2  2  2  2  0  2  2  
0  2  2  2  2  2  2  2  2  0  2  2  2  2  2  2  0  0  0  0  2  2  2  0  2  0  0  2  2  2  2  2  2  2  2  2  2  2  2  2  2  2  2  2  2  2  2  2  2  2  2  2  0  0  2  0  2  2  0  2  2  2  0  2  2  2  2  0  0  2  2  0  2  2  2  2  0  2  2  2  
0  0  2  2  0  2  0  2  2  0  0  2  2  2  2  2  2  2  2  0  2  0  2  0  2  0  2  2  2  2  2  2  2  2  2  2  0  2  0  2  0  2  2  2  2  2  2  0  2  2  0  2  0  2  2  2  2  2  0  2  0  2  2  0  0  2  2  2  0  2  2  2  2  2  2  2  0  2  2  2  
2  2  2  2  2  0  0  0  2  2  2  2  2  2  2  2  2  2  0  0  2  2  2  2  2  2  2  2  2  2  2  2  2  2  2  2  2  2  0  0  0  2  0  2  0  2  2  2  0  2  2  2  2  2  2  0  2  2  2  2  0  2  2  2  2  2  0  2  2  2  2  2  2  2  2  2  0  0  2  2  
2  2  0  0  2  2  2  2  2  2  2  2  2  0  2  2  2  2  2  2  2  2  0  2  2  2  2  2  2  2  0  2  2  2  2  0  0  2  0  2  2  2  2  0  2  2  0  2  2  2  2  2  0  2  0  2  2  2  2  2  2  0  2  2  0  2  2  2  2  2  0  2  2  2  2  2  2  2  2  0  
2  2  0  2  0  2  2  0  0  2  0  2  2  2  0  0  2  2  2  0  2  2  2  2  0  2  2  2  2  0  2  2  2  0  2  2  2  2  2  2  2  2  2  2  2  2  2  2  2  0  2  2  2  2  2  2  2  2  2  0  0  0  2  2  2  2  2  2  0  2  2  2  2  2  2  2  2  2  2  2  
0  2  2  2  2  2  0  2  2  2  2  2  2  2  2  2  2  0  0  0  2  2  2  2  0  2  2  2  2  2  2  2  2  2  2  2  2  2  2  2  2  2  2  0  2  0  2  2  2  2  2  2  2  2  2  2  2  2  2  0  2  0  2  0  2  0  2  0  0  118  0  2  2  2  2  0  2  2  2  2  
0  2  2  0  2  0  0  0  2  2  2  2  0  2  0  0  0  2  0  0  2  0  2  0  2  2  0  2  0  2  2  0  2  0  2  0  2  2  2  0  2  2  2  0  2  2  0  2  2  2  2  2  2  2  0  0  2  2  2  0  2  2  2  2  2  0  2  2  2  0  0  0  2  2  2  0  0  2  0  2  
2  2  2  2  0  2  0  2  2  0  2  0  2  2  2  0  0  2  2  0  2  2  2  2  2  2  2  2  2  2  2  2  2  2  2  2  2  2  2  2  2  2  2  2  2  2  2  2  2  2  2  2  0  0  2  2  2  2  0  2  2  2  0  2  2  2  2  0  2  2  2  2  0  2  2  2  2  0  0  125  
2  2  2  2  0  0  2  2  2  2  0  0  2  2  2  2  2  2  2  2  0  2  0  2  2  2  2  2  2  2  2  2  0  2  2  2  2  2  2  2  0  2  2  2  2  2  2  2  0  2  2  2  2  2  2  0  0  2  2  2  2  2  2  2  2  2  2  0  0  2  2  0  2  2  0  2  2  2  0  0  
2  2  2  2  2  2  2  2  0  2  2  2  2  2  2  0  0  2  2  0  2  2  0  2  2  2  2  0  2  2  2  2  2  2  0  2  2  2  2  2  2  0  2  2  0  2  2  2  2  2  2  2  2  2  2  2  2  2  2  2  2  2  2  2  2  2  2  0  2  2  2  2  2  2  2  2  2  2  2  2  
2  2  2  0  2  2  2  2  2  2  2  2  2  2  0  2  2  2  2  2  2  2  2  2  2  2  0  0  2  2  2  0  2  2  2  0  2  2  2  2  2  0  2  0  2  2  2  2  2  2  2  2  2  2  2  2  2  2  2  2  2  2  2  0  2  2  2  2  2  2  0  2  2  2  2  2  2  2  2  2  
2  2  2  2  0  2  2  0  2  2  2  2  2  2  2  2  2  2  0  2  2  2  2  2  2  2  2  2  0  2  2  2  2  0  2  2  2  2  0  2  2  2  2  0  2  2  2  2  2  2  2  2  2  2  2  2  2  2  2  2  2  2  2  2  0  2  0  0  2  2  0  2  2  2  2  2  2  2  2  2  
2  2  2  2  0  0  0  136  0  2  0  2  0  2  0  2  0  2  2  2  2  2  0  2  2  2  2  2  2  2  2  2  0  2  2  2  2  2  2  2  0  0  2  2  2  2  2  2  2  2  2  2  2  2  0  2  2  2  2  0  2  2  0  2  2  2  2  0  2  2  0  2  2  2  2  2  2  2  2  2  
2  2  2  2  2  2  2  2  0  0  2  2  2  2  2  0  2  2  2  0  2  2  0  2  0  2  2  2  0  0  2  0  2  2  2  0  0  0  2  2  2  0  0  2  2  2  2  0  2  0  2  2  0  2  2  2  2  2  2  2  2  2  0  2  2  2  2  2  2  2  2  2  0  2  2  2  2  0  2  2  
2  2  2  2  0  2  2  2  0  2  2  2  2  2  2  2  2  0  2  2  2  0  2  2  2  2  2  2  0  2  0  2  2  2  2  0  2  2  2  2  2  2  2  0  0  2  0  2  2  2  2  2  2  2  0  2  2  2  0  2  2  2  2  2  2  2  2  2  2  2  2  2  2  0  2  2  2  2  2  2  
2  2  2  0  0  2  2  2  2  2  2  2  2  2  2  2  2  2  2  2  2  2  2  0  2  2  2  2  2  2  2  2  2  2  2  2  2  0  2  2  2  2  0  2  2  2  2  0  0  2  2  0  2  2  2  2  2  2  2  2  2  0  2  2  2  2  2  2  0  2  2  2  0  2  0  2  2  2  2  2  
0  2  2  2  2  2  2  2  2  2  0  2  2  2  0  2  2  2  0  2  2  2  0  2  2  2  2  2  2  2  2  2  2  2  2  0  2  2  2  2  0  2  2  2  2  2  2  2  2  2  2  2  2  2  0  2  2  2  2  2  0  0  0  0  2  2  0  0  150  0  2  2  2  2  2  2  2  2  2  2  
2  0  2  2  2  2  2  2  2  0  2  0  2  2  2  2  2  0  0  2  2  2  2  2  2  0  2  2  2  2  2  2  2  0  2  2  2  2  2  0  0  0  2  2  2  2  2  2  2  2  2  0  2  2  2  2  0  2  2  2  2  2  2  0  0  2  0  2  2  0  2  2  0  2  2  2  2  0  2  0  
2  2  0  2  2  2  2  2  2  2  2  2  2  2  0  2  0  2  2  2  2  2  2  2  2  2  2  2  0  0  2  2  2  2  2  0  0  2  2  2  2  2  2  2  2  2  2  0  2  2  2  2  0  2  0  2  0  0  0  2  2  2  2  2  0  2  0  2  2  2  2  2  2  2  0  2  0  0  2  2  
2  2  0  0  2  0  2  2  0  2  2  2  2  2  2  2  2  2  2  2  2  2  0  2  2  2  2  2  2  0  2  2  2  2  2  2  0  0  2  2  2  2  2  2  2  2  2  2  0  2  2  2  2  2  0  2  2  2  2  2  2  2  0  0  2  0  2  2  2  2  2  2  2  2  2  2  2  2  2  2  
0  2  2  2  0  2  2  2  2  2  0  0  2  2  2  2  2  2  2  2  2  2  2  2  0  2  2  2  2  2  2  2  0  2  2  2  2  2  2  2  2  2  0  0  2  2  2  2  2  2  2  2  2  0  2  0  2  2  2  2  2  2  0  2  0  2  2  2  0  0  2  2  2  2  2  2  2  2  0  2  
2  2  2  2  2  2  2  2  0  2  2  2  2  0  2  0  2  2  2  2  0  2  2  2  2  2  2  2  2  2  0  2  2  2  2  2  2  2  2  2  2  2  2  2  2  2  2  2  2  2  0  2  0  2  0  2  2  2  0  2  2  2  0  0  2  2  2  2  0  2  0  2  2  2  2  2  0  2  0  2  
2  0  2  2  2  2  2  2  2  2  2  2  0  2  2  2  0  0  0  2  2  2  2  2  2  2  2  0  2  2  2  2  2  2  2  2  0  2  2  2  2  2  0  0  2  2  2  0  2  2  2  2  0  2  2  2  0  2  2  2  2  2  0  2  2  2  2  0  2  2  0  2  2  2  2  2  2  2  2  2  
2  2  2  2  2  0  2  2  2  2  2  2  2  2  0  2  2  2  0  0  2  0  2  2  2  2  2  2  2  0  2  2  2  2  2  2  2  2  2  2  2  2  2  2  2  2  0  2  2  2  2  2  2  2  2  0  2  2  2  0  2  2  2  2  2  2  2  2  2  0  2  0  2  2  0  2  2  2  2  2  
0  2  2  2  2  2  2  2  2  2  0  2  2  2  2  2  0  2  2  2  2  2  2  2  2  2  2  2  2  2  2  0  2  2  2  2  2  2  0  2  0  2  2  2  2  0  0  2  2  2  2  2  2  0  2  2  0  0  2  2  2  2  2  2  2  2  2  2  2  2  2  2  0  2  2  0  2  2  2  2  
0  2  2  0  2  2  2  2  2  2  0  0  0  2  2  2  0  2  0  2  2  2  0  2  2  2  2  2  2  2  2  2  2  2  2  2  2  2  2  2  2  2  2  2  2  2  0  2  2  2  0  2  2  2  2  0  2  2  2  2  2  2  2  2  2  2  2  2  2  2  2  2  2  2  2  0  2  2  2  2  
2  2  2  0  2  2  2  2  2  0  2  2  2  2  2  0  2  2  0  0  2  0  2  2  2  2  2  2  2  2  0  2  0  2  0  0  2  2  2  2  2  0  2  0  0  2  2  2  2  2  2  0  2  2  2  0  2  2  2  0  2  2  2  2  2  2  2  2  2  0  2  0  0  2  0  2  2  2  0  0  
0  2  2  2  0  2  0  2  2  2  2  2  2  2  2  2  2  0  2  0  2  2  2  2  2  2  2  2  2  2  2  2  2  2  0  0  2  2  2  2  2  2  2  2  2  2  0  2  2  0  2  2  2  2  2  2  2  2  2  0  0  2  2  2  2  2  2  2  0  0  2  2  2  2  2  2  2  2  2  2  
2  0  2  2  2  2  2  2  2  2  2  2  2  2  2  2  2  0  2  2  2  2  0  2  2  0  2  2  2  2  2  2  0  2  2  2  2  2  2  2  2  2  2  2  2  0  2  2  2  2  2  2  2  2  2  2  0  2  2  2  2  2  2  2  2  2  2  2  0  2  2  2  0  2  2  2  2  2  0  2  
0  2  0  2  2  0  2  2  2  0  2  2  0  2  2  0  2  2  2  2  2  2  2  2  2  2  2  0  2  2  0  2  0  2  0  2  2  2  2  2  0  2  0  2  2  2  0  2  2  2  0  2  2  2  2  2  2  2  2  2  2  2  2  2  0  0  2  0  2  2  2  2  2  2  2  2  2  0  2  2  
2  2  2  2  2  2  2  2  2  2  2  0  2  2  2  2  0  2  0  2  2  2  0  0  2  2  2  2  2  2  2  0  2  2  2  2  2  2  2  2  0  0  2  0  2  2  2  2  0  2  0  2  2  2  2  0  2  0  2  0  0  2  2  2  2  2  2  2  2  2  0  2  2  2  2  2  0  2  2  2  
2  2  2  2  2  2  0  2  2  0  2  0  0  0  2  2  2  2  2  2  2  0  2  0  2  2  2  2  2  2  0  0  2  2  2  0  2  2  0  0  2  2  0  2  2  2  2  0  2  2  0  0  2  2  2  2  2  2  2  2  0  2  2  2  2  2  0  2  2  0  2  2  2  2  0  2  2  2  0  0  
2  2  2  2  2  2  2  2  2  2  2  0  2  2  2  2  0  0  0  0  2  2  2  0  2  2  2  0  2  0  2  2  2  2  2  0  2  2  2  2  2  0  2  0  2  2  2  2  2  2  2  2  0  2  2  0  2  2  2  2  2  2  2  2  0  2  0  0  2  0  0  2  2  2  2  2  2  0  198  198  
2  2  2  2  2  2  2  2  0  2  2  2  2  2  2  2  2  0  2  2  0  2  2  2  2  2  2  2  2  2  2  2  2  2  2  0  2  2  2  2  0  2  2  2  2  0  2  2  0  2  0  2  2  2  2  0  2  2  2  2  2  2  2  2  2  2  2  0  2  0  0  0  2  2  0  0  2  2  2  0  
2  2  0  2  2  2  2  0  0  0  2  2  2  2  2  2  2  2  2  2  2  2  2  2  2  2  2  2  2  0  2  2  2  0  2  2  2  0  2  2  2  2  2  2  2  2  0  2  2  2  2  0  2  0  2  2  2  2  0  2  2  2  2  2  0  2  2  2  2  0  204  0  2  2  2  2  2  2  2  2  
2  2  2  2  2  2  2  2  2  2  2  0  2  2  2  0  0  2  2  2  2  0  2  2  2  2  2  2  2  2  2  0  2  2  2  2  0  2  2  2  2  2  2  2  2  2  2  2  2  0  2  2  0  2  2  0  2  2  2  0  2  2  0  2  2  0  2  2  2  0  0  0  0  2  2  2  2  2  2  2  
2  2  0  2  2  2  2  2  0  0  2  2  2  2  0  2  2  2  2  2  2  2  2  2  2  2  2  0  0  2  2  2  2  2  2  2  2  2  2  2  0  0  0  2  2  2  2  2  2  2  2  2  0  2  0  2  2  2  2  0  2  0  2  2  2  2  2  2  0  0  2  0  2  2  2  2  2  2  0  2  
2  2  0  2  0  0  2  2  2  2  2  2  2  2  2  2  2  2  0  2  0  0  2  2  2  0  2  2  2  2  2  2  2  2  2  2  2  2  0  0  2  2  2  2  0  2  2  2  2  2  2  2  0  0  2  2  2  2  2  0  0  2  2  2  2  2  0  0  2  2  2  2  0  2  2  2  2  2  0  213  
2  0  0  2  2  2  2  0  2  2  2  0  2  2  2  0  2  2  2  2  2  2  0  2  2  0  2  0  0  2  0  2  2  2  2  0  2  0  0  2  2  2  2  2  2  0  2  2  2  2  2  2  2  2  2  2  2  2  2  2  2  0  2  2  2  2  2  2  2  2  2  0  0  0  2  2  2  2  2  0  
2  0  2  2  2  2  2  2  2  2  2  2  2  0  2  2  2  2  2  2  2  2  2  2  2  2  2  2  0  2  2  2  0  2  2  2  2  2  2  2  2  2  2  2  2  2  2  0  2  0  2  2  2  2  2  2  2  2  2  2  2  0  2  2  0  2  0  2  2  2  2  2  2  2  2  2  2  2  2  0  
2  2  2  2  2  2  0  0  2  2  2  2  2  0  0  2  0  2  2  2  2  2  0  2  2  0  2  0  2  2  2  2  2  2  2  2  0  0  2  2  2  2  2  0  2  2  2  0  2  2  0  2  0  2  0  2  2  2  2  0  2  2  2  2  2  0  2  2  2  2  2  2  2  0  2  2  2  2  2  2  
0  2  2  2  0  2  0  2  2  2  2  0  2  2  2  2  2  2  2  2  2  0  0  2  2  2  2  0  2  2  2  2  2  2  0  2  2  2  2  0  2  2  2  2  2  2  2  2  2  0  0  2  2  2  2  2  2  2  2  0  2  0  2  2  0  0  2  2  2  2  2  2  2  0  0  2  2  2  2  2  
2  2  2  0  2  2  2  2  2  2  2  2  2  2  2  0  2  2  2  0  2  2  2  0  0  2  0  2  2  0  2  2  2  2  2  2  0  0  2  2  2  2  2  2  2  2  0  2  2  2  0  2  2  2  0  2  2  2  2  2  2  2  0  0  2  2  2  2  2  2  2  2  2  2  0  2  2  2  0  2  
2  2  2  2  2  2  2  2  2  2  2  2  2  2  0  0  2  0  2  2  0  2  2  0  2  2  2  0  0  2  2  2  2  2  2  0  0  0  2  2  0  0  2  2  2  2  2  2  2  2  2  2  2  2  2  2  2  2  0  2  2  2  2  2  2  0  2  2  2  2  2  0  2  2  2  2  2  2  2  2  
2  2  2  0  0  2  2  2  2  2  2  2  0  2  2  0  2  0  2  0  2  2  2  0  2  2  2  2  2  2  2  0  2  2  2  0  2  2  2  0  2  2  0  2  2  2  2  2  2  2  2  2  0  2  2  0  2  2  2  2  2  2  2  0  2  2  2  2  2  2  2  2  2  2  2  2  2  2  2  2  
2  2  0  2  2  2  2  2  0  2  2  2  0  2  2  2  2  2  2  2  2  2  0  2  2  2  0  2  2  0  2  2  0  2  2  0  0  2  0  2  2  2  2  2  0  0  2  0  2  2  2  2  2  2  2  2  2  2  0  2  2  2  2  2  2  0  2  2  2  2  2  2  2  2  0  2  2  2  2  2  
2  0  2  2  2  2  2  0  2  2  2  2  2  2  2  2  0  2  2  2  2  0  2  2  2  2  2  2  2  2  2  2  2  2  0  2  2  2  2  2  2  2  2  2  2  0  2  0  2  2  2  2  0  2  2  2  0  2  2  2  0  2  2  2  2  2  2  2  0  2  2  2  2  0  2  2  2  0  2  2  
2  2  2  2  2  2  2  2  2  2  2  2  2  2  0  2  2  0  2  2  2  2  2  2  2  2  2  2  2  2  0  2  2  2  2  2  2  2  2  2  2  2  2  0  2  0  2  2  2  2  2  2  2  2  2  2  2  2  2  2  0  2  2  0  0  2  0  2  2  2  2  2  2  2  2  2  2  2  2  2  
2  2  2  2  2  2  2  2  0  2  2  2  2  2  2  2  2  2  2  2  2  2  2  2  2  2  2  2  2  2  2  2  0  2  2  2  2  0  2  2  2  2  2  0  0  2  2  2  0  2  2  0  2  2  2  2  2  2  0  2  2  2  2  2  2  2  2  2  2  2  0  2  0  2  0  2  2  2  0  0  
2  2  2  0  2  2  2  2  0  2  2  2  2  2  2  2  2  0  0  2  2  2  0  0  2  2  2  2  2  2  2  2  2  2  2  2  2  2  0  0  2  2  2  2  2  0  2  2  0  0  0  2  0  2  0  0  2  0  2  0  2  2  0  2  2  2  2  2  2  2  2  0  2  2  2  2  2  2  2  2  
2  2  2  2  2  2  2  2  2  2  2  2  0  2  2  2  2  2  0  2  2  2  0  2  2  2  2  2  2  2  2  2  2  0  2  2  2  2  2  2  2  2  2  2  2  2  2  2  2  0  2  2  2  2  2  0  2  0  2  2  0  2  0  0  2  2  2  2  2  2  2  2  2  2  2  2  2  2  2  2  
2  2  2  0  2  2  2  0  2  2  2  2  2  2  2  0  2  2  2  0  2  2  2  2  0  2  2  2  2  2  2  2  2  2  2  2  2  2  2  0  0  2  0  2  2  2  2  2  2  2  2  2  2  2  2  0  254  0  0  2  0  2  2  2  2  2  2  2  0  2  0  2  0  2  2  2  2  0  2  2  
