0  2  2  2  0  0  0  3  3  3  3  3  0  4  0  0  3  3  3  3  3  3  3  3  0  0  0  0  0  3  3  3  0  0  7  0  8  8  0  3  3  3  3  3  3  3  3  0  0  3  3  3  3  0  0  3  0  0  3  3  0  3  0  0  3  3  3  3  0  3  3  3  3  0  0  3  3  0  0  0  
2  2  2  0  2  0  18  0  0  3  3  3  3  3  0  0  0  3  3  0  0  0  3  3  3  3  0  3  3  3  0  3  3  3  3  0  0  0  0  3  3  3  3  0  3  0  3  3  3  0  0  3  3  3  3  3  3  3  0  3  3  3  3  3  3  3  3  3  3  3  0  0  3  3  3  3  3  3  0  21  
0  2  2  2  0  22  0  0  3  3  3  3  0  3  3  3  3  3  0  3  0  0  0  0  0  3  3  3  3  0  0  3  3  3  3  3  0  0  3  0  3  3  0  3  3  0  0  3  3  3  0  0  3  3  0  3  3  0  0  0  3  3  3  0  3  3  3  3  3  0  3  3  3  3  0  3  0  0  21  21  
2  2  2  2  0  0  0  0  0  3  0  3  0  0  3  3  3  3  3  3  3  3  3  3  3  3  3  3  0  0  3  3  3  3  0  0  3  0  0  3  3  3  3  3  3  3  3  3  3  3  0  3  3  0  3  0  0  3  3  3  0  3  0  3  3  0  0  3  3  3  3  0  3  0  3  0  3  3  0  21  
2  0  0  0  3  3  3  0  33  0  3  0  3  3  0  3  0  3  3  3  3  3  3  3  0  3  3  0  3  3  0  0  3  3  0  3  3  0  0  0  0  3  3  3  0  0  3  3  3  3  3  0  3  0  3  3  3  3  3  0  3  3  3  3  3  3  3  3  3  3  3  3  3  3  3  3  3  3  3  0  
0  0  3  3  3  3  3  0  3  0  3  3  0  3  3  3  3  3  3  3  3  3  3  3  0  3  3  3  0  3  0  3  3  3  3  0  0  0  3  3  3  0  3  0  3  3  3  3  3  3  3  0  3  3  3  3  0  3  3  3  0  3  3  3  0  0  3  3  3  3  3  3  0  3  3  0  3  3  3  3  
0  0  3  3  3  3  0  3  3  0  3  0  0  3  0  3  3  3  3  3  0  3  3  3  0  3  3  3  3  3  3  3  3  3  0  47  0  3  0  3  3  3  3  3  3  3  0  3  3  3  0  49  0  3  3  3  3  3  3  3  3  3  0  3  0  0  0  3  0  3  3  3  3  3  3  3  3  3  3  3  
50  0  3  3  0  3  0  3  3  3  3  3  3  3  3  3  0  0  3  0  3  3  0  3  3  0  3  3  0  0  3  3  3  3  3  3  0  3  3  0  0  3  3  3  3  0  3  0  0  3  0  0  0  3  3  3  3  0  3  3  3  3  0  0  0  3  3  3  0  56  0  3  3  3  3  3  3  3  3  3  
50  50  0  3  3  3  0  3  0  3  3  0  0  3  3  3  0  3  3  3  3  3  3  3  3  0  3  3  3  3  0  3  0  3  3  3  3  3  3  3  3  0  3  0  3  3  3  3  0  3  0  58  0  3  3  0  3  3  3  3  0  3  3  3  0  0  0  3  3  0  3  3  3  3  0  3  3  3  0  3  
3  0  0  3  3  0  3  3  3  3  3  3  3  3  0  3  3  0  0  3  0  3  3  3  3  3  0  3  3  3  3  0  3  3  3  3  3  0  3  3  0  0  3  3  0  3  3  3  0  3  3  0  0  3  0  3  3  0  3  3  0  3  3  3  3  0  3  0  0  3  3  3  3  3  3  3  3  3  3  3  
3  3  3  3  3  3  3  0  0  0  3  3  0  3  3  3  3  0  3  3  3  3  0  3  3  0  3  3  3  3  3  3  3  3  3  0  3  3  3  3  3  0  3  0  3  3  0  0  70  0  0  3  3  3  3  3  3  0  3  3  3  0  0  3  0  3  3  3  3  0  3  3  0  3  3  0  0  3  3  3  
3  0  3  0  3  0  0  3  3  0  3  3  3  0  3  3  3  3  3  3  3  3  3  0  3  3  3  3  0  3  3  3  3  3  3  3  3  3  0  3  0  3  3  3  3  3  3  0  3  0  3  3  0  3  0  3  3  3  3  0  3  0  3  3  3  3  0  3  0  0  3  0  3  3  3  3  3  3  3  3  
3  3  3  3  3  3  0  0  3  3  0  3  0  3  0  0  3  3  3  3  3  3  3  3  3  3  3  3  0  3  3  0  3  3  3  3  3  3  3  3  0  3  3  3  3  3  0  3  3  0  0  3  0  0  3  3  3  0  0  3  3  3  0  3  3  3  3  3  3  3  3  0  3  3  0  3  3  0  0  0  
3  3  3  3  3  3  3  3  3  3  3  3  3  3  3  0  3  3  3  3  3  3  0  3  0  0  3  3  3  3  3  3  0  3  0  3  3  3  3  3  0  0  0  3  3  3  3  3  3  3  3  0  3  3  3  3  3  3  3  3  3  3  3  0  3  0  3  3  3  3  3  0  3  3  3  3  3  3  3  3  
3  3  0  0  3  0  3  0  0  3  3  0  3  3  0  3  3  3  3  3  3  3  3  3  3  3  3  0  3  0  3  3  3  0  3  3  0  3  0  0  0  3  3  0  3  3  3  0  3  3  3  0  3  3  0  3  3  0  0  0  3  0  3  3  0  3  3  0  0  3  0  3  3  3  3  3  3  0  3  3  
3  3  3  0  3  3  3  3  3  3  3  3  0  0  3  3  3  3  3  3  3  3  3  3  3  3  3  0  3  3  3  3  3  3  3  3  3  3  3  0  94  0  3  3  0  3  3  0  3  3  3  3  3  0  3  0  0  0  0  3  3  3  0  3  3  3  0  3  3  3  3  0  3  3  3  3  3  3  3  3  
3  0  3  0  3  0  0  3  3  3  0  0  3  3  3  3  0  3  3  0  3  3  3  3  3  3  3  3  3  3  3  3  3  3  3  3  3  0  3  3  0  0  0  3  3  3  3  3  3  0  3  3  3  3  3  0  0  3  3  3  0  3  0  3  3  3  0  3  3  3  0  99  0  0  0  0  3  0  3  3  
0  3  3  3  3  0  0  0  0  3  0  100  0  0  3  3  0  101  0  0  0  3  3  3  0  3  3  3  3  3  3  0  3  0  3  0  3  3  3  0  3  3  0  0  3  3  0  3  0  3  3  3  0  3  3  3  3  0  3  0  0  3  0  0  0  3  0  3  3  3  3  3  0  104  104  104  104  0  3  3  
0  0  3  3  3  3  0  3  3  3  0  0  3  3  3  0  3  0  3  3  0  3  3  3  3  3  3  3  0  3  3  3  3  3  3  3  3  3  0  110  0  3  3  0  3  3  3  3  0  3  3  0  3  3  3  3  3  0  3  3  3  3  3  0  3  0  3  3  0  0  3  3  0  0  104  0  104  0  3  0  
3  0  3  3  3  3  3  3  3  0  3  3  3  3  0  3  3  3  3  3  3  3  3  0  3  0  0  3  3  3  3  3  0  3  0  3  0  3  0  0  0  3  3  3  0  3  3  0  3  0  3  3  3  3  3  3  3  3  0  3  3  0  3  3  3  3  0  3  3  3  3  3  3  3  3  0  0  104  104  0  
3  3  3  0  3  3  0  3  3  3  0  3  3  0  3  3  3  3  3  0  3  3  3  3  3  3  3  3  3  3  3  3  3  3  0  0  3  0  0  3  0  0  3  3  0  3  3  3  3  3  0  3  3  3  3  3  3  0  0  3  3  3  3  3  3  3  0  0  3  3  0  0  0  3  3  3  3  0  0  120  
3  0  3  3  3  3  3  3  3  0  3  3  3  0  122  0  3  3  3  0  0  0  3  0  3  0  3  3  0  3  3  3  3  3  3  0  0  3  3  3  3  3  3  3  3  3  3  3  3  3  3  3  0  3  3  3  3  3  3  3  3  0  3  3  3  3  3  3  3  3  0  3  3  3  0  3  3  3  3  3  
3  0  0  3  0  3  3  3  0  3  3  0  0  122  122  122  0  3  3  3  0  3  0  0  3  3  3  0  3  3  0  3  3  3  3  3  0  3  0  3  0  3  0  3  3  3  3  0  3  3  3  3  3  0  3  0  3  3  3  3  3  3  3  3  0  0  0  3  0  3  3  3  3  3  3  0  3  3  3  3  
3  3  3  3  0  3  0  3  3  3  3  0  0  3  0  122  0  0  3  3  0  3  3  0  3  3  3  0  0  0  3  3  3  3  0  3  3  0  3  3  0  3  0  3  0  3  0  3  0  3  3  3  3  0  0  0  3  3  3  3  0  3  0  3  3  3  0  0  3  0  3  3  3  0  0  3  3  3  3  3  
0  3  3  3  3  3  3  0  0  0  3  3  3  3  3  0  0  136  0  3  0  3  3  3  3  0  0  3  3  0  3  3  3  3  3  3  0  3  3  3  3  3  0  3  3  3  3  3  3  3  3  3  3  3  0  3  3  3  3  0  0  3  0  3  0  3  3  0  3  0  3  3  3  0  3  3  3  0  3  3  
3  3  3  3  3  3  3  0  3  3  3  3  3  3  0  0  3  3  0  0  3  3  3  3  3  0  144  0  3  0  3  3  0  3  3  0  3  3  0  0  0  3  0  0  0  3  0  3  0  3  0  3  0  3  3  3  0  3  0  3  3  3  3  0  3  3  3  0  3  3  0  0  3  3  0  3  3  3  0  3  
0  3  0  0  0  3  0  3  3  3  0  3  3  0  3  3  3  3  0  3  3  0  0  3  3  3  0  3  3  3  3  3  3  3  3  0  3  0  3  3  3  3  3  3  3  3  3  0  152  0  0  3  0  0  3  3  0  3  3  3  0  3  3  3  3  0  3  3  3  3  3  3  3  0  153  0  3  3  3  3  
3  3  3  0  0  3  3  0  3  3  0  3  3  3  3  3  3  3  3  3  3  3  3  3  0  3  3  3  3  3  3  3  0  0  3  3  3  3  0  3  3  3  3  0  0  3  3  3  3  0  3  3  0  3  3  3  3  3  3  0  3  3  3  3  3  3  3  0  0  0  3  3  3  0  0  0  3  3  3  0  
3  3  3  0  0  3  0  3  3  3  3  3  3  3  0  0  3  3  0  3  3  3  0  0  0  0  0  0  3  3  3  0  3  3  0  0  3  0  3  0  3  3  3  3  3  3  3  3  0  3  3  3  3  3  0  0  3  3  3  0  3  3  3  3  3  0  3  3  0  0  0  3  3  0  3  0  3  3  3  3  
0  3  0  0  3  3  3  3  3  3  0  0  0  0  0  0  0  3  3  3  0  0  0  3  3  3  0  167  0  0  3  0  168  0  3  3  3  3  3  3  0  3  3  3  3  3  0  3  0  0  3  3  0  3  0  169  0  3  3  3  3  3  0  0  0  0  3  3  3  3  3  3  3  0  3  3  3  3  3  0  
3  3  3  3  3  0  3  0  0  3  3  3  3  3  3  3  3  0  3  0  173  0  3  3  0  3  0  167  0  3  3  3  0  0  0  3  0  3  0  3  3  3  3  3  0  0  3  3  3  0  0  3  3  3  0  0  3  0  0  0  0  0  178  0  3  3  0  3  0  3  3  3  3  3  0  3  0  3  3  3  
3  3  3  3  3  0  3  3  3  3  3  3  3  0  3  3  3  0  0  0  0  173  0  3  3  3  3  3  0  0  0  3  3  3  3  3  3  3  3  3  3  3  3  0  3  3  3  3  3  3  0  3  3  3  0  0  0  3  0  3  3  3  3  0  3  3  0  3  3  3  0  3  0  3  0  0  3  3  3  0  
3  3  3  0  3  0  3  3  3  3  0  0  3  3  3  0  0  186  186  186  186  0  3  3  3  0  3  3  3  0  3  3  3  3  3  3  3  3  0  3  0  0  3  3  3  0  3  3  3  0  3  3  0  3  3  0  3  3  3  3  3  0  3  3  3  0  3  3  0  3  3  3  3  3  3  0  0  0  3  3  
3  3  3  0  193  0  3  3  0  3  3  3  3  3  0  3  0  195  0  0  186  186  186  0  0  3  3  3  3  3  0  3  3  3  3  3  3  3  0  0  3  3  3  0  3  3  3  3  3  3  3  3  3  3  0  0  3  3  0  0  0  3  3  0  0  3  3  3  0  197  0  3  3  0  3  3  3  3  0  3  
3  3  0  3  0  0  3  3  0  3  3  0  3  3  3  3  0  0  0  0  0  186  0  3  0  3  0  0  0  3  3  3  3  3  3  3  0  0  3  0  3  3  3  3  0  3  0  3  0  3  0  0  3  0  3  3  0  3  3  3  3  3  3  3  3  3  3  3  3  0  3  0  3  0  3  3  0  3  3  3  
3  3  3  3  3  3  3  0  0  3  0  3  3  3  3  3  3  3  3  3  3  0  0  3  3  0  3  3  0  0  0  3  3  3  0  3  3  0  3  3  3  3  3  3  3  0  3  3  3  3  3  3  0  3  3  3  3  0  0  3  3  0  0  0  3  0  3  3  3  0  3  3  3  3  3  3  3  3  3  3  
3  3  3  0  3  3  0  3  3  3  0  0  3  0  0  3  3  3  3  3  3  0  3  3  3  3  3  3  3  3  3  3  3  3  3  0  3  3  3  3  0  3  3  3  3  3  3  3  0  3  3  0  3  3  0  3  3  3  0  0  0  3  3  0  0  3  0  0  3  0  3  3  0  3  3  3  3  3  3  0  
3  0  0  3  3  3  3  3  3  3  0  3  3  0  3  0  0  3  0  0  3  3  0  0  3  3  0  3  3  3  0  3  0  3  3  3  0  3  3  3  3  3  3  3  0  0  3  3  3  3  3  0  3  3  3  0  3  3  0  3  3  3  3  3  3  0  3  3  0  0  3  0  3  0  0  0  3  3  3  0  
3  3  3  3  3  3  0  3  0  3  0  3  3  0  3  3  3  3  0  3  3  0  3  3  3  0  3  0  3  3  3  3  3  3  3  0  3  0  3  0  0  3  3  3  3  3  0  0  3  3  3  3  3  3  0  3  0  3  3  0  3  0  0  3  3  3  3  0  3  3  3  0  3  3  0  0  0  0  3  3  
0  0  3  3  3  3  3  3  3  0  3  0  3  3  0  3  3  3  3  3  0  3  3  3  3  0  0  3  3  3  3  3  0  3  3  3  0  3  3  3  0  3  0  0  0  0  3  0  0  0  3  3  3  3  3  0  3  3  3  0  3  3  3  0  3  3  3  3  0  0  3  3  0  3  3  3  3  0  3  3  
0  0  3  3  3  3  3  0  0  3  3  3  3  3  3  3  0  3  3  3  0  3  3  3  3  3  0  0  3  3  0  3  3  3  3  3  3  3  3  0  3  3  0  230  0  3  3  3  0  3  3  3  3  3  3  3  3  3  0  0  0  3  3  0  3  0  3  3  3  3  3  3  3  3  3  3  3  3  0  0  
3  3  0  3  3  3  0  0  0  0  0  0  3  0  3  3  3  0  3  0  3  3  3  0  3  3  3  0  0  0  3  0  0  3  0  3  3  3  0  0  3  3  3  3  0  3  3  3  3  0  3  3  3  3  3  0  3  3  3  3  3  0  3  0  3  0  0  0  0  3  3  3  3  3  0  0  3  3  0  237  
0  3  3  3  3  0  238  0  3  3  3  3  3  3  3  0  3  3  3  3  3  3  0  3  3  3  3  3  3  0  3  0  0  0  0  0  0  0  0  3  3  3  3  3  3  3  3  3  3  0  0  0  0  3  3  0  0  3  3  3  0  3  3  3  3  3  3  0  0  3  3  3  0  3  3  3  3  0  0  237  
243  0  3  3  0  3  3  0  0  3  3  3  0  3  3  3  3  3  0  0  3  0  3  3  0  0  3  3  3  0  3  3  3  0  3  3  3  3  3  3  3  3  0  3  3  3  3  3  0  0  3  0  0  0  0  3  0  0  3  3  0  0  3  3  3  0  3  3  3  3  3  0  0  0  0  3  0  3  0  247  
243  243  0  3  0  0  3  3  3  3  3  3  3  3  3  3  3  3  3  3  0  3  3  3  3  0  0  3  3  0  3  3  3  0  0  3  3  3  3  0  0  3  3  3  3  0  3  3  3  3  3  3  3  3  0  3  0  0  3  3  3  0  0  3  3  0  3  3  0  0  3  0  0  3  0  0  3  3  0  247  
0  0  0  3  3  3  3  3  3  3  0  3  3  0  3  0  0  3  3  3  3  3  0  3  0  3  3  3  3  3  0  3  3  3  3  3  3  3  3  0  3  3  3  3  3  3  3  0  0  3  3  3  3  3  3  3  3  0  0  0  3  0  0  3  3  3  3  3  3  3  3  0  0  3  3  3  3  3  0  0  
3  3  3  3  3  3  0  0  3  3  0  3  0  256  0  0  3  3  3  3  0  3  3  0  3  0  0  3  3  3  3  3  0  3  3  3  3  0  3  0  3  0  3  3  3  3  3  3  0  3  0  3  3  3  3  3  3  3  3  0  3  3  0  3  3  3  3  0  0  0  3  3  0  0  3  3  3  0  259  0  
3  0  3  3  0  3  3  3  3  3  3  3  3  3  0  0  0  3  3  0  3  0  3  3  3  3  3  3  3  0  3  3  0  3  3  0  3  3  3  3  3  0  3  0  3  0  3  0  3  3  3  3  3  0  3  0  3  0  3  3  3  3  3  3  0  0  3  0  3  3  0  3  0  3  3  0  0  3  3  0  
3  3  3  3  3  3  0  3  0  3  3  3  0  0  3  3  0  3  0  3  0  3  3  3  3  3  3  0  3  3  3  3  3  3  3  3  3  0  3  0  0  0  3  0  0  268  0  3  3  3  0  0  0  0  3  3  0  0  3  0  3  3  3  3  3  0  3  3  0  3  3  3  3  3  3  3  0  3  3  3  
3  3  0  3  3  3  0  3  0  0  3  0  0  3  3  3  0  3  0  3  3  3  3  0  0  3  0  0  3  3  3  3  0  0  3  0  0  3  3  3  3  3  0  3  0  0  0  0  3  3  0  0  3  3  3  0  3  0  277  0  3  3  3  3  3  3  0  3  3  3  3  0  0  0  3  3  3  3  0  3  
3  3  3  0  3  3  3  3  3  3  3  3  3  3  3  3  0  3  3  3  0  3  3  3  0  3  3  3  3  0  0  3  3  0  3  0  3  3  3  3  3  3  3  3  3  3  3  3  3  0  3  3  3  3  3  3  3  3  0  0  3  3  3  3  0  0  3  3  3  3  0  0  3  3  3  3  3  3  0  0  
0  3  0  0  3  3  3  3  0  0  0  3  0  3  3  0  3  3  3  3  3  0  3  0  0  0  0  0  3  0  284  0  3  0  3  3  0  3  3  3  0  3  0  3  3  0  3  3  3  3  3  3  3  3  0  3  0  3  3  0  3  3  3  3  3  3  3  3  0  3  0  3  0  3  3  3  3  3  0  3  
3  3  0  3  3  3  3  0  3  3  3  3  3  3  0  3  3  3  3  3  3  0  3  3  3  0  3  3  3  3  0  0  3  3  3  3  0  3  3  0  0  3  0  0  3  3  3  3  0  3  3  0  3  3  3  3  3  0  3  3  3  3  3  0  3  3  0  0  3  3  3  3  3  3  3  0  3  3  3  3  
3  3  3  3  3  0  0  0  0  3  3  3  3  3  3  3  3  3  3  3  3  3  3  3  3  3  3  0  3  3  3  3  3  0  3  0  3  3  0  0  296  296  0  3  3  3  3  3  3  3  3  3  0  3  0  3  0  3  0  3  0  3  3  3  3  3  3  3  3  3  3  3  3  3  0  3  3  3  3  3  
3  3  3  3  3  0  298  298  298  0  3  3  3  3  3  3  3  3  0  0  0  0  0  3  3  0  3  3  3  0  3  3  0  0  0  3  0  3  3  0  0  296  0  0  3  0  3  3  3  3  3  0  3  3  3  3  0  3  3  3  3  0  3  0  3  3  3  3  3  0  3  0  3  3  0  3  0  3  0  3  
3  3  3  3  3  3  3  0  0  298  298  0  0  0  0  3  3  3  3  3  3  0  3  3  0  3  3  3  3  0  0  3  3  3  3  3  3  3  3  0  3  0  0  3  0  3  3  3  0  3  3  3  3  0  3  3  0  3  0  3  3  0  3  3  3  3  3  3  3  3  0  3  0  3  0  3  3  3  3  0  
3  3  3  3  3  0  3  0  3  0  0  3  0  3  3  3  3  0  0  3  3  3  3  0  3  3  0  3  0  3  0  3  3  3  0  3  3  3  3  3  3  3  0  3  3  3  3  3  3  3  3  3  3  3  3  3  3  3  3  3  0  3  3  0  0  0  3  3  3  3  3  3  3  3  3  3  0  3  0  314  
0  3  0  3  0  3  3  3  0  3  3  3  3  3  0  3  0  3  3  3  3  0  3  3  3  3  3  3  0  3  3  3  3  3  3  0  3  3  3  0  0  3  3  3  3  3  3  3  3  3  3  3  3  3  3  0  3  3  3  3  0  3  3  3  3  3  0  3  3  3  3  3  0  3  0  0  0  317  0  0  
0  0  3  3  3  3  0  3  3  0  3  3  0  3  3  3  3  0  0  3  3  0  0  3  0  3  0  3  3  3  3  3  3  3  3  3  0  0  0  0  0  3  3  3  3  0  3  0  0  0  3  3  3  3  0  3  3  3  3  0  3  0  3  3  3  0  3  3  3  0  3  0  3  0  0  317  317  317  0  324  
3  3  3  3  3  3  3  3  3  0  3  0  3  3  3  3  3  3  3  3  3  3  3  0  0  3  3  3  3  3  3  3  0  3  3  0  3  0  3  0  0  3  3  3  3  3  3  0  3  3  3  3  0  0  3  3  3  3  3  0  3  3  3  3  0  3  3  3  3  0  332  0  3  3  3  3  0  0  0  3  
3  0  0  3  3  3  3  0  3  3  3  0  3  3  3  3  3  3  3  3  3  0  3  3  3  0  3  3  3  3  0  3  3  0  0  3  3  3  3  3  0  0  3  3  3  0  0  3  3  3  3  3  3  0  3  3  0  3  3  0  3  3  3  0  0  0  3  0  0  0  0  337  0  0  3  3  3  3  3  3  
0  3  0  3  3  3  3  0  3  3  0  3  3  3  3  3  3  3  0  3  3  0  3  3  0  3  3  3  0  3  3  3  0  3  3  3  3  0  3  3  3  3  3  3  3  0  3  3  3  3  3  3  0  0  3  3  0  343  0  0  3  3  0  3  3  3  3  3  0  345  0  346  0  3  3  3  3  3  3  3  
0  3  0  0  3  0  0  3  0  3  0  3  0  3  0  0  3  3  0  3  3  3  3  0  349  0  3  3  3  3  3  0  0  3  0  3  3  0  3  3  3  0  3  0  3  0  3  3  3  3  3  3  3  3  3  3  0  343  0  350  0  3  0  3  3  3  3  0  351  0  352  0  3  3  3  3  0  3  3  0  
3  3  3  3  3  3  3  3  3  0  3  0  3  3  0  355  355  0  0  3  3  3  3  3  0  0  0  3  3  3  0  3  0  357  0  3  3  3  0  3  3  0  0  3  0  0  3  3  3  3  3  3  3  3  0  3  3  3  0  0  0  3  3  3  3  0  0  3  0  0  352  352  0  0  3  3  0  3  3  3  
3  3  3  0  0  0  0  0  3  3  3  3  3  0  0  0  0  0  3  0  3  3  3  3  3  0  0  3  3  0  0  0  0  0  0  3  3  3  0  0  3  0  3  0  3  3  3  3  3  3  3  3  0  0  3  3  3  3  3  3  3  3  0  3  3  3  0  3  3  0  0  352  0  367  0  0  3  3  3  0  
3  3  3  3  3  3  3  0  3  0  3  3  0  0  3  3  0  3  3  3  3  3  0  0  3  3  3  3  3  3  3  3  0  3  3  3  3  0  3  3  3  3  3  3  3  3  3  3  3  0  0  3  0  374  0  3  3  3  3  0  0  0  0  3  3  3  3  3  3  3  3  0  0  367  367  0  3  3  0  3  
0  0  0  3  3  3  3  0  3  0  3  3  3  3  3  3  3  3  3  3  0  3  3  3  3  3  0  3  3  0  3  3  3  3  3  3  3  0  0  3  3  3  3  3  3  0  3  3  3  0  3  0  379  0  3  3  0  3  0  3  3  3  3  3  3  0  3  0  3  0  3  3  3  0  0  3  3  3  3  3  
383  383  383  383  0  3  3  3  3  3  0  0  3  3  3  3  3  3  0  3  0  3  0  0  3  3  3  0  0  3  3  0  3  0  3  3  0  3  0  0  3  0  0  0  3  0  3  3  3  3  3  3  3  0  3  3  3  3  3  0  3  3  3  3  3  3  3  3  3  0  3  3  3  3  3  3  3  0  0  3  
383  0  383  0  3  3  0  3  3  3  3  3  0  3  3  0  3  3  3  0  3  3  3  3  3  3  3  3  3  0  3  3  3  0  3  0  3  0  3  3  3  3  3  3  3  3  3  3  3  0  3  3  3  3  0  3  3  0  3  0  3  0  3  3  3  0  0  3  3  3  3  0  0  0  3  3  3  3  3  0  
0  0  392  0  3  3  3  3  3  3  3  0  0  0  3  3  0  3  3  0  0  3  3  3  0  3  3  3  3  3  3  0  0  3  3  3  3  3  3  0  3  3  0  3  3  3  3  3  3  3  0  3  3  3  0  3  3  3  3  0  0  0  3  0  3  3  0  396  0  3  3  3  3  3  3  0  3  3  0  3  
3  3  0  3  3  0  3  3  0  0  3  0  3  0  3  3  0  0  3  3  0  3  0  0  3  3  0  0  3  0  3  3  3  3  3  3  0  3  3  0  0  0  3  3  3  3  3  3  3  3  3  0  3  0  3  3  3  3  0  3  3  0  3  3  3  3  0  0  3  3  3  3  0  3  0  3  0  3  0  3  
0  0  3  3  0  3  3  0  0  3  3  3  3  3  3  0  0  3  3  0  3  3  3  3  3  3  3  3  3  3  3  0  3  3  3  3  3  0  3  0  3  3  3  0  3  3  3  0  3  3  3  0  3  0  3  3  3  3  3  3  3  3  0  3  3  3  3  3  3  3  3  3  3  3  0  0  3  3  3  0  
3  3  3  3  3  3  3  3  0  3  3  3  0  3  3  3  3  3  0  3  3  3  3  3  0  0  3  3  0  3  3  3  0  3  3  0  3  0  3  3  3  3  0  3  3  3  3  3  3  3  3  3  3  0  0  0  3  3  3  3  3  3  3  0  3  3  3  3  3  3  3  3  0  3  3  3  3  0  3  3  
3  3  3  3  3  3  3  3  3  3  3  3  3  0  3  3  3  0  3  3  3  0  3  0  0  3  3  3  3  0  0  0  0  0  0  0  3  3  3  3  3  0  3  3  3  3  0  3  3  3  3  0  3  0  3  3  3  0  3  0  3  3  3  3  3  3  3  3  3  0  3  3  3  3  3  0  0  3  3  3  
3  3  3  3  3  3  3  3  3  3  3  3  0  3  3  0  3  3  3  3  0  0  0  3  3  0  3  0  3  3  3  3  3  3  3  3  3  0  3  3  3  3  3  0  3  0  3  3  3  3  3  3  3  0  3  3  0  3  3  3  3  3  3  3  0  0  3  0  3  3  3  3  3  3  0  0  0  0  3  3  
3  3  3  3  3  3  0  3  3  3  3  3  3  3  3  3  0  0  3  0  3  0  3  3  3  3  3  3  3  3  3  0  3  3  3  3  3  3  3  3  0  3  0  3  3  0  3  3  3  0  3  0  3  3  3  3  3  0  3  0  0  3  3  3  3  0  3  3  3  0  3  3  0  3  3  0  0  3  3  3  
0  0  3  3  3  3  0  3  0  3  0  3  3  3  3  3  3  3  3  3  3  0  3  3  3  3  0  3  3  3  3  0  3  3  0  0  3  0  3  3  3  3  0  0  0  3  3  3  0  3  3  3  0  0  0  3  3  3  3  3  3  0  3  3  3  0  0  3  3  3  3  3  3  0  0  3  0  3  3  3  
0  0  3  3  3  0  3  0  3  0  0  3  3  3  0  3  0  3  3  3  3  0  3  3  3  0  0  0  3  0  3  3  3  0  0  433  0  3  0  3  3  3  3  3  0  0  3  3  3  3  0  3  3  0  0  434  0  3  3  3  3  3  0  3  0  3  3  3  3  3  3  0  3  0  3  3  3  0  3  3  
436  436  0  0  3  3  0  0  3  0  0  3  0  0  3  3  3  3  3  3  3  0  0  3  3  3  3  3  3  3  0  3  0  0  438  0  3  3  3  3  3  3  3  3  0  3  3  3  3  0  3  3  0  3  3  0  3  3  3  0  3  3  3  3  0  0  3  3  3  3  3  3  3  3  3  3  3  3  0  3  
436  436  436  0  445  0  3  0  0  3  0  3  3  3  3  3  0  3  3  0  0  3  3  0  3  3  3  3  0  3  3  3  0  447  447  0  3  3  0  3  3  3  0  0  0  0  3  0  3  0  3  3  0  450  0  3  3  3  3  3  3  3  3  3  3  3  3  3  0  3  3  0  3  0  3  0  3  3  3  3  
