0  0  2  0  0  3  3  3  3  0  4  4  0  5  5  0  6  0  0  0  0  7  0  8  0  9  0  0  0  0  0  0  0  10  0  0  0  0  0  11  0  12  0  0  13  0  0  14  0  15  0  0  16  0  17  17  17  17  0  18  0  18  0  0  20  20  0  0  21  0  22  22  0  23  0  24  0  25  0  26  
27  0  0  0  0  28  0  0  0  0  0  4  0  0  0  5  0  0  0  29  0  0  0  0  8  0  0  30  0  0  0  0  31  31  0  0  32  32  32  0  0  12  12  0  0  13  0  0  0  0  15  0  0  16  16  0  17  17  0  18  18  18  18  18  0  0  20  0  0  0  0  0  22  22  0  0  0  0  0  0  
0  0  0  0  0  28  0  35  0  36  0  0  29  29  0  0  0  0  0  29  0  0  0  8  8  0  0  0  39  39  39  39  0  0  32  32  32  32  0  41  0  0  0  0  0  0  0  0  0  0  0  0  0  16  0  0  0  17  0  0  18  0  0  0  20  20  20  0  43  0  0  0  0  22  0  0  0  0  44  44  
45  0  46  0  47  0  0  0  0  48  0  0  0  29  29  29  29  29  29  29  29  29  29  29  0  0  0  0  49  0  0  0  39  39  0  32  0  0  0  50  0  51  51  51  0  0  0  52  0  0  0  0  0  53  0  0  54  0  0  0  18  18  18  0  0  20  20  0  43  43  0  0  0  0  0  0  0  0  0  0  
45  0  46  0  47  0  57  57  0  48  0  0  0  0  0  29  0  29  0  0  0  29  0  29  29  0  58  0  0  0  0  59  0  0  60  0  0  0  0  0  0  51  51  0  0  61  61  0  0  0  0  0  0  53  0  62  0  0  63  0  0  18  0  0  0  0  0  0  0  43  0  64  64  64  64  0  65  0  0  0  
66  0  0  0  0  47  0  0  0  48  48  0  0  0  68  0  0  0  0  0  0  69  0  0  0  0  70  0  71  0  0  59  59  0  60  60  0  0  0  0  0  74  0  0  75  0  0  0  0  76  76  0  77  0  0  0  0  78  0  0  18  18  18  0  0  80  0  0  81  0  0  82  0  0  64  0  0  65  0  0  
0  0  47  0  0  47  0  0  48  48  0  85  0  0  0  0  0  86  0  0  0  0  0  0  0  87  0  0  71  0  0  59  0  60  60  0  89  89  0  90  0  0  91  91  0  0  0  0  92  0  0  0  77  77  0  93  0  0  94  0  18  0  0  95  95  0  96  0  0  0  82  82  0  64  64  0  0  0  99  0  
0  0  0  47  47  47  47  47  0  48  48  48  0  0  0  100  0  86  86  0  0  0  0  0  87  87  87  87  0  71  71  0  59  59  0  0  0  89  0  90  90  90  90  0  0  104  0  105  0  0  0  106  0  0  77  0  93  0  107  0  108  0  0  0  95  0  0  96  96  0  0  82  0  64  64  0  0  0  0  0  
0  110  0  47  0  0  47  0  0  0  0  48  0  0  0  0  86  86  0  112  112  112  0  0  87  0  0  87  0  0  0  0  0  59  59  59  0  0  0  90  0  0  0  0  0  0  0  105  105  105  105  0  0  113  0  0  0  107  107  0  108  108  0  0  0  0  115  0  0  0  116  0  0  0  64  0  0  117  0  0  
110  110  110  0  0  119  0  47  47  47  47  0  0  120  0  0  86  86  86  0  112  112  112  0  87  87  87  0  87  0  123  0  124  0  59  0  59  0  0  0  90  90  0  125  0  0  0  0  0  105  0  105  105  0  113  0  0  126  0  0  108  108  108  0  0  115  0  115  0  0  0  116  116  116  116  0  0  0  0  129  
0  0  110  0  130  0  47  47  0  47  47  47  0  120  0  0  0  0  86  86  0  0  0  0  87  0  0  132  0  133  0  0  0  0  59  59  0  134  0  0  90  0  0  0  135  135  0  0  0  0  0  0  0  0  113  0  0  0  0  0  0  0  0  0  115  115  115  115  0  137  0  116  116  0  0  138  138  0  0  0  
139  139  139  0  0  130  0  47  47  0  47  0  47  0  120  0  0  140  0  86  0  0  0  0  0  0  0  0  132  132  0  0  0  141  0  0  0  0  0  0  0  0  0  0  0  135  135  0  0  142  0  142  0  0  0  0  144  144  144  144  0  0  0  0  0  115  0  0  0  145  0  116  116  0  147  0  0  0  148  148  
139  139  139  0  0  0  0  47  0  0  47  0  0  47  0  0  0  0  86  86  0  0  0  0  151  0  0  132  132  132  132  0  0  141  0  153  0  154  154  154  0  135  135  135  135  135  135  0  0  142  142  142  0  0  156  0  0  0  0  144  0  157  0  0  158  0  0  0  159  0  160  0  0  147  147  0  162  0  148  148  
139  139  139  139  0  0  0  0  0  164  0  47  47  47  47  47  47  0  0  86  0  165  165  165  165  0  0  166  0  0  132  132  0  0  0  0  0  167  0  0  154  0  0  135  0  135  0  135  0  0  142  142  0  0  0  0  0  0  0  144  144  0  0  169  0  0  0  170  0  0  0  0  0  0  0  0  0  0  0  0  
139  139  0  139  0  0  0  0  0  164  0  0  0  0  0  0  47  0  0  0  171  0  0  165  0  0  172  0  0  173  0  0  0  0  0  0  167  167  0  0  0  0  0  0  0  0  175  0  0  0  0  142  0  0  0  0  0  0  176  0  144  0  0  0  177  177  177  0  0  0  0  0  178  0  179  0  0  180  0  181  
0  139  139  0  0  182  182  182  0  0  0  0  0  0  0  183  0  47  0  0  184  0  185  0  0  0  0  0  186  186  0  0  187  0  0  188  188  0  167  167  0  0  189  189  189  0  175  175  0  191  0  0  0  0  192  192  0  0  193  0  144  144  0  0  195  0  177  177  0  0  0  196  0  0  0  179  0  0  0  0  
197  0  0  0  198  0  182  0  199  0  200  0  0  183  183  183  183  0  0  184  184  0  185  0  0  0  203  203  0  0  204  0  187  187  0  0  0  0  0  167  0  0  0  0  0  0  175  0  0  0  0  192  192  0  192  0  192  0  0  144  144  144  144  0  0  0  0  177  177  0  0  196  0  208  208  0  0  0  0  209  
0  0  0  0  198  198  0  0  0  199  0  0  0  0  183  0  0  0  211  0  184  0  0  0  0  212  212  0  0  0  0  0  0  0  0  213  0  0  167  167  167  167  167  167  0  0  0  175  0  0  192  192  192  0  0  192  192  192  0  0  0  144  144  0  216  216  216  0  0  0  217  217  0  0  0  208  0  218  0  0  
0  219  0  219  0  0  221  221  221  0  0  0  0  222  0  0  0  0  0  0  0  223  223  0  0  0  0  224  224  0  225  225  0  0  0  213  0  167  167  0  0  167  167  0  227  227  0  0  0  228  0  0  192  192  192  0  192  0  0  229  0  0  0  216  216  0  216  0  231  231  0  0  0  0  232  0  0  218  218  0  
233  0  219  219  219  219  0  0  221  0  234  0  0  235  0  0  236  236  236  0  237  0  223  223  0  0  238  238  0  0  0  0  0  0  239  239  0  0  167  0  0  0  167  167  0  227  0  240  0  241  0  0  192  192  192  192  192  192  192  192  0  0  0  243  0  0  0  0  0  0  231  0  0  244  0  0  245  0  218  218  
0  246  0  0  219  219  0  0  0  247  0  248  248  0  0  0  0  0  236  0  237  237  0  0  238  238  238  238  238  0  0  0  250  250  0  239  239  0  167  0  0  251  0  0  0  227  227  0  0  0  192  192  0  0  192  192  192  192  0  192  192  0  0  0  0  0  253  0  254  254  0  255  0  244  0  245  245  0  0  0  
257  257  0  258  0  219  0  0  0  0  0  248  248  0  0  260  0  0  0  236  0  0  0  0  0  0  238  238  238  238  238  0  261  0  0  239  239  239  0  167  167  167  0  0  263  0  227  0  264  264  0  192  192  192  192  192  192  192  0  192  192  192  192  192  0  192  0  0  0  254  0  0  0  0  244  0  245  0  0  267  
0  0  0  0  219  219  219  0  0  0  0  0  0  269  0  260  0  270  270  0  271  271  271  271  0  0  0  238  238  0  238  238  0  272  272  0  0  0  0  167  167  167  167  0  0  0  0  0  264  264  264  0  0  0  0  0  0  0  0  0  192  192  0  192  192  192  192  0  254  254  0  0  274  0  244  0  0  0  275  0  
276  0  277  0  278  0  0  0  279  279  0  0  269  269  269  0  260  0  270  0  0  0  271  0  0  281  0  0  238  0  0  0  238  0  272  272  272  0  0  282  0  167  0  0  0  283  0  0  0  264  264  0  0  0  284  0  285  285  0  286  286  0  0  287  0  192  0  0  288  0  0  289  0  0  0  0  290  0  275  275  
276  276  0  0  0  0  292  0  279  0  269  269  269  0  269  0  260  0  270  0  0  0  0  0  294  0  0  295  0  0  0  0  238  0  0  272  0  0  0  0  0  0  296  296  0  0  0  297  0  264  0  0  0  284  284  0  0  0  0  0  0  299  0  0  0  0  0  0  288  0  0  0  300  300  0  301  0  0  0  0  
302  0  0  303  303  0  0  0  0  0  0  269  0  0  269  269  0  0  305  0  0  306  306  0  0  0  307  0  295  295  295  295  0  0  0  308  0  0  0  0  309  309  0  0  0  0  0  0  297  0  264  0  0  0  284  0  0  0  310  0  299  0  299  0  312  0  0  313  0  288  0  288  288  0  300  0  0  0  315  315  
0  316  0  303  0  0  0  0  317  317  0  269  0  318  0  0  0  0  0  306  306  306  306  0  320  0  0  321  0  0  0  0  0  308  308  308  0  323  0  0  0  309  0  0  299  299  299  299  0  0  0  0  325  0  0  326  0  327  0  0  299  0  299  0  312  0  0  0  288  288  288  288  288  288  0  0  0  0  0  0  
329  0  316  0  303  0  330  0  317  317  317  0  0  0  0  0  332  0  333  333  0  0  0  306  0  320  0  321  321  321  0  0  335  0  0  0  0  0  0  336  336  336  0  0  0  0  0  0  299  0  299  0  0  0  299  299  0  0  327  0  0  299  299  299  299  0  0  0  0  0  288  0  0  0  288  288  288  0  0  339  
0  316  316  0  0  0  0  0  317  317  0  0  341  0  0  332  332  332  0  0  0  0  343  0  0  0  0  0  0  321  321  0  0  0  344  0  0  345  0  0  336  336  336  0  346  0  299  299  299  299  299  0  0  0  299  0  0  299  0  0  299  299  299  0  299  0  350  350  350  350  0  0  0  0  0  288  288  288  0  339  
351  0  316  316  316  0  0  352  0  0  317  317  0  341  0  353  0  332  0  354  0  0  0  0  355  0  0  356  356  356  0  0  0  0  357  0  0  358  0  0  0  336  0  0  0  346  0  299  0  0  299  0  0  299  299  299  299  299  299  299  299  299  299  299  0  0  0  0  350  350  350  0  360  0  0  288  288  0  288  288  
0  0  0  316  0  0  352  352  352  0  317  0  0  341  341  0  0  0  354  354  354  0  355  355  355  0  356  356  356  356  356  356  0  366  0  0  0  358  358  0  0  0  0  0  346  346  346  0  0  299  299  299  299  299  0  299  299  0  299  299  0  0  0  299  299  0  0  0  350  0  350  0  0  369  0  288  0  0  0  0  
0  0  370  370  0  0  0  0  352  0  317  317  0  0  341  341  341  0  0  0  0  354  0  0  0  0  372  0  356  356  0  0  0  0  0  373  373  0  0  0  374  0  374  0  0  346  346  346  346  0  299  0  299  299  299  0  0  0  376  0  299  0  0  299  299  299  299  0  378  0  350  350  0  0  0  288  288  288  288  0  
0  381  0  0  0  0  352  352  352  0  317  0  0  0  0  341  341  0  0  0  0  0  0  0  383  383  0  384  0  356  0  0  0  385  385  0  0  0  386  0  374  374  374  374  374  0  346  0  0  0  299  0  0  299  0  0  376  376  376  0  0  0  388  0  299  0  299  299  0  389  0  0  288  288  288  288  288  288  0  391  
0  392  0  393  393  0  0  0  0  0  317  317  0  0  395  395  0  341  0  396  0  397  0  0  398  0  0  0  0  0  0  0  385  385  385  0  400  0  0  0  401  0  0  0  0  0  0  346  0  0  0  0  0  0  0  376  376  376  376  0  403  403  0  388  388  0  0  0  0  0  0  404  0  288  0  288  0  288  0  405  
406  0  0  0  393  0  407  407  0  408  0  317  0  0  0  0  409  0  0  0  0  0  398  398  398  0  0  398  0  0  0  0  0  0  0  412  0  412  412  0  0  414  414  414  0  346  346  346  0  416  0  0  0  0  0  0  0  0  0  0  403  0  0  0  388  0  0  0  417  0  0  404  404  0  418  0  419  0  0  0  
420  0  0  0  0  393  0  407  0  408  408  0  0  422  422  0  0  409  0  423  423  423  423  0  398  398  398  398  398  0  0  424  0  0  0  412  412  412  412  0  0  0  0  414  0  426  0  346  0  0  416  416  416  0  0  0  416  416  0  0  428  0  0  429  0  0  0  0  0  417  0  0  404  404  404  0  430  0  0  0  
420  420  0  431  431  0  0  407  0  408  408  408  0  0  422  0  0  0  0  423  0  0  0  432  0  0  398  0  0  433  433  0  434  0  0  412  0  412  0  0  0  435  0  0  0  0  0  0  436  0  0  416  416  416  416  416  416  0  0  0  0  437  0  0  0  0  0  0  438  0  0  0  404  404  0  404  0  0  440  0  
0  0  0  0  431  431  0  0  0  0  0  408  0  0  0  422  0  0  441  0  423  423  0  0  432  0  398  398  0  0  433  0  0  434  434  434  0  443  0  0  0  444  0  445  445  445  445  0  0  436  0  416  416  0  0  416  0  416  416  416  0  437  437  0  448  448  0  449  0  438  0  0  0  0  404  404  404  0  0  0  
450  0  0  0  0  431  0  408  0  0  408  408  0  453  0  0  0  0  0  454  0  0  432  432  432  0  0  398  0  0  433  433  0  434  0  0  0  443  0  0  0  0  0  0  0  445  445  445  0  0  456  0  0  0  0  0  0  0  416  416  0  437  0  0  0  448  0  0  0  438  0  0  0  0  404  0  0  457  457  0  
0  450  0  0  458  458  0  408  408  408  408  408  408  0  0  0  0  460  460  0  0  0  461  0  0  432  0  462  0  0  0  0  0  0  434  0  0  463  0  0  464  464  0  465  465  0  0  0  445  445  445  0  466  0  0  0  0  0  416  416  0  437  437  0  469  0  0  0  470  470  0  0  0  471  0  0  0  0  0  0  
0  0  0  472  0  0  0  0  0  408  408  408  408  408  408  0  0  0  460  0  0  473  0  0  474  0  0  0  475  0  476  0  0  477  0  0  0  0  0  478  0  0  0  0  465  0  465  0  0  0  0  480  0  481  0  482  0  0  0  416  0  0  0  483  0  484  484  484  0  0  0  485  0  471  0  0  0  0  486  0  
487  487  0  0  472  472  0  488  0  408  408  0  0  0  408  0  0  490  0  460  460  0  0  0  491  0  0  0  0  0  0  0  492  0  0  0  493  0  0  494  0  495  0  0  465  465  465  465  465  465  465  0  480  0  0  0  482  0  0  0  416  416  416  416  0  497  0  484  0  0  0  0  485  0  471  0  0  0  0  0  
487  0  498  0  0  472  472  0  499  0  408  408  0  0  408  0  490  490  0  0  0  0  0  491  491  0  0  502  0  503  503  0  492  0  0  504  0  505  0  0  506  0  507  0  0  465  465  465  0  0  465  0  480  0  0  482  482  0  509  509  0  416  416  0  510  0  0  0  0  511  511  0  0  512  0  513  0  0  0  514  
515  0  0  0  472  0  472  472  0  0  0  408  0  0  408  408  0  0  0  518  518  0  519  0  491  0  0  502  502  502  0  0  0  0  0  0  504  0  0  521  521  0  0  507  0  522  0  465  0  523  0  0  480  480  0  0  482  0  525  0  509  0  416  0  526  0  527  0  0  0  511  0  0  0  0  513  513  513  0  529  
515  515  0  0  472  472  472  0  530  0  408  408  0  0  0  0  532  0  533  0  0  534  0  0  0  0  0  0  502  502  502  502  0  504  504  504  504  0  0  521  0  0  0  0  536  0  537  0  523  523  523  0  480  0  539  0  0  540  0  0  0  0  0  526  526  0  0  542  542  0  511  511  511  0  511  0  513  0  544  0  
545  0  0  546  0  472  472  0  0  530  0  408  0  0  547  547  0  0  0  0  548  0  0  549  549  0  0  0  0  0  502  0  0  550  0  0  0  0  521  521  521  0  0  552  0  536  536  0  0  0  0  0  553  0  0  0  0  554  0  555  0  0  0  0  0  526  0  542  542  542  0  0  0  511  511  511  0  0  557  0  
545  545  545  0  0  472  472  472  0  0  0  0  558  0  0  547  0  0  559  0  0  0  560  0  549  0  0  561  561  0  502  0  562  0  563  0  0  564  0  0  0  552  552  552  0  0  0  0  566  0  567  0  0  568  0  0  0  554  0  0  0  569  0  570  0  0  571  0  542  0  0  511  511  511  511  0  0  0  0  0  
545  545  545  545  0  574  0  0  472  0  0  0  0  0  575  0  0  559  559  559  559  0  577  0  0  549  0  0  0  561  561  0  578  0  0  563  563  563  0  579  0  580  0  0  0  581  581  581  0  0  567  567  0  0  568  568  568  568  0  0  583  0  569  0  0  0  0  571  571  0  0  584  0  511  511  0  585  585  585  0  
0  0  0  0  586  0  0  0  0  587  0  0  0  0  0  0  588  0  559  0  0  0  577  0  0  0  0  0  0  0  0  578  578  0  0  0  563  0  590  0  0  580  0  0  581  581  0  0  0  567  567  567  0  568  568  568  0  568  0  0  0  0  0  0  0  0  0  571  0  594  0  584  0  0  0  595  0  585  0  0  
0  596  0  0  0  0  597  0  0  0  587  0  598  598  0  0  0  0  559  559  0  0  600  0  0  0  601  601  601  0  601  0  0  0  0  0  0  0  0  590  590  0  580  0  603  0  0  0  604  0  0  0  567  0  0  0  0  0  0  0  0  0  605  605  605  0  605  0  0  0  0  607  0  0  0  0  0  608  0  0  
0  0  0  609  609  609  0  0  0  0  587  0  0  598  598  598  0  0  0  0  0  0  0  610  610  0  0  0  601  601  601  601  601  601  601  601  601  0  0  0  590  590  0  603  603  0  0  612  0  613  613  613  0  0  614  0  615  0  0  616  616  616  0  605  605  0  605  0  0  617  0  0  618  0  619  0  608  608  608  0  
621  0  0  0  0  609  0  622  0  622  0  0  0  0  0  0  0  0  624  0  0  610  610  0  610  0  626  0  0  601  601  0  601  0  0  0  601  0  0  0  0  0  0  627  0  603  0  628  0  613  613  613  613  613  613  0  0  615  615  615  0  0  616  0  605  605  605  605  605  605  0  0  630  0  631  0  632  0  0  0  
0  633  633  633  633  0  622  622  622  622  0  0  0  635  0  0  0  636  0  637  0  610  0  610  610  0  626  0  0  0  601  0  601  0  601  601  601  601  0  640  640  0  0  627  627  0  0  628  0  0  0  613  0  0  0  641  0  615  615  615  0  642  0  0  0  0  605  605  0  605  605  0  0  643  0  0  0  0  644  644  
0  645  0  633  0  633  0  622  0  0  0  0  646  646  0  636  0  636  636  636  0  0  610  610  610  0  626  626  0  650  0  601  601  0  0  601  601  0  0  651  0  0  652  652  0  0  628  628  628  0  0  654  0  655  0  0  0  615  615  0  0  0  0  0  657  0  0  0  0  0  0  0  0  0  643  643  643  0  644  644  
659  0  0  633  633  0  0  622  0  660  0  0  0  0  636  636  0  0  636  0  0  0  610  0  0  0  626  0  0  0  662  0  601  0  601  601  0  664  0  0  665  665  0  652  0  0  0  0  628  0  0  0  666  0  667  0  668  0  615  0  669  0  670  0  0  0  671  0  0  0  0  0  672  0  643  643  0  0  0  644  
659  659  659  0  0  0  0  0  0  0  0  674  674  0  0  636  636  636  636  636  636  636  0  610  0  675  675  0  0  0  662  662  662  0  677  0  601  0  0  0  0  0  0  0  0  678  678  678  0  0  679  0  0  0  0  0  0  668  0  615  615  0  0  0  680  680  0  671  0  0  0  681  681  0  682  0  0  0  0  0  
659  659  0  683  0  684  684  0  0  685  0  0  0  686  0  0  636  0  636  636  636  636  0  610  610  0  0  0  0  662  662  0  0  0  677  0  601  601  601  0  0  688  0  689  689  0  678  0  0  0  0  690  0  0  0  0  691  0  0  0  0  692  692  0  0  0  0  0  693  0  0  0  0  0  0  0  0  0  694  0  
695  0  659  0  0  0  684  0  696  0  0  0  697  697  0  698  698  0  0  636  636  636  0  699  0  0  0  700  700  0  662  0  0  0  0  0  0  601  601  601  0  0  0  0  0  0  0  0  0  0  0  0  0  0  701  0  691  691  0  0  0  0  692  0  0  703  703  0  703  0  705  0  0  706  0  707  0  708  708  0  
0  709  0  0  0  684  684  0  696  0  0  0  0  697  0  0  0  0  0  636  0  0  0  699  0  700  0  700  0  0  0  0  0  712  0  713  713  0  0  601  601  601  601  0  714  0  0  0  0  715  0  701  701  0  701  0  0  0  0  0  0  0  0  0  703  703  703  703  703  0  705  705  0  0  0  0  0  708  708  708  
718  0  709  0  0  0  0  684  684  0  0  0  0  697  697  697  0  697  697  0  636  636  636  0  0  0  700  700  700  0  713  713  713  713  0  0  713  0  0  0  0  0  0  0  0  714  0  0  722  722  0  0  701  701  701  701  0  0  0  0  0  0  0  0  0  703  0  0  703  703  0  705  705  0  723  0  0  708  708  708  
0  0  709  0  0  0  0  684  684  0  725  725  0  0  0  697  697  697  697  0  0  0  636  636  0  636  0  700  0  0  713  0  713  713  713  713  713  713  0  0  0  0  727  727  0  0  0  0  722  0  728  0  701  0  0  701  701  701  701  0  701  0  0  730  0  703  703  703  703  703  0  0  0  0  0  731  0  708  0  0  
0  0  732  0  0  733  0  0  0  0  0  0  0  734  0  697  697  0  0  0  0  0  636  0  636  636  636  0  0  0  0  713  713  713  713  713  0  713  713  0  737  0  727  727  0  0  739  0  722  722  0  0  0  0  0  0  0  701  0  701  701  701  0  741  0  0  0  0  703  0  0  0  0  742  742  0  731  731  0  0  
743  0  0  0  0  733  0  0  744  0  745  0  746  0  0  0  697  0  0  0  0  0  636  636  636  636  0  713  713  0  0  0  0  713  0  0  748  0  713  713  0  0  0  727  0  739  739  0  722  722  0  0  750  0  751  0  0  0  752  0  0  701  0  741  0  0  753  0  703  0  0  754  0  0  742  0  731  731  0  0  
0  0  0  0  755  0  0  756  0  0  0  0  746  746  0  0  0  0  0  758  758  758  758  0  0  0  0  713  713  713  713  713  713  713  713  0  0  0  0  0  0  760  0  0  727  0  0  0  722  722  722  0  762  0  0  751  0  763  0  0  0  764  0  0  741  0  765  0  0  703  703  0  0  0  0  0  0  0  0  766  
0  0  767  0  755  755  755  0  0  746  746  746  746  0  769  0  770  0  0  758  758  0  0  713  713  0  713  713  0  0  713  0  713  0  0  773  0  0  774  0  775  0  0  0  727  0  776  776  0  722  0  762  762  0  778  0  778  0  780  780  0  0  0  0  0  765  765  0  782  0  0  0  783  0  784  784  0  785  785  0  
0  767  767  767  0  755  0  755  0  0  746  0  0  0  0  0  770  770  0  0  0  0  713  713  713  713  713  0  713  713  0  0  0  0  789  789  0  0  0  774  0  775  0  790  0  0  0  776  0  0  722  722  0  0  0  778  778  778  0  0  0  791  0  0  792  0  765  0  793  0  783  783  783  783  783  0  0  0  0  0  
0  767  0  767  0  0  755  755  0  796  0  0  797  0  798  0  0  770  770  0  799  0  713  0  0  0  0  0  713  0  0  0  789  789  789  0  0  801  0  0  801  0  0  790  0  803  0  0  804  0  722  0  805  805  0  0  778  0  0  0  0  791  0  806  0  0  0  807  0  0  0  783  0  0  783  783  783  0  0  808  
0  0  0  767  767  767  0  0  0  810  0  811  0  0  0  798  0  0  0  770  0  799  0  713  713  713  713  713  713  713  0  812  0  0  789  0  0  0  801  801  801  801  801  801  0  803  803  0  0  0  0  722  0  0  0  0  814  0  0  0  791  791  791  0  0  816  0  817  0  818  818  0  0  0  0  783  0  0  819  819  
820  820  0  0  0  0  821  0  0  0  0  0  0  0  822  0  0  823  0  0  0  0  0  0  713  0  0  713  713  0  0  812  812  0  789  789  0  0  801  0  801  0  801  801  0  803  803  0  0  824  0  722  0  0  825  0  814  0  0  0  0  0  0  0  816  816  0  0  0  818  0  827  0  0  0  0  0  0  819  0  
820  820  820  820  0  829  0  0  0  0  0  0  830  0  831  0  832  832  0  833  833  0  0  834  834  0  713  713  713  0  836  0  0  0  0  789  0  0  789  0  0  801  801  0  801  801  0  0  801  0  824  824  0  839  839  0  814  814  0  841  0  842  0  816  0  816  816  816  0  818  818  818  0  845  845  0  0  846  0  819  
0  0  820  0  0  0  0  847  847  0  0  0  0  0  0  0  0  832  0  0  0  848  848  0  834  834  0  0  0  836  836  0  850  850  0  789  789  789  789  0  0  0  0  0  801  801  801  801  801  0  824  824  824  0  0  0  0  0  851  0  0  0  0  816  816  816  816  816  816  0  0  818  0  0  0  852  852  0  819  819  
0  854  854  0  855  0  0  0  847  847  847  847  847  847  0  0  832  832  832  0  0  848  848  0  0  834  0  0  0  0  0  0  0  0  850  0  789  0  0  789  789  0  858  0  0  801  801  0  801  801  0  824  824  824  0  0  0  0  0  0  0  0  0  816  816  0  816  0  816  816  0  0  0  0  860  0  0  0  819  819  
854  854  854  0  855  855  855  855  0  0  847  0  847  847  0  847  0  0  832  0  0  0  0  0  834  834  834  834  834  0  834  834  834  834  0  0  789  789  789  0  0  866  0  867  867  0  0  0  801  801  801  0  0  824  0  868  0  869  869  869  869  0  0  816  816  0  0  0  816  0  0  870  870  0  860  860  860  0  819  0  
854  854  0  0  0  0  0  855  855  0  847  847  0  847  847  847  847  0  0  832  832  832  0  873  0  0  834  0  834  834  834  834  0  0  834  0  0  0  0  0  874  0  0  0  867  0  875  0  876  0  801  0  877  0  824  824  0  869  869  0  0  0  879  0  0  0  0  816  0  816  0  816  0  0  0  0  0  0  0  0  
0  0  0  0  0  882  0  855  0  0  0  0  883  0  847  0  847  847  847  0  832  832  0  0  0  884  0  885  0  0  834  834  0  0  834  834  834  0  886  886  0  887  887  0  867  0  0  0  0  888  0  889  0  0  0  0  0  0  869  0  0  0  0  890  890  0  816  816  816  816  816  816  816  0  0  0  892  892  0  0  
0  893  893  893  893  0  0  0  0  0  0  894  0  0  847  847  0  0  847  0  0  832  832  832  0  0  0  0  0  0  0  0  834  0  0  0  834  0  0  0  886  0  887  887  0  0  0  896  0  888  888  0  889  0  898  0  0  0  0  869  869  0  899  0  0  890  0  0  816  0  816  0  816  816  816  0  0  0  892  0  
0  0  893  0  893  893  893  0  0  900  0  894  0  0  0  847  0  0  0  0  832  832  0  0  902  0  0  903  903  903  0  0  0  0  0  904  0  0  0  887  0  887  887  0  0  887  887  0  0  0  888  0  0  0  0  0  0  0  908  0  869  0  0  909  0  890  890  0  0  910  0  816  816  0  816  0  0  816  0  0  
0  0  0  0  0  0  0  0  900  900  900  0  0  0  914  914  0  915  915  915  0  0  0  0  0  902  0  0  0  0  0  0  916  916  0  0  0  0  0  887  887  0  887  0  887  887  887  0  0  0  0  0  0  919  0  920  0  869  869  0  869  869  0  0  0  0  0  0  0  0  0  0  0  816  0  816  816  816  816  0  
923  923  0  924  924  924  0  0  0  0  900  900  0  0  914  0  0  0  0  0  0  0  0  0  0  0  0  925  925  0  926  0  0  0  927  0  0  0  0  887  887  887  887  0  0  0  887  0  0  0  0  0  0  919  0  0  869  869  869  869  869  0  0  0  0  929  0  930  0  0  0  0  0  816  0  816  816  816  816  0  
0  0  923  0  0  0  0  0  931  0  900  900  900  0  0  914  914  0  933  933  0  934  0  0  935  0  936  0  925  0  937  0  938  0  939  0  0  0  940  0  0  0  0  887  887  887  887  887  887  0  0  941  0  0  919  919  0  869  869  0  0  869  869  0  0  929  929  0  0  0  943  943  0  0  816  0  0  0  0  816  
