0  2  2  2  0  3  0  0  0  4  0  4  4  4  4  4  4  0  0  4  4  4  0  0  7  0  8  8  0  9  0  0  0  4  0  0  0  0  0  0  0  0  0  11  11  11  0  0  0  4  4  4  4  4  4  0  0  4  4  4  4  0  4  4  4  4  4  0  0  15  0  4  0  0  4  0  0  4  4  4  
4  4  0  0  0  0  0  20  0  4  4  4  4  4  0  0  4  4  0  0  0  4  4  0  7  7  0  8  0  0  0  4  4  0  4  4  0  4  0  4  0  4  4  4  0  0  0  4  4  0  4  4  4  4  0  0  4  4  4  4  4  4  4  4  0  4  0  4  4  4  0  4  4  0  4  4  4  4  4  0  
0  4  0  0  0  4  0  0  4  4  4  0  0  4  4  0  0  4  4  0  4  4  4  0  0  0  0  0  4  4  0  4  4  0  4  4  0  4  4  4  4  4  4  4  4  0  0  0  4  4  0  4  0  4  4  4  4  0  0  4  0  0  4  4  4  0  0  0  4  4  0  0  4  0  4  0  4  4  4  4  
4  4  4  4  4  4  4  0  4  4  0  0  4  0  4  0  0  4  4  4  4  4  4  0  39  0  0  4  0  0  4  4  4  4  0  4  0  0  4  0  0  4  4  4  4  4  4  4  0  0  4  0  4  0  4  0  4  0  41  41  0  0  4  4  4  4  0  4  4  4  0  4  4  4  4  0  4  4  0  4  
0  0  4  0  4  4  0  4  4  4  4  0  4  4  4  4  4  0  4  4  4  4  4  4  0  4  0  4  4  4  4  0  0  0  4  4  4  4  4  4  4  4  4  4  0  4  4  0  0  4  4  4  4  4  0  0  4  0  0  0  4  0  0  4  4  4  0  4  0  4  4  0  4  4  0  4  4  4  4  4  
0  52  0  4  4  4  4  4  4  0  0  0  4  4  0  4  0  4  4  4  0  4  0  4  4  4  4  4  0  4  4  0  0  4  0  0  0  0  0  0  0  4  4  4  4  4  4  4  4  4  4  4  4  4  4  4  4  4  4  0  4  4  0  4  4  0  0  0  4  0  0  4  4  4  4  4  4  0  0  4  
4  0  4  4  0  4  4  4  4  0  0  59  0  4  4  0  0  4  0  4  4  4  4  4  0  4  0  0  4  4  4  4  4  4  4  4  0  0  0  61  61  0  0  4  4  4  4  4  0  4  0  4  0  4  4  0  4  4  0  4  4  4  4  4  0  4  4  4  0  0  4  4  4  0  4  0  0  0  4  4  
4  4  4  4  4  4  4  4  0  0  4  0  59  59  0  4  4  4  4  4  4  0  4  4  4  0  0  4  4  4  4  4  4  0  0  4  4  4  4  4  0  0  0  4  4  4  0  4  0  0  0  0  4  0  4  4  4  4  4  0  4  4  0  0  4  4  4  4  0  4  4  4  4  4  0  4  0  4  4  0  
4  4  4  0  4  0  4  4  4  4  4  0  0  0  0  4  4  4  0  0  4  0  0  4  4  4  4  4  4  0  0  0  0  0  4  4  4  4  0  4  4  0  4  4  0  0  4  4  0  4  4  4  4  4  4  0  4  4  4  4  4  4  4  0  0  4  4  4  0  4  4  0  4  0  4  4  0  4  4  4  
77  0  0  0  0  0  4  4  4  4  0  4  4  0  0  4  4  4  0  0  80  0  4  0  4  4  0  0  4  4  4  4  4  4  4  0  4  0  4  0  0  0  82  0  4  4  4  0  0  83  0  4  4  0  4  0  0  4  4  0  4  0  4  0  84  0  0  4  0  0  4  0  4  0  0  4  0  4  4  4  
0  0  4  4  0  4  4  0  0  4  0  4  4  4  4  4  0  4  4  4  0  4  4  0  4  4  4  4  4  0  4  4  4  4  4  0  0  4  4  4  4  4  0  4  4  4  4  4  0  83  0  4  0  4  0  0  0  4  4  4  4  4  4  0  0  0  0  4  0  4  4  4  4  4  4  4  4  4  4  0  
0  94  0  4  4  4  4  4  0  4  0  96  0  4  4  0  0  4  0  4  0  0  4  0  0  4  0  4  0  4  4  4  4  4  4  4  0  4  4  4  0  4  0  99  0  0  4  4  0  0  0  0  0  4  4  4  4  0  0  0  0  4  4  0  4  4  4  0  0  0  0  0  4  0  4  4  4  4  0  0  
4  0  4  4  4  4  4  4  4  4  4  0  4  4  4  4  4  4  0  4  4  0  4  4  4  4  4  4  4  4  4  4  4  0  4  0  4  4  0  0  0  4  0  0  0  4  4  4  0  107  0  4  4  4  4  0  4  0  4  4  0  4  0  4  4  0  4  4  4  0  0  4  4  0  4  4  0  0  0  112  
4  4  4  4  0  4  4  4  0  0  4  0  0  0  0  0  0  0  0  0  4  4  0  0  4  4  4  4  4  4  0  4  0  0  0  4  4  4  4  0  114  114  0  4  0  0  0  0  4  0  0  0  4  4  0  0  4  4  4  4  4  0  4  4  4  0  4  4  0  0  0  0  4  4  0  0  0  0  0  0  
0  0  4  4  4  4  4  0  4  4  0  119  0  4  4  4  4  4  0  4  4  0  122  122  0  4  0  4  4  4  0  4  4  0  4  4  4  4  4  4  0  0  0  4  4  0  0  124  0  4  4  0  0  4  0  4  0  4  0  4  0  4  4  0  4  4  0  4  0  0  4  0  4  4  0  0  129  129  129  0  
130  130  0  0  4  0  4  4  4  4  0  131  0  4  4  0  4  0  4  4  0  0  4  0  0  4  4  4  4  4  0  135  0  4  4  4  4  0  4  4  4  4  4  4  4  0  0  124  124  0  4  4  4  4  4  4  4  0  0  4  4  4  0  0  4  4  0  4  4  0  4  4  4  0  0  141  0  129  0  129  
0  130  0  142  0  4  4  4  4  4  0  0  0  0  4  4  4  0  4  4  4  4  4  4  4  0  4  0  4  4  4  0  0  4  4  0  0  4  4  0  4  4  4  0  4  4  0  0  0  4  0  0  0  0  4  4  0  4  0  4  4  4  4  4  4  4  0  4  4  4  4  4  4  4  0  141  0  129  0  129  
147  0  130  130  0  4  4  0  4  0  4  4  4  4  4  4  4  4  0  4  4  4  4  4  0  4  4  0  4  4  0  4  4  4  4  0  0  0  4  0  0  4  4  0  4  4  0  4  4  4  4  0  4  0  4  4  4  4  4  4  0  0  0  0  4  4  0  4  4  4  4  4  0  4  4  0  0  0  129  0  
147  147  0  0  0  0  0  4  4  4  0  4  4  0  4  0  0  4  0  0  4  4  4  4  4  4  4  4  4  4  0  4  4  4  4  0  0  0  0  4  4  4  4  4  4  4  4  4  4  0  0  0  4  0  0  4  4  4  0  4  0  4  4  4  4  4  4  0  4  4  4  0  0  4  4  4  0  0  129  129  
4  0  0  4  0  0  0  0  4  4  0  4  0  0  161  0  0  4  4  0  0  0  0  4  4  0  0  0  4  0  4  4  4  4  4  0  4  0  4  0  4  4  0  4  0  4  0  4  4  0  0  165  0  4  4  4  0  4  0  0  4  4  0  4  0  4  4  4  4  4  4  4  4  4  0  4  0  129  129  129  
4  4  0  4  0  167  0  4  4  0  4  4  4  0  0  4  4  4  0  4  4  4  4  4  4  4  0  0  4  0  0  0  0  0  4  4  4  4  4  0  4  4  0  0  4  4  4  0  4  4  4  0  0  4  4  4  4  4  4  4  0  0  4  4  4  0  4  4  0  4  4  4  4  4  0  4  0  129  0  0  
4  4  0  0  4  4  0  4  4  4  4  4  4  4  0  4  4  4  0  4  4  0  4  4  4  4  4  4  4  4  0  4  4  4  4  4  4  0  0  0  4  4  0  180  180  0  0  4  4  4  4  4  4  0  0  0  4  0  4  4  4  4  0  0  4  0  4  4  0  4  0  0  4  4  4  0  0  0  129  129  
4  4  4  4  4  4  0  0  4  0  0  4  4  0  4  4  4  0  0  4  4  0  0  4  4  4  4  4  4  0  0  0  4  4  0  4  0  0  184  184  0  0  180  180  180  0  4  4  4  4  4  4  0  4  4  4  0  4  4  4  4  4  0  4  0  0  4  4  0  4  0  4  4  0  0  4  0  129  129  129  
4  0  4  4  4  4  4  0  4  4  0  4  4  4  4  0  4  4  4  0  4  4  4  0  0  4  0  0  4  4  4  0  0  4  4  4  4  0  0  0  0  196  0  180  0  180  0  0  4  4  4  4  0  0  4  4  0  4  4  0  0  0  0  4  4  4  4  0  4  4  4  4  4  4  4  4  4  0  0  129  
4  4  4  4  4  0  4  4  4  4  4  4  4  4  0  0  0  0  4  4  4  4  4  4  4  0  199  0  0  0  0  200  0  4  4  4  4  4  4  4  4  0  201  0  202  0  203  0  4  4  4  4  0  4  0  4  4  4  0  4  4  0  4  4  4  0  0  4  4  4  4  4  4  4  0  0  0  208  208  0  
0  4  4  4  0  4  4  4  4  4  0  4  0  0  4  4  4  4  4  0  0  0  4  4  4  4  0  0  0  209  0  0  200  200  0  4  0  0  4  0  0  4  4  0  0  0  4  0  4  4  4  4  4  4  4  0  4  4  4  0  4  4  0  4  0  4  4  0  4  0  0  4  0  4  0  212  0  0  208  0  
4  0  4  0  214  0  0  0  0  0  0  4  4  4  4  0  0  4  4  4  4  4  0  4  0  4  0  0  215  0  216  0  200  0  4  0  0  0  0  4  4  4  4  4  4  4  4  4  4  0  4  4  4  4  0  0  4  4  0  0  4  0  219  0  4  4  4  4  4  0  221  0  0  0  222  0  223  223  0  224  
0  4  4  4  0  0  4  0  0  4  0  4  4  0  0  4  0  0  4  4  4  4  0  4  4  0  4  0  0  0  229  0  0  0  0  4  4  4  4  4  4  4  0  4  4  0  4  4  0  4  0  4  4  4  4  0  4  4  4  4  0  4  0  0  4  4  4  0  4  4  0  221  221  221  221  0  223  223  0  233  
0  4  4  4  4  4  4  4  0  4  4  4  4  4  4  4  4  0  0  0  4  4  4  0  4  4  4  4  4  4  0  0  4  4  0  0  4  4  0  0  4  0  0  4  0  0  4  0  0  0  4  4  4  4  0  236  0  0  4  0  4  4  0  4  4  0  0  4  4  4  0  0  221  221  0  0  223  223  0  233  
4  4  4  4  4  4  4  4  4  4  4  4  4  4  0  4  4  0  241  0  4  0  4  4  0  0  4  0  4  4  0  243  0  4  0  0  0  4  0  0  0  0  244  0  0  0  4  4  4  4  4  0  4  4  0  0  236  0  4  4  4  0  4  4  4  4  0  4  0  4  0  0  0  0  221  0  223  223  0  223  
0  4  4  0  4  4  4  0  4  4  4  0  4  4  0  0  4  4  0  4  4  4  0  0  0  4  0  4  0  4  0  0  4  4  0  254  0  4  0  255  255  0  244  244  0  256  0  0  0  4  4  4  0  0  0  257  0  258  0  4  0  0  0  4  0  4  0  4  4  4  4  4  0  259  0  223  223  0  223  223  
0  4  4  4  4  4  4  0  0  4  4  0  0  0  0  4  4  4  0  0  0  0  4  4  4  4  4  4  4  4  4  4  0  4  4  0  0  0  4  0  255  0  264  0  0  0  256  256  0  0  0  4  4  4  4  0  257  0  0  0  4  0  0  4  0  4  0  0  4  0  4  4  0  267  0  0  223  223  223  223  
268  0  4  4  4  0  4  4  0  4  4  4  0  269  0  4  0  0  4  4  4  4  0  4  0  4  4  4  4  4  4  4  4  0  4  4  4  4  4  0  0  0  0  271  271  271  0  256  256  256  0  4  0  0  0  0  257  0  4  4  4  0  4  4  0  4  0  4  0  4  4  0  4  0  223  223  223  223  223  0  
0  0  0  0  0  4  4  4  0  4  4  0  4  4  0  4  0  0  0  0  4  4  4  4  0  4  4  4  0  4  4  0  0  0  4  0  4  4  4  4  0  4  4  4  0  271  0  256  256  256  0  0  0  0  4  0  4  0  4  4  0  0  287  0  4  4  4  4  4  0  4  0  0  4  0  0  0  0  223  0  
0  288  288  288  0  0  4  4  4  4  0  4  4  4  4  4  0  4  4  4  4  4  4  4  0  4  4  4  0  0  0  0  0  0  4  4  0  0  4  0  291  0  4  4  4  0  292  0  0  0  4  4  4  4  4  4  4  4  4  0  0  0  0  0  0  4  0  0  4  4  4  0  4  4  0  223  223  223  223  223  
296  296  0  288  288  288  0  0  4  4  4  0  0  4  4  4  0  0  4  4  4  4  4  4  0  4  4  0  4  4  4  4  4  4  4  0  4  0  4  0  0  0  4  4  0  4  0  292  292  0  292  0  0  4  4  0  0  4  0  4  0  4  0  302  0  4  0  4  4  0  4  4  4  4  4  0  0  223  0  223  
0  0  288  288  288  0  4  4  4  0  0  4  4  4  4  0  0  4  4  4  4  0  0  0  4  4  4  4  4  4  4  4  4  0  0  4  4  4  4  4  0  4  4  4  0  0  0  292  292  292  292  292  0  4  4  0  0  4  4  0  4  4  4  0  0  4  4  4  4  4  4  0  4  4  4  4  4  0  223  223  
0  0  314  0  288  288  0  4  0  0  4  0  4  0  4  4  4  4  4  4  4  4  0  316  316  0  4  4  4  4  4  4  0  4  4  4  0  4  4  4  4  0  4  4  4  4  4  0  0  292  0  0  292  0  0  0  4  0  4  4  4  4  0  0  0  318  0  4  0  0  0  0  318  0  0  4  0  4  4  0  
320  0  314  0  288  0  4  4  0  4  4  4  0  4  0  4  0  0  0  4  4  4  0  316  316  316  0  4  0  4  4  4  0  4  0  4  4  4  4  4  4  4  4  4  4  4  0  4  4  0  4  0  0  4  4  4  4  4  4  4  0  0  0  327  0  318  318  0  328  0  318  318  318  0  0  4  0  4  4  4  
320  320  0  0  0  0  4  0  0  0  4  0  4  4  4  0  0  4  4  4  4  4  4  0  316  316  316  316  0  4  0  4  0  4  4  0  4  4  0  0  4  0  4  4  0  4  4  0  4  4  4  4  4  0  4  4  4  0  4  0  4  0  4  4  0  336  0  318  318  0  318  318  318  0  0  338  0  0  4  0  
0  0  0  0  4  4  4  4  4  4  4  4  4  4  0  4  0  0  4  0  0  4  0  316  316  0  316  316  0  4  4  4  4  4  0  4  4  4  4  4  0  0  4  4  0  0  4  4  4  0  4  4  4  4  0  0  0  4  4  4  4  4  4  4  0  0  318  318  318  318  318  0  0  345  345  0  0  346  0  347  
348  0  0  4  4  4  0  4  4  4  4  0  0  0  4  4  4  4  4  4  4  0  0  316  316  316  316  316  0  0  4  4  0  0  4  0  4  4  4  0  4  0  4  0  4  4  4  4  4  0  4  4  0  0  0  4  4  4  4  0  4  4  4  4  0  0  0  318  0  318  0  0  318  0  0  345  0  346  346  346  
0  4  4  4  4  4  0  4  4  0  4  4  4  4  4  4  0  4  4  0  0  0  0  316  0  316  316  0  4  4  4  4  0  0  4  0  4  4  4  0  4  4  4  4  4  0  4  4  4  4  0  4  0  4  4  0  4  0  4  0  0  4  4  0  0  318  318  318  0  318  318  318  318  0  0  0  346  346  0  0  
4  0  0  4  0  4  4  4  0  4  4  4  4  4  0  4  4  4  4  0  362  0  363  363  0  363  0  316  0  0  4  4  0  0  4  4  4  0  4  4  4  4  0  0  0  4  4  0  0  4  4  0  4  4  4  0  4  4  0  4  0  0  0  4  0  367  0  318  0  0  318  0  0  0  0  346  346  346  346  0  
4  0  4  4  0  4  0  0  0  4  0  0  4  4  4  4  4  0  4  4  0  363  363  363  363  363  363  0  0  4  4  0  4  0  4  4  0  4  4  0  4  0  374  0  0  0  4  4  4  0  4  4  0  0  4  4  4  4  4  0  4  4  4  0  0  367  0  0  376  376  0  0  0  377  377  0  346  346  0  378  
4  4  0  4  4  0  0  4  4  4  4  4  0  4  4  4  0  0  381  0  0  363  363  0  0  0  363  363  0  4  4  0  4  4  4  4  0  0  4  4  0  4  0  0  0  385  385  0  4  4  0  4  0  4  4  4  0  0  4  4  4  4  4  0  0  367  367  0  0  0  0  388  388  0  0  377  0  346  346  346  
4  4  0  4  0  389  0  0  4  0  0  4  4  0  4  4  0  390  0  4  4  0  363  0  0  0  0  363  0  0  0  392  0  4  4  0  0  4  4  4  0  0  4  4  0  385  0  395  0  0  4  0  4  4  4  0  0  0  0  4  0  4  0  0  4  0  0  399  399  399  399  0  0  400  0  0  0  0  346  346  
0  0  4  0  0  0  0  4  4  0  4  4  0  4  4  0  0  0  0  0  4  4  0  0  0  0  0  4  0  4  4  4  0  4  4  0  4  4  4  0  4  4  4  4  0  0  0  0  0  4  4  4  4  4  4  4  4  4  4  0  0  4  0  4  0  4  4  0  0  399  399  399  0  410  0  0  410  0  346  346  
0  0  4  4  0  4  4  4  4  4  4  4  0  4  4  0  0  0  4  0  4  4  4  4  0  4  4  4  4  0  4  4  0  4  4  0  0  4  0  4  4  0  4  0  4  4  0  4  4  4  4  0  4  0  4  4  4  0  4  4  4  4  0  4  0  4  4  0  4  0  399  0  410  410  410  410  410  0  0  346  
4  4  4  4  0  4  0  4  4  4  0  4  4  4  4  0  4  0  4  4  0  4  0  4  0  4  4  4  4  4  0  0  4  4  4  0  426  426  0  4  4  0  0  4  4  4  4  0  4  0  4  4  4  0  428  0  0  0  0  4  0  0  0  4  4  4  4  4  4  4  0  0  0  0  410  410  0  410  410  410  
0  4  4  4  0  4  4  0  4  0  0  4  0  0  4  4  4  4  4  4  0  4  0  4  4  4  4  4  0  4  4  4  0  4  4  4  0  0  0  4  4  4  4  4  4  0  4  4  4  4  0  0  0  428  428  0  431  431  0  4  4  4  4  0  0  4  4  4  0  4  0  0  0  432  0  0  0  0  0  0  
0  4  4  4  4  4  4  0  4  4  4  4  0  0  0  4  4  0  4  4  0  4  4  4  4  0  0  4  4  4  0  4  0  0  0  4  0  0  0  0  0  0  4  4  0  0  0  4  4  4  4  4  4  4  0  0  0  0  0  4  4  4  4  4  4  4  4  0  4  4  0  432  0  432  432  432  432  432  0  439  
0  4  0  0  4  0  4  0  4  0  0  4  4  4  0  4  0  0  0  4  4  4  4  4  4  4  4  4  0  0  0  4  4  4  0  4  4  4  4  0  0  4  4  0  441  0  0  0  4  0  0  4  4  4  0  0  0  4  4  4  0  4  0  4  4  0  0  4  4  0  432  432  0  0  432  0  432  0  0  0  
0  4  0  0  0  4  4  4  0  0  4  0  0  4  0  0  4  4  4  4  0  4  4  4  0  0  0  4  0  447  447  0  4  4  4  4  4  4  0  4  4  4  4  0  0  441  0  441  0  0  0  449  0  0  4  0  4  4  0  4  4  4  4  0  4  4  4  0  4  4  0  432  432  432  0  0  432  432  0  0  
0  4  4  4  4  4  4  0  0  4  4  4  4  4  4  0  4  4  4  0  0  0  0  4  0  0  4  4  0  0  0  0  4  0  0  4  0  0  4  4  0  0  0  0  0  441  441  441  441  441  441  0  0  0  4  4  0  4  4  4  4  0  0  455  0  4  4  4  4  4  0  432  432  432  0  432  0  432  432  432  
4  4  4  0  0  4  4  4  4  4  4  4  4  0  4  0  0  4  4  4  0  458  0  459  0  0  4  4  4  0  4  4  0  0  4  4  4  4  4  0  4  4  0  0  441  441  441  441  441  441  441  0  0  464  0  0  0  4  4  4  4  4  0  0  455  0  0  0  0  0  0  432  0  432  0  0  432  432  432  0  
4  4  4  4  0  0  4  0  0  0  0  0  0  4  4  0  0  4  4  4  0  458  0  459  459  459  0  4  0  0  0  4  4  4  4  4  4  4  0  4  4  4  4  4  0  441  441  441  441  441  0  4  0  0  0  4  0  4  4  4  4  0  0  0  455  455  0  0  0  0  432  432  432  432  432  432  432  432  0  0  
4  4  0  0  0  0  0  0  473  473  473  473  0  0  4  0  0  474  0  4  4  0  0  0  459  0  0  0  0  0  4  4  4  4  4  0  0  0  4  4  4  0  0  0  4  4  0  441  0  0  441  0  4  0  4  4  4  4  0  4  4  0  477  0  0  0  455  455  455  0  0  0  0  0  432  432  432  0  0  478  
0  4  4  0  479  479  479  0  0  0  0  473  0  480  0  0  0  474  0  0  0  459  459  0  459  459  459  459  459  0  4  4  0  4  0  482  0  0  4  4  4  4  0  0  4  0  441  441  0  0  0  4  4  4  4  4  0  0  4  4  4  4  0  0  486  0  455  455  0  0  0  432  432  432  432  432  0  0  478  478  
0  489  0  4  4  0  479  0  473  473  473  473  473  473  0  491  0  473  0  473  473  473  0  459  459  459  459  459  0  459  459  0  0  0  0  494  0  0  4  4  4  4  4  4  0  0  0  0  441  0  496  496  0  0  0  0  4  4  4  4  4  0  0  0  432  0  432  0  455  0  499  0  432  0  0  432  432  432  432  0  
489  489  0  0  0  501  0  502  0  473  0  473  0  473  0  0  473  473  473  473  0  473  473  0  0  459  459  459  0  0  0  0  4  4  0  0  0  4  0  4  0  4  4  4  4  4  4  4  0  0  0  0  0  0  0  4  4  0  0  0  0  432  432  0  432  432  432  0  455  0  0  0  0  432  432  432  0  0  432  432  
0  0  0  0  473  473  0  0  0  0  473  473  0  473  473  473  0  473  0  0  0  0  473  473  473  0  0  459  459  0  4  4  0  4  4  4  4  0  4  0  4  0  4  0  4  4  0  4  0  4  0  0  513  0  4  4  4  4  4  0  432  432  432  432  0  432  432  0  432  0  0  0  432  432  432  0  432  0  0  432  
0  518  0  0  473  473  473  473  473  0  473  473  473  473  0  473  473  0  473  0  0  0  473  473  473  0  520  0  0  4  4  0  0  4  4  0  4  4  4  4  4  4  4  4  4  0  4  4  4  4  4  4  0  4  4  4  0  4  4  0  0  432  0  432  432  432  432  0  432  432  432  432  432  0  432  432  432  432  0  0  
518  518  518  518  0  473  473  0  0  473  0  473  473  473  473  0  473  473  473  473  473  0  473  473  473  473  0  0  0  4  4  4  4  4  4  4  4  4  4  4  0  0  4  0  4  4  0  0  4  4  4  4  4  0  4  4  4  4  4  4  0  0  0  0  432  0  432  0  432  432  432  0  0  0  0  432  0  0  432  432  
0  0  518  0  0  473  473  473  0  473  0  473  0  473  0  473  473  473  473  0  473  473  473  0  473  0  0  0  4  4  4  4  4  4  4  0  0  0  0  4  0  4  0  4  4  0  0  532  0  4  0  4  4  0  4  4  0  0  0  0  533  0  0  432  432  432  0  432  0  432  432  0  432  432  432  0  432  432  432  0  
538  0  538  0  540  0  0  473  473  473  0  473  473  473  0  0  473  473  473  473  473  0  473  473  473  0  0  4  0  4  4  0  0  0  0  4  4  0  543  0  4  4  4  4  0  0  0  0  0  4  4  4  0  4  0  0  0  0  545  545  0  533  0  0  432  0  432  432  432  432  432  432  0  432  432  0  0  0  432  0  
538  538  538  0  0  538  538  0  473  0  0  473  473  0  0  0  473  0  0  0  473  473  0  0  0  0  4  4  0  4  0  4  4  0  549  0  4  4  0  4  4  4  4  4  4  0  4  0  4  4  4  4  4  0  553  553  553  0  545  0  545  0  0  555  0  556  0  432  432  432  432  432  432  432  432  432  432  432  0  557  
538  538  538  538  538  538  538  538  0  473  473  473  0  473  473  473  0  0  559  0  473  473  0  4  4  0  4  4  4  4  4  4  4  0  4  0  4  0  0  0  4  0  0  0  4  4  0  4  4  4  0  0  4  4  0  553  0  553  0  545  545  545  0  555  555  0  556  0  0  0  0  432  0  0  432  432  0  0  0  0  
0  0  538  538  538  538  538  0  0  0  473  473  473  473  0  0  473  473  0  473  0  473  0  4  0  4  4  0  4  0  4  0  4  4  4  4  4  4  0  4  4  0  4  0  4  0  0  0  0  0  571  0  0  4  4  0  4  0  545  545  545  545  0  555  0  0  556  0  574  0  432  432  432  0  432  432  432  432  432  432  
538  538  538  538  538  0  538  0  0  577  0  473  0  473  473  473  0  473  473  473  473  473  473  0  4  4  0  0  4  4  4  4  4  0  0  0  0  0  4  0  4  4  4  4  4  4  4  4  4  4  4  0  579  0  4  4  4  4  0  545  0  0  545  545  0  0  574  0  574  574  574  0  432  0  432  432  432  432  432  0  
538  538  0  538  0  538  538  538  538  0  538  0  0  473  473  0  0  473  0  473  473  473  0  585  0  4  4  4  4  4  0  0  0  586  0  0  4  4  4  4  4  4  4  4  4  0  4  4  0  4  4  0  0  588  0  0  0  4  4  0  4  4  0  545  0  574  574  574  574  0  0  591  0  592  0  432  432  0  0  0  
0  538  0  0  538  538  538  538  0  538  538  538  0  473  473  0  473  0  0  0  473  0  473  473  0  595  0  4  4  0  4  4  4  4  0  4  4  4  4  4  0  0  4  4  0  0  0  4  0  0  4  0  597  0  588  0  0  0  0  4  4  4  4  4  0  574  0  574  574  574  574  0  0  432  0  0  432  432  0  600  
601  0  602  0  0  0  0  0  0  538  538  538  538  0  0  473  473  0  473  473  473  473  473  473  473  0  4  4  0  4  4  0  0  0  0  4  4  0  0  4  4  4  0  0  0  607  607  0  0  608  0  597  597  597  0  610  610  610  610  0  4  0  0  0  0  574  574  574  574  574  574  0  432  432  432  0  0  432  0  0  
0  601  601  0  538  538  538  538  538  0  538  0  538  538  0  0  473  473  473  473  0  0  0  473  0  0  4  4  4  4  4  0  0  4  4  4  0  4  0  0  4  0  0  0  610  0  0  0  608  0  608  0  597  0  597  0  610  610  610  610  0  0  0  0  574  574  574  574  0  574  574  0  432  432  432  432  0  0  432  432  
0  601  601  0  538  538  0  538  0  0  0  538  538  538  0  473  473  473  473  0  473  0  473  0  0  0  0  0  4  0  0  0  0  4  4  4  0  0  4  0  4  4  0  0  610  610  610  0  608  608  608  0  0  0  0  610  0  610  0  610  0  0  0  574  574  574  574  574  574  574  0  626  0  432  0  432  432  432  432  0  
627  0  601  0  601  0  0  0  538  538  538  538  538  538  538  0  473  0  473  0  473  473  473  473  0  0  473  0  4  4  4  4  0  4  4  4  0  4  4  4  4  0  4  0  610  610  0  610  0  608  0  0  610  610  610  610  610  610  610  610  610  610  610  0  574  0  574  574  574  574  574  574  0  0  0  636  0  432  432  0  
627  0  601  601  601  601  0  637  0  538  538  0  538  0  538  0  0  473  473  473  473  473  473  473  473  473  473  473  0  4  0  4  4  4  4  4  4  0  0  0  4  0  4  4  0  610  610  610  610  0  610  610  610  0  610  0  0  0  610  610  610  0  0  574  574  574  0  574  574  574  574  0  574  0  636  636  0  432  432  432  
627  627  0  601  0  601  0  644  0  538  538  538  538  0  646  0  646  646  0  0  0  0  473  0  0  0  473  473  0  0  0  0  4  4  4  4  4  0  0  4  4  4  4  4  4  0  0  610  610  610  610  610  0  610  0  610  610  0  0  610  0  610  610  0  574  574  0  0  574  574  0  0  574  574  574  0  0  574  0  0  
0  0  0  0  651  0  0  0  538  538  0  0  0  0  646  646  646  646  646  0  0  473  473  473  473  473  473  0  0  4  4  4  4  0  4  4  4  4  4  4  0  4  0  0  0  0  0  610  610  610  610  0  0  0  610  610  610  0  610  610  0  0  610  0  574  0  0  0  0  574  574  574  574  574  574  574  574  574  574  574  
0  657  657  0  658  0  0  0  538  538  0  660  0  0  661  0  646  0  0  0  0  473  473  0  0  473  473  0  0  4  4  4  0  0  4  4  0  4  0  0  4  4  4  4  4  4  0  610  610  0  0  0  666  0  610  610  610  0  0  610  0  668  0  610  610  0  669  669  669  669  0  574  0  0  574  574  0  0  0  574  
