2  0  3  0  4  4  0  4  0  6  0  7  7  7  0  0  7  0  0  7  7  7  7  7  7  0  0  0  10  10  0  0  11  11  11  0  11  0  13  0  0  14  14  0  0  0  15  0  0  16  16  16  0  0  17  0  0  0  16  0  0  19  0  0  20  20  0  21  0  22  0  22  22  0  0  0  24  24  0  0  
2  2  0  0  26  0  4  4  4  0  0  0  7  0  7  7  7  7  7  0  7  0  7  0  0  0  27  27  27  0  10  0  0  0  11  11  11  11  11  0  14  14  14  0  0  0  29  0  30  30  0  16  16  0  0  0  31  0  16  16  16  0  19  0  0  20  0  33  0  22  22  22  0  22  22  0  0  24  24  24  
0  2  2  0  0  0  4  0  0  0  7  0  0  7  7  0  0  7  7  7  7  0  7  0  0  0  0  0  0  10  10  10  0  38  0  11  0  0  11  0  14  14  0  39  39  0  0  40  0  0  0  0  16  16  0  0  31  0  0  16  0  0  0  41  41  0  33  33  33  0  22  22  22  22  22  0  0  0  0  24  
43  43  0  0  0  0  0  4  0  0  0  7  7  7  7  0  0  7  7  0  0  7  0  7  7  0  0  7  7  0  0  10  10  0  0  0  0  0  46  0  14  14  14  0  0  0  48  0  0  49  0  0  50  0  16  16  16  0  0  0  16  16  16  16  0  0  33  33  0  33  0  0  0  0  0  0  0  52  52  0  
0  0  53  53  53  0  0  4  0  0  54  0  0  7  7  7  0  0  7  0  0  7  7  7  7  0  0  0  7  7  0  10  10  0  55  0  0  56  0  14  14  0  14  14  0  58  0  59  0  0  0  50  50  0  16  16  16  16  16  16  0  0  16  0  61  0  0  0  0  0  0  0  0  0  0  62  62  0  0  0  
63  63  0  0  0  0  4  4  4  0  65  0  0  0  7  7  0  0  0  0  66  0  7  0  7  7  7  7  0  7  0  10  10  10  0  0  0  0  0  0  0  14  0  0  14  14  0  0  0  68  0  50  50  0  0  16  0  16  16  16  16  16  16  16  16  0  70  70  0  0  71  0  72  0  0  0  62  62  62  62  
0  63  63  63  63  0  4  4  4  0  0  73  73  73  0  7  0  7  7  0  0  7  7  7  7  0  0  7  7  7  0  10  0  10  10  10  0  0  0  0  14  14  0  0  14  0  14  14  0  68  0  0  50  50  50  0  78  0  0  16  16  0  16  16  0  79  0  70  70  0  71  0  72  0  80  80  0  62  0  62  
81  81  0  63  0  0  82  0  0  4  0  0  0  0  0  0  7  7  7  7  7  7  7  0  0  0  83  0  0  7  0  0  10  0  0  0  10  0  0  84  0  0  0  85  0  14  0  14  0  0  68  68  68  0  50  50  0  0  16  16  16  16  0  0  0  87  0  0  70  0  0  0  72  72  0  80  0  89  0  90  
81  0  0  0  0  4  0  4  4  4  0  93  93  93  0  94  0  0  7  7  7  0  0  95  95  0  83  83  83  0  96  96  0  0  0  97  0  98  98  0  99  99  99  0  0  14  14  14  14  0  68  68  68  0  0  0  100  0  16  16  16  16  16  16  0  87  0  101  0  102  0  0  0  72  0  0  103  0  0  0  
0  0  4  4  4  4  4  4  4  4  0  0  0  93  93  93  0  105  0  0  0  7  0  0  0  95  95  0  83  0  0  96  0  106  0  107  0  0  0  0  99  99  0  99  0  0  14  14  14  14  0  68  68  68  68  0  109  0  0  0  0  16  0  0  16  16  0  101  101  101  0  101  101  101  0  112  0  103  0  0  
4  4  4  4  0  0  4  4  4  4  0  114  0  0  93  93  0  105  105  105  105  0  0  0  115  0  95  0  0  0  0  0  116  0  117  0  118  118  118  0  0  0  0  0  119  0  0  0  0  0  68  68  0  0  0  0  0  121  121  121  0  16  16  16  16  0  0  0  0  101  101  101  101  101  101  0  103  103  0  123  
0  0  4  4  4  0  0  4  0  0  0  114  114  114  0  0  0  105  105  105  0  0  115  115  115  115  115  0  127  0  0  0  128  0  0  0  0  0  0  118  0  0  129  129  0  0  0  0  0  0  130  0  0  0  0  131  0  0  0  0  0  132  0  16  16  0  16  16  0  101  101  0  101  101  0  0  0  103  103  103  
0  4  4  4  4  4  0  0  0  0  136  0  114  0  137  137  0  105  105  105  0  138  0  0  0  0  0  0  127  0  0  0  0  0  0  118  118  0  118  118  118  118  0  129  129  129  0  0  0  141  0  0  142  0  0  131  131  0  0  143  143  0  0  16  16  16  16  0  0  0  0  144  0  101  0  0  0  0  103  0  
0  145  0  4  0  0  4  4  0  0  136  136  0  114  0  137  137  0  105  105  0  0  0  147  0  147  147  147  0  0  0  0  149  0  0  150  0  118  118  118  0  118  0  151  0  0  0  152  0  118  0  118  118  0  0  0  131  0  0  0  0  0  16  16  16  0  0  0  156  0  0  0  0  0  101  101  0  157  0  0  
0  145  0  0  158  0  4  0  159  0  136  0  0  114  114  0  0  105  105  0  0  0  147  147  147  147  147  0  0  0  0  0  0  0  150  150  0  118  118  118  118  0  163  0  0  164  164  0  118  118  0  118  118  0  0  0  131  0  0  0  166  0  16  16  16  0  0  0  156  0  0  0  0  167  0  101  101  0  0  0  
0  0  145  0  168  0  169  0  0  0  0  136  0  114  114  0  0  171  0  105  0  0  0  147  0  0  147  147  0  172  172  0  0  0  173  0  0  174  0  0  118  118  118  0  0  0  0  0  0  0  118  118  118  118  118  118  118  0  0  175  175  0  16  16  0  16  16  0  0  156  0  0  0  0  0  101  101  101  0  178  
0  145  145  145  0  0  169  0  180  180  0  0  0  0  114  0  171  171  171  0  0  0  0  147  0  147  0  0  172  172  0  0  0  0  0  118  118  0  0  118  118  0  118  118  0  118  0  0  118  118  0  118  118  0  0  118  118  0  0  175  175  0  0  0  0  16  16  0  188  0  0  0  0  189  0  101  0  0  0  0  
0  190  0  145  0  180  180  0  0  180  180  0  0  0  192  0  0  0  171  0  193  0  0  147  147  147  147  0  0  172  0  0  195  195  0  0  0  118  0  118  118  118  0  118  118  0  118  118  118  118  0  118  118  118  118  118  0  118  0  0  175  0  198  0  199  199  0  0  188  188  188  0  0  0  0  101  101  0  202  202  
203  0  0  0  180  180  180  180  0  0  180  180  0  192  192  0  206  0  171  0  193  0  207  0  147  0  0  0  172  172  172  172  0  0  209  0  0  118  0  118  118  118  118  118  118  118  118  118  118  118  0  118  118  0  118  0  210  0  0  211  0  198  198  0  0  199  0  0  0  188  188  188  0  0  0  0  0  0  202  202  
0  0  0  0  180  180  0  180  180  180  180  180  180  0  0  0  0  206  0  0  214  0  0  0  0  0  0  0  0  0  172  172  172  172  0  209  209  0  118  118  118  118  118  0  118  118  118  0  118  118  118  0  118  0  0  0  210  210  210  0  0  0  0  0  216  216  0  0  0  217  0  188  0  0  202  202  202  202  202  202  
0  0  219  0  180  0  0  180  0  180  0  180  0  0  220  0  0  0  0  214  214  0  0  0  214  0  223  223  223  0  0  0  0  0  209  209  209  0  0  118  0  118  0  225  0  118  0  118  0  0  118  118  118  0  0  0  0  210  210  210  0  210  210  0  216  216  216  0  228  0  0  0  0  0  202  0  0  0  0  202  
229  229  229  0  0  180  0  180  180  180  0  180  180  0  232  0  214  214  214  214  214  214  214  214  214  214  0  223  0  0  0  0  209  209  209  209  0  0  0  118  118  118  118  0  0  0  118  118  118  118  0  0  0  118  0  0  236  236  0  210  210  210  210  0  216  216  216  0  0  0  202  202  0  0  202  202  202  0  240  0  
0  229  0  180  180  180  180  0  180  0  214  0  0  0  0  0  214  214  214  0  214  214  214  0  214  214  0  223  223  0  243  0  209  0  209  209  0  0  244  0  118  0  118  118  118  0  118  118  0  0  245  0  0  0  0  0  236  236  0  210  210  0  210  0  216  0  216  216  216  216  0  202  202  202  202  202  202  0  240  240  
246  0  0  247  0  0  0  180  180  0  0  214  214  214  214  214  214  214  214  214  214  214  0  214  0  0  0  0  0  223  0  243  0  209  209  0  0  0  244  244  0  118  118  0  0  0  0  0  0  249  0  0  250  0  0  0  0  0  236  236  0  0  0  0  0  216  216  0  0  216  0  0  0  0  0  0  202  0  0  240  
246  246  0  0  251  0  0  180  0  0  0  0  214  0  214  0  214  0  214  0  0  214  214  214  0  0  0  252  0  0  0  0  253  0  0  254  0  244  244  0  0  0  0  0  244  244  0  257  257  0  0  0  250  0  0  236  236  0  236  0  259  0  0  0  0  216  216  0  216  0  0  0  0  216  0  0  0  0  0  240  
262  0  0  0  251  251  0  264  0  265  0  266  0  0  267  0  0  214  214  0  214  214  214  0  0  269  0  252  252  0  0  253  253  253  0  272  0  0  0  244  0  0  0  0  0  0  244  0  257  0  0  0  273  0  274  274  0  236  236  236  236  0  0  0  0  216  0  216  216  216  216  216  216  216  216  0  0  0  0  276  
0  251  251  0  0  251  251  0  278  0  0  0  0  279  0  0  0  0  214  214  0  214  0  280  0  269  0  252  0  0  0  253  0  0  272  272  0  244  244  244  0  244  244  244  244  244  244  0  257  257  257  0  0  0  0  274  0  236  236  236  0  284  0  0  216  216  216  216  216  216  216  0  216  216  216  0  0  0  0  0  
286  286  0  251  251  251  251  0  287  0  0  0  288  288  0  288  288  288  0  0  0  0  0  0  0  0  0  0  252  252  0  0  0  0  272  272  0  272  0  244  244  244  0  244  0  0  0  0  0  0  0  0  292  0  0  0  274  0  236  236  236  0  0  293  0  216  216  216  216  216  216  0  0  216  0  0  294  0  295  0  
0  286  0  0  0  0  0  0  287  0  288  288  288  0  288  288  288  288  0  298  298  0  299  299  0  300  300  0  252  252  252  0  0  272  272  272  272  272  272  0  244  244  244  244  0  302  302  0  303  303  303  303  0  0  0  0  274  274  0  0  236  0  0  293  0  0  0  216  0  0  216  0  304  0  305  0  0  0  0  0  
306  0  286  0  0  0  307  0  308  0  309  0  0  288  0  0  288  0  288  288  0  0  310  0  0  300  300  0  0  0  0  0  0  0  0  272  0  0  272  0  303  0  0  0  244  0  302  0  0  303  0  0  303  0  313  313  313  0  0  0  0  0  0  293  293  293  0  0  0  0  315  0  0  0  0  305  305  0  316  316  
0  0  286  286  0  0  0  317  0  309  309  0  288  288  288  288  288  0  0  288  0  310  310  310  310  0  300  0  0  0  0  0  0  0  0  272  0  0  0  303  303  0  244  244  244  0  0  0  0  303  303  0  303  0  313  0  313  313  313  0  0  323  0  0  0  0  0  324  0  0  0  0  0  305  305  305  305  305  0  0  
326  0  286  286  0  0  0  0  0  309  309  0  288  288  288  288  288  0  330  0  0  0  0  0  310  310  0  0  331  331  0  0  332  0  0  303  0  0  334  0  303  0  244  244  0  0  303  303  303  303  303  303  0  0  0  313  313  0  0  313  313  0  323  323  0  324  0  324  324  324  0  0  339  0  0  0  0  0  0  340  
326  0  0  0  0  0  309  309  309  309  309  0  288  288  0  0  0  0  330  0  342  0  343  343  0  0  344  0  0  0  303  0  332  0  0  303  303  303  0  303  303  0  0  0  303  303  303  0  0  303  0  303  303  303  303  0  313  0  313  313  0  349  0  323  0  324  324  324  324  0  0  339  339  339  339  0  0  0  0  0  
351  0  352  352  0  0  0  309  309  309  0  0  0  288  0  0  353  353  0  330  0  342  0  343  343  343  0  344  344  344  0  303  303  0  303  303  303  303  303  303  0  303  0  303  303  303  0  0  356  0  303  303  303  0  0  303  0  0  313  313  313  313  0  0  323  323  0  324  0  0  339  339  339  339  339  339  339  0  0  0  
0  359  0  0  0  360  0  0  309  0  361  0  362  0  363  0  353  0  330  330  0  342  0  343  343  343  343  0  0  0  303  303  303  0  303  303  0  0  0  0  0  303  303  303  303  0  0  0  0  0  303  303  303  0  0  303  303  0  0  0  313  313  313  0  323  0  0  324  0  0  339  0  339  339  0  339  339  339  339  339  
366  0  0  0  367  0  360  0  368  0  369  0  0  362  0  0  370  0  0  0  330  0  342  0  343  0  0  343  343  343  343  0  0  303  0  303  303  0  303  303  0  0  0  0  303  303  303  0  372  0  303  303  0  0  303  303  0  303  0  0  375  0  313  0  0  0  0  0  324  0  324  0  0  339  0  339  339  339  339  0  
366  0  378  0  367  0  0  0  0  0  369  369  0  362  0  370  370  0  0  0  0  380  0  381  0  0  0  0  0  343  0  303  303  303  0  303  303  303  303  0  0  303  303  303  303  0  0  0  0  384  0  303  303  0  0  303  0  0  0  375  375  0  313  0  313  0  0  324  324  324  324  0  339  339  0  339  339  0  339  339  
389  0  0  0  0  367  0  390  0  0  391  0  369  0  362  0  0  370  370  0  0  392  0  343  0  0  343  0  343  0  343  0  0  0  303  0  0  0  303  303  303  303  0  303  303  303  303  303  0  384  384  0  303  303  0  303  303  0  375  375  375  375  0  313  313  313  313  0  0  0  0  0  0  339  339  0  0  339  339  339  
0  390  390  390  0  0  390  390  390  0  0  0  0  0  362  0  370  370  370  0  402  0  343  343  0  0  343  343  343  343  343  343  343  0  303  0  0  0  0  303  0  303  303  303  303  0  303  303  0  384  384  0  303  303  303  303  0  0  375  375  375  0  0  313  313  0  0  404  0  405  0  0  339  339  339  0  0  339  0  339  
407  0  390  390  0  0  390  390  0  390  390  0  409  0  0  0  0  0  370  370  0  0  0  343  0  343  343  343  343  0  0  343  343  0  0  303  303  303  303  303  303  303  0  303  0  303  303  303  0  0  384  0  0  0  0  303  303  0  0  375  375  375  0  411  0  0  412  0  0  0  405  0  339  339  0  339  339  339  0  414  
0  0  0  390  390  390  390  0  415  0  0  0  0  0  0  416  0  0  0  0  0  0  343  343  0  343  0  343  343  343  343  343  0  418  0  303  0  303  303  0  303  303  303  303  0  0  303  0  0  0  0  0  0  0  0  303  0  419  419  0  0  0  420  0  421  0  412  412  0  0  0  339  339  0  0  0  339  339  339  0  
423  0  0  0  390  0  0  390  0  0  424  0  425  0  426  0  416  0  0  0  427  0  0  343  343  343  343  0  343  343  0  0  0  0  418  0  303  0  303  303  303  303  303  0  0  0  0  303  303  303  0  0  303  303  0  0  0  0  419  0  429  0  0  0  430  0  0  412  412  412  412  412  0  0  0  339  339  339  339  339  
0  390  0  0  390  0  0  390  0  433  0  434  0  0  426  0  0  343  343  0  427  427  0  343  343  343  0  436  0  343  343  0  0  0  0  437  0  0  303  0  303  303  0  0  0  438  438  0  303  303  303  0  303  303  303  303  0  419  419  419  0  430  430  430  430  0  0  0  0  412  412  0  412  412  412  0  0  339  0  0  
442  0  390  0  390  0  390  390  390  390  0  0  0  0  445  0  0  343  343  0  0  0  0  343  343  343  0  448  0  0  343  343  0  0  437  437  437  437  0  0  0  0  0  0  303  303  0  0  0  0  303  303  303  303  303  303  0  451  0  0  0  430  430  430  430  0  0  453  0  0  0  412  412  412  412  0  454  0  0  455  
0  0  390  0  390  390  390  0  0  390  0  456  456  0  0  0  0  0  343  343  343  343  343  343  0  0  0  0  457  457  0  0  437  437  437  0  437  0  0  437  437  0  0  460  0  303  303  303  303  303  303  0  0  303  0  303  303  0  0  0  430  430  0  0  430  430  0  453  0  0  0  412  412  0  0  454  454  454  0  0  
390  390  390  390  0  0  390  0  0  464  0  456  456  456  0  466  466  0  0  0  343  0  343  0  0  0  0  467  0  457  0  0  468  0  437  437  0  437  437  437  437  0  469  0  0  303  303  303  0  303  303  0  0  0  0  0  303  303  0  0  430  430  430  0  430  430  0  0  0  0  412  412  412  0  0  474  0  454  0  475  
390  390  0  390  0  390  390  0  0  0  0  456  0  0  466  466  466  0  343  0  343  343  0  343  343  343  343  0  457  457  0  0  468  0  0  437  437  437  0  437  0  0  0  303  303  303  303  0  0  0  303  303  303  303  303  0  0  303  0  430  430  430  0  0  430  430  430  430  430  430  0  412  0  0  474  474  0  0  0  0  
390  390  0  390  0  0  0  390  390  0  0  0  456  456  456  0  466  0  0  343  343  343  0  0  343  343  0  343  343  0  0  0  486  0  437  0  0  0  437  437  0  0  437  0  0  303  0  0  303  303  0  0  303  303  0  0  490  0  0  0  0  0  430  0  491  0  0  0  0  430  0  0  0  0  0  0  0  492  492  0  
390  390  390  390  390  390  390  0  390  390  0  0  456  0  456  0  0  343  343  343  343  343  0  0  0  0  0  343  0  343  343  343  0  0  437  437  437  437  437  437  437  437  437  437  437  0  495  0  303  303  303  0  0  303  303  0  0  496  496  496  0  0  0  0  0  0  497  0  0  0  498  0  492  0  492  492  492  492  0  0  
0  0  390  390  390  390  390  0  501  0  390  0  456  456  0  0  0  0  343  0  0  0  343  343  343  343  0  343  343  343  343  343  343  343  0  0  0  0  437  437  0  0  0  437  437  437  0  495  0  303  0  303  303  0  303  0  504  0  0  496  496  0  0  505  505  0  0  497  497  0  506  0  0  492  492  492  0  492  0  0  
507  0  390  0  0  390  390  0  0  390  390  0  0  0  509  509  509  0  343  343  0  343  343  0  343  343  343  343  0  0  0  343  0  0  0  511  0  512  0  0  437  0  437  437  0  437  437  0  0  0  515  0  303  303  303  0  504  0  516  0  0  505  505  505  0  505  0  497  497  0  0  0  519  0  0  492  492  0  520  0  
521  0  0  390  390  0  390  390  0  0  0  390  0  0  0  0  0  0  343  343  0  0  343  0  343  0  343  343  343  343  0  343  343  0  0  525  0  0  512  0  0  437  437  0  437  0  437  437  437  0  0  0  526  0  0  303  0  0  0  516  516  0  505  505  505  505  505  505  0  0  505  505  505  0  0  528  0  0  0  0  
0  0  0  390  390  390  390  390  390  390  0  390  0  529  0  343  0  0  343  343  343  0  343  343  343  343  343  343  0  343  343  0  0  0  0  0  0  531  0  0  0  0  437  0  0  0  0  437  0  532  0  533  0  0  534  0  0  0  0  516  516  0  0  0  0  505  0  505  505  0  505  0  505  0  528  528  528  528  528  0  
536  536  536  0  0  390  0  390  390  390  390  390  390  390  0  343  343  0  0  343  343  0  343  343  0  343  343  0  0  343  343  0  540  0  0  0  0  0  531  0  541  0  437  437  437  0  437  437  437  0  0  0  533  533  0  534  0  544  0  516  516  0  546  546  0  505  0  505  505  505  505  505  0  0  549  0  0  528  0  528  
536  0  0  0  390  390  390  0  390  390  0  390  0  0  551  0  343  343  343  343  0  0  0  0  0  0  0  0  0  343  0  540  540  0  0  0  553  553  0  0  541  0  0  437  437  437  437  437  437  0  0  0  0  0  554  0  555  0  0  516  516  0  546  546  0  505  0  505  0  0  505  0  0  549  549  549  549  0  528  528  
390  0  390  390  390  390  0  390  390  390  0  0  0  343  343  0  0  0  343  0  343  0  0  561  561  561  0  562  0  563  0  0  540  540  0  0  553  553  0  0  0  0  0  565  0  0  437  437  437  437  437  437  0  0  554  554  554  0  516  516  0  516  0  546  0  0  505  0  505  505  0  0  0  0  0  549  549  0  568  0  
390  390  390  0  390  390  0  390  0  390  390  390  0  0  343  343  0  343  343  343  0  561  561  561  561  561  0  0  0  563  563  563  0  540  0  0  0  553  0  571  571  0  0  0  0  0  0  0  437  0  0  437  437  0  0  0  0  0  0  516  516  516  0  0  505  505  505  505  0  505  0  0  0  0  0  549  0  0  0  573  
574  0  0  390  390  390  0  390  390  390  390  390  390  390  0  343  0  0  343  343  0  0  561  561  0  561  0  0  0  563  563  0  0  577  0  578  0  0  553  0  571  0  0  0  579  0  0  0  580  0  581  581  0  437  0  0  516  516  516  516  516  516  0  583  583  0  505  505  505  505  505  0  505  505  0  585  0  0  0  586  
0  390  0  390  390  390  390  0  390  390  390  0  0  390  0  343  343  343  343  0  0  588  0  561  561  0  589  0  0  563  0  590  0  577  0  578  578  578  0  0  0  0  591  0  0  592  0  0  0  581  581  581  0  0  0  0  0  516  516  516  0  0  594  0  0  0  505  505  0  505  505  505  505  0  505  0  0  0  596  0  
0  390  390  390  0  390  390  390  0  0  0  390  390  0  0  343  343  343  343  0  0  0  0  599  0  561  561  0  563  563  563  0  590  0  577  0  0  578  0  578  0  0  0  591  591  0  0  602  602  0  581  0  581  581  581  0  0  0  0  0  0  603  603  0  604  0  505  505  0  0  0  505  0  505  0  505  0  0  606  0  
0  0  390  390  390  390  390  390  390  390  390  0  0  607  0  0  343  0  0  608  608  608  608  0  561  561  561  561  0  0  563  0  590  0  0  0  0  578  578  578  0  610  0  591  0  611  0  602  0  612  0  581  581  581  581  0  0  0  0  603  603  603  603  0  0  0  0  0  505  505  505  505  505  0  505  505  0  617  0  0  
618  618  0  390  390  0  390  0  390  0  390  0  0  607  607  607  0  343  0  620  0  608  0  0  621  0  0  0  0  622  0  0  0  0  622  0  0  578  578  578  578  578  0  625  0  626  0  627  0  0  612  0  581  581  581  0  628  0  0  0  0  0  0  603  0  0  0  0  505  505  0  505  505  505  505  505  505  0  0  630  
0  618  0  0  390  390  390  390  0  0  0  631  0  0  607  607  0  0  620  620  620  0  0  633  0  0  0  0  0  622  622  622  622  622  622  0  622  0  578  0  0  0  635  0  626  626  0  627  627  0  0  637  0  581  581  581  0  638  0  0  0  0  0  0  505  0  505  0  505  0  0  0  0  505  0  0  0  0  0  0  
0  0  618  0  641  0  390  0  0  0  642  0  0  643  0  0  607  607  0  620  0  0  633  633  633  633  633  633  633  0  0  622  0  622  0  622  622  622  622  0  0  0  0  0  0  626  0  645  0  0  646  0  0  0  581  0  581  0  638  0  647  647  0  648  0  505  505  505  505  505  505  0  0  505  505  505  505  505  505  0  
650  650  0  0  641  641  0  651  0  0  642  642  642  0  607  607  607  0  620  620  0  0  633  0  0  0  633  0  0  633  633  0  622  622  622  0  622  0  0  656  0  656  0  0  0  0  645  645  0  659  0  660  660  660  0  0  581  0  0  661  0  647  0  0  0  0  505  505  505  505  0  0  0  0  505  0  0  505  505  0  
0  650  0  0  662  0  0  663  0  664  0  642  0  642  642  0  0  0  665  0  620  0  0  633  633  633  633  0  0  0  633  0  633  0  0  622  622  622  0  0  656  0  656  656  0  0  0  0  0  660  0  660  660  0  0  661  0  0  661  661  661  661  0  505  0  0  505  0  505  0  505  0  0  0  0  505  505  505  505  0  
0  650  0  0  0  673  673  0  674  0  0  0  0  0  642  0  665  665  665  665  0  676  676  0  0  0  633  633  0  633  633  633  633  0  0  0  0  622  0  656  656  656  656  0  0  0  679  0  660  660  660  660  0  0  0  661  661  661  661  661  661  661  0  505  505  505  505  505  505  0  0  0  0  681  0  0  0  0  505  0  
0  682  0  0  0  673  673  0  684  0  0  685  685  0  0  0  0  665  665  0  665  0  0  0  686  686  0  0  633  633  633  633  633  633  633  633  633  0  622  0  0  656  0  0  0  687  687  0  0  0  660  660  0  0  688  0  661  661  0  0  0  0  0  0  0  0  505  505  0  505  0  0  681  681  681  0  690  0  681  0  
682  682  682  0  682  0  673  673  0  0  0  685  685  685  685  0  0  665  665  0  0  694  0  0  0  686  0  695  0  633  0  0  633  633  0  0  633  0  0  0  696  0  660  0  687  687  687  687  0  660  660  660  0  700  0  661  661  661  661  0  702  702  0  0  703  0  505  0  505  505  505  505  0  681  681  0  0  681  681  681  
0  682  0  682  682  682  0  0  673  673  0  0  0  685  0  685  685  0  665  0  0  694  694  0  686  686  686  686  0  0  633  0  0  633  0  708  0  0  709  0  0  0  0  660  660  0  687  0  0  660  660  660  660  660  0  0  661  0  661  0  711  0  0  0  703  703  0  0  505  505  0  505  0  0  0  681  681  681  681  681  
714  0  0  682  682  0  715  0  673  0  0  685  685  685  0  0  685  0  0  694  694  694  694  0  686  686  686  686  0  0  0  708  708  0  0  708  708  0  709  709  709  709  709  0  660  660  0  719  0  660  660  660  0  0  720  0  0  0  0  711  711  0  722  0  0  0  505  505  505  505  505  505  505  505  505  0  0  681  681  0  
0  0  0  0  0  0  715  715  0  673  0  725  0  0  0  0  726  0  0  727  0  694  694  0  0  0  0  686  0  0  728  728  0  708  708  708  708  0  709  0  709  0  0  709  0  660  0  660  0  660  660  660  0  732  0  0  733  733  0  0  711  711  0  0  505  505  505  505  505  0  505  505  0  0  505  0  0  681  681  0  
736  736  0  737  0  0  715  0  738  0  739  0  740  0  741  0  726  726  0  727  727  0  0  0  742  0  686  686  0  0  728  0  708  708  0  708  0  709  709  709  709  709  0  0  660  660  660  660  660  660  660  0  0  0  733  733  0  733  0  733  0  0  749  749  0  0  505  0  0  505  505  505  505  0  505  0  0  681  0  751  
736  736  0  753  0  0  0  0  754  0  739  739  739  0  0  0  726  726  0  757  0  727  0  742  742  742  742  0  0  0  0  0  0  0  708  0  0  709  709  0  709  709  709  0  760  0  660  0  0  660  0  0  0  0  761  0  733  733  733  733  733  733  0  0  0  0  0  505  505  505  505  0  505  0  505  505  0  0  0  763  
0  0  0  753  753  0  764  0  0  765  0  739  739  739  0  0  726  0  757  757  757  0  0  742  0  742  742  742  742  0  0  767  767  0  0  709  709  709  0  709  709  709  0  0  760  0  0  0  770  0  771  771  771  0  0  772  0  0  733  0  733  0  773  773  0  0  0  505  0  0  0  505  505  505  505  0  0  763  763  763  
0  776  0  0  0  0  764  764  0  778  0  0  739  0  739  739  0  0  0  0  757  757  0  0  0  742  742  0  0  0  0  0  0  0  709  709  709  709  0  709  0  709  709  0  782  0  783  783  783  0  0  0  0  771  771  771  0  784  0  733  733  733  0  773  0  0  785  0  0  786  786  0  505  0  0  505  0  0  763  0  
0  0  787  787  0  764  764  764  0  0  0  739  739  0  739  0  0  0  790  0  0  757  757  757  0  0  742  742  742  742  742  742  0  0  0  709  709  709  709  709  709  709  0  0  0  0  0  0  783  0  791  791  0  771  0  0  0  0  0  733  0  733  0  0  0  785  785  0  786  786  0  794  0  0  0  505  0  795  0  796  
797  797  797  0  0  798  0  0  0  799  0  0  0  739  739  0  0  0  800  0  0  0  0  757  757  0  742  742  0  742  0  0  0  802  0  803  0  709  0  709  709  0  709  709  709  0  804  0  0  0  0  791  0  0  771  0  0  805  805  0  0  733  733  0  0  807  0  785  0  0  786  786  0  808  808  808  0  809  0  0  
0  797  797  0  798  798  798  0  0  799  0  799  0  0  739  0  812  812  0  813  0  0  0  0  757  757  0  0  0  742  742  742  0  802  802  0  0  0  709  709  709  709  709  709  709  0  0  0  815  815  0  0  0  0  771  0  771  0  0  0  0  0  0  817  0  0  785  785  0  819  0  0  0  808  0  0  820  0  0  0  
0  821  0  0  0  0  798  0  0  0  799  799  799  0  822  0  0  812  0  813  813  0  757  757  757  757  757  757  0  0  0  0  742  742  0  0  825  0  826  0  709  0  0  709  709  709  709  709  709  0  0  0  827  827  0  771  771  771  0  0  0  828  0  0  817  817  817  0  785  785  0  0  829  0  808  0  0  0  830  0  
