0  2  0  0  0  0  0  3  0  0  0  4  0  0  0  5  0  6  0  0  0  7  0  8  0  9  0  0  0  0  10  0  0  11  11  0  0  0  0  0  0  12  0  0  0  13  13  0  0  0  0  14  0  0  0  0  0  15  0  0  16  16  0  0  0  0  0  0  17  0  0  0  18  18  18  0  0  0  19  0  
2  2  2  2  0  21  21  0  3  3  0  22  0  0  0  0  0  0  6  0  0  0  0  0  0  23  0  0  0  24  0  0  0  25  0  11  11  0  0  0  0  12  12  0  27  0  0  0  28  28  0  29  0  30  0  0  0  31  0  0  16  16  16  0  0  0  0  0  33  0  0  0  18  18  0  18  18  18  0  19  
0  0  0  0  0  0  21  0  0  3  0  0  0  0  0  0  35  0  0  0  0  0  0  0  0  23  0  0  0  0  0  36  0  25  0  0  0  0  37  0  0  12  0  0  0  38  0  0  0  0  0  0  0  0  0  39  0  0  0  0  0  0  16  0  0  0  0  0  33  0  0  0  18  18  0  0  0  0  0  0  
0  0  40  0  41  0  0  21  0  0  0  0  0  0  0  0  42  0  43  0  0  0  0  44  0  0  23  23  23  0  0  0  0  0  0  0  0  0  0  0  0  45  0  0  0  46  0  47  0  48  0  49  0  0  0  50  0  51  0  52  0  0  53  0  0  0  0  54  0  0  55  0  0  0  0  0  56  56  0  57  
0  0  0  0  0  0  0  0  58  0  0  0  59  59  0  60  0  61  0  0  0  0  0  0  0  62  0  0  0  63  63  0  64  0  0  0  0  0  0  0  65  0  0  0  0  0  0  0  0  48  0  49  0  0  0  0  0  0  0  52  0  0  0  0  66  0  67  0  0  0  0  0  68  68  68  0  0  0  0  0  
0  0  69  0  0  70  0  71  0  58  0  72  0  59  0  0  0  0  0  73  0  0  0  0  0  0  62  62  62  0  0  63  0  0  74  0  75  75  0  0  65  65  65  65  0  77  77  0  48  48  48  0  0  79  0  0  80  80  80  80  0  0  81  0  0  66  66  0  0  0  82  0  0  0  0  0  0  0  0  83  
0  84  0  85  0  0  0  0  0  58  0  72  0  0  0  86  0  87  0  0  0  0  88  0  0  0  0  0  62  0  0  0  0  0  0  0  0  75  0  65  65  0  0  0  0  0  0  90  0  0  0  0  0  0  0  0  80  0  0  0  91  91  0  0  92  0  0  0  93  0  82  0  0  0  0  0  0  0  0  0  
0  0  0  0  85  85  0  0  94  0  58  0  0  0  0  0  86  0  0  0  0  0  0  88  88  0  0  95  0  0  96  96  0  0  97  0  65  65  0  65  65  65  0  100  0  101  0  0  0  0  102  0  0  0  103  0  0  80  80  0  104  0  0  105  105  0  0  0  0  0  106  0  107  0  0  0  0  0  108  0  
0  0  109  0  0  85  0  0  0  58  58  0  111  111  0  112  0  0  113  113  113  0  114  0  0  0  115  0  0  0  0  0  0  116  0  0  65  0  0  0  65  0  0  100  100  0  0  0  117  117  0  0  0  0  0  0  0  80  80  0  0  0  0  0  0  118  0  0  119  119  0  120  0  0  0  0  121  0  108  0  
0  0  0  109  0  0  0  58  58  0  58  58  0  0  0  0  112  112  112  0  0  113  0  114  0  123  123  0  0  0  124  124  0  0  0  0  0  65  65  65  65  65  0  0  0  0  0  0  0  0  0  0  125  0  0  0  126  0  0  0  0  127  0  0  0  0  118  0  0  0  119  0  0  0  0  0  0  121  0  108  
128  0  109  109  0  130  0  0  58  58  58  0  0  0  0  0  0  0  112  0  0  113  0  0  0  123  0  131  0  0  0  124  0  0  0  0  0  0  0  0  0  65  0  0  0  132  0  0  0  0  133  0  0  134  0  134  0  0  136  0  137  0  138  0  0  0  0  139  0  140  0  0  0  141  0  0  0  121  121  0  
0  0  0  0  109  109  0  0  142  0  0  0  143  0  0  0  0  144  0  112  0  0  113  113  0  0  0  0  0  145  0  0  124  0  0  146  0  0  0  0  0  147  0  0  132  132  132  132  0  149  0  0  134  0  134  134  134  0  0  0  0  0  0  138  0  151  151  151  0  0  140  140  0  0  0  0  0  0  121  0  
152  0  153  0  0  109  109  109  0  0  154  154  0  155  0  0  156  0  0  0  157  157  0  0  0  0  0  0  0  0  0  0  0  0  0  146  0  0  0  0  158  0  0  159  0  0  132  132  0  0  0  0  134  134  134  0  0  0  160  160  160  0  0  0  0  151  0  0  161  0  0  0  0  0  0  0  162  0  0  0  
0  0  163  0  0  0  109  0  0  0  154  154  0  0  0  165  0  0  0  0  0  0  157  157  0  0  0  0  0  0  0  0  0  0  0  146  146  146  0  0  0  158  158  158  0  0  167  0  0  0  168  0  169  0  134  0  0  160  160  160  160  0  0  171  171  0  0  0  172  0  0  0  0  0  173  0  162  162  0  0  
0  0  0  175  0  176  0  0  177  0  154  154  0  178  0  0  179  0  180  0  181  0  0  157  0  182  0  0  0  0  0  0  183  183  0  0  0  0  184  184  0  0  0  0  0  0  0  0  168  168  168  0  0  0  134  134  0  160  160  0  0  0  186  0  0  187  0  188  0  0  0  0  0  0  0  189  0  0  0  190  
0  191  0  0  0  0  0  0  177  177  177  0  0  178  178  0  0  0  0  180  0  0  0  0  0  0  182  182  182  0  0  0  0  0  0  0  194  194  0  184  184  0  195  0  0  196  196  196  0  0  168  168  168  0  0  0  0  0  160  0  0  0  0  0  0  0  0  0  0  0  197  197  0  0  0  198  0  0  0  0  
199  0  0  0  0  0  200  200  0  0  0  0  0  178  178  0  201  201  0  180  0  202  0  0  0  203  0  0  0  204  0  0  0  205  205  0  0  0  0  0  0  0  195  0  196  196  0  196  0  207  0  0  168  0  0  0  0  0  0  0  0  0  0  0  0  0  0  0  0  0  0  0  208  0  209  0  0  0  210  0  
0  199  199  0  0  0  211  0  0  0  0  0  0  0  0  0  0  0  0  0  0  212  0  0  0  203  203  0  0  0  0  0  214  0  205  0  215  0  216  0  0  0  217  0  0  0  0  0  196  0  0  0  0  168  168  0  218  218  218  218  218  0  0  0  219  219  0  0  0  0  220  0  221  0  209  209  0  223  223  0  
224  0  0  0  0  0  0  0  225  225  225  0  0  0  226  0  0  0  0  227  0  0  0  228  0  0  0  229  0  230  230  0  214  214  0  0  0  231  0  0  232  0  0  0  0  0  0  0  0  0  233  0  0  0  0  0  0  0  218  0  0  0  0  0  0  0  0  0  0  0  220  0  0  0  0  0  0  0  0  234  
224  224  0  0  0  0  0  236  0  225  0  0  0  237  0  0  238  238  0  0  227  0  239  0  0  0  240  240  0  0  0  0  0  0  0  0  241  0  0  0  0  232  0  0  0  0  242  0  0  0  233  233  0  244  0  0  0  0  0  0  245  245  0  0  0  246  0  247  247  0  0  0  0  0  0  0  0  248  0  0  
0  0  0  249  249  0  250  0  0  0  0  0  251  0  0  0  0  238  238  0  227  0  0  0  0  0  240  0  0  0  0  0  252  252  252  0  241  0  0  253  0  232  0  0  0  0  0  0  0  254  0  0  0  0  0  0  0  0  255  255  0  0  0  0  246  246  246  0  0  0  0  257  0  258  0  259  0  248  0  260  
0  0  249  249  249  0  249  0  249  0  0  0  0  0  0  0  0  264  0  0  0  0  0  0  0  265  0  0  0  266  266  0  0  252  0  0  0  241  0  0  0  0  232  0  267  267  0  0  268  268  0  0  269  0  0  0  0  0  0  0  0  0  0  270  270  0  246  0  0  0  271  0  0  0  0  0  259  0  248  0  
272  272  0  249  249  249  249  0  249  0  273  0  0  274  0  0  264  264  0  0  0  0  0  0  0  0  276  0  0  0  0  0  0  0  277  0  0  0  0  0  0  0  0  0  0  267  0  0  0  0  0  0  269  269  0  0  0  0  0  0  278  0  0  0  0  279  0  280  0  0  0  281  0  0  259  259  259  0  0  0  
0  0  272  0  0  249  0  249  249  249  0  0  283  0  0  284  0  0  264  0  285  0  286  0  0  0  287  0  0  0  288  288  0  0  0  0  0  0  289  0  0  290  290  290  290  0  267  267  0  291  291  0  292  0  0  0  0  0  0  0  0  278  278  0  0  0  279  279  0  293  293  293  0  294  294  0  259  0  295  0  
0  0  0  0  249  249  249  0  0  0  297  0  0  298  0  284  0  299  0  300  0  0  0  0  0  0  0  0  0  0  288  288  0  0  0  0  301  0  0  0  302  0  0  290  0  0  0  0  303  0  0  304  0  0  0  0  0  305  0  0  0  0  0  0  0  279  279  0  0  0  293  293  0  0  0  0  259  0  295  0  
307  0  308  0  0  0  0  0  0  309  0  0  0  0  298  298  0  0  0  300  300  300  300  0  0  311  311  0  0  0  0  0  288  0  312  312  0  0  0  0  0  302  302  0  0  0  0  0  0  303  303  0  0  0  0  0  313  313  0  314  0  315  0  0  316  0  0  0  317  0  0  293  0  0  318  0  0  259  0  295  
0  308  308  308  308  0  0  0  0  309  0  0  298  298  298  298  0  0  0  300  0  0  0  0  311  311  311  0  322  0  0  0  288  0  312  312  0  0  0  0  0  0  0  0  0  0  0  0  303  303  303  0  0  0  0  0  0  313  313  0  0  315  0  0  0  0  324  0  0  0  0  0  0  0  318  0  0  259  0  295  
0  0  0  0  0  308  0  0  0  309  309  0  326  0  0  0  0  0  0  327  0  0  0  0  328  0  0  0  0  0  329  329  0  288  288  0  0  0  330  330  330  0  331  0  332  0  333  333  333  0  0  0  334  0  0  335  0  0  0  313  0  0  315  0  0  336  0  0  0  0  0  0  0  337  0  0  338  0  0  0  
339  0  0  0  0  308  0  0  0  309  309  0  0  340  0  341  341  0  0  0  0  0  342  0  0  0  0  0  343  0  329  329  329  0  0  0  0  0  330  0  0  344  0  345  0  346  0  333  0  347  347  0  334  334  0  0  0  348  348  0  0  349  0  0  0  336  0  0  0  350  0  0  351  0  0  0  0  352  0  0  
0  339  0  0  0  353  0  354  0  0  0  0  0  355  0  0  0  0  356  0  0  0  0  342  342  342  0  0  0  0  0  0  0  329  0  357  0  358  0  330  330  0  344  344  0  359  0  0  0  347  347  347  0  334  0  0  361  0  0  348  0  0  349  349  0  0  0  0  0  0  0  0  0  351  0  362  0  0  0  0  
0  0  0  0  0  0  0  0  363  0  0  0  0  0  364  0  0  0  0  365  0  366  0  342  342  342  0  367  0  368  368  368  0  0  0  0  0  0  0  0  0  0  0  0  369  0  0  0  0  0  347  0  0  334  334  0  0  0  0  348  348  0  349  0  0  370  0  371  0  372  0  0  0  0  373  0  0  0  374  374  
0  375  375  0  376  376  0  377  0  363  0  0  0  0  0  0  378  0  379  379  0  0  0  380  0  0  0  0  0  381  0  0  368  368  0  382  0  0  0  0  0  0  0  0  0  0  0  383  0  0  0  0  384  0  334  0  385  385  385  0  0  348  0  0  386  386  0  387  0  372  372  0  0  373  373  373  0  0  0  374  
0  0  0  0  376  0  0  377  0  363  363  0  0  0  0  0  378  0  0  0  0  380  380  380  380  0  391  0  381  381  381  0  0  368  368  0  0  0  0  393  0  0  0  0  394  394  0  0  0  0  0  0  0  0  334  0  385  385  0  0  0  0  395  0  0  386  0  0  0  0  0  0  0  373  0  0  0  0  0  374  
0  0  0  396  0  0  0  0  377  0  0  0  0  397  0  0  0  378  378  378  0  398  0  0  380  0  0  0  399  0  0  0  0  0  0  368  0  0  0  0  0  400  400  0  0  394  0  0  0  0  0  401  0  0  0  334  0  0  0  0  0  0  0  0  0  0  386  0  402  0  0  0  403  0  0  0  0  0  0  404  
0  0  0  0  405  0  406  0  0  0  0  0  0  397  0  0  407  0  0  378  0  0  408  408  0  409  409  0  399  399  0  0  0  410  0  368  0  411  0  0  0  0  0  0  412  0  413  413  0  401  401  401  0  0  0  334  0  415  0  0  0  0  0  416  0  417  0  418  0  419  0  420  0  421  421  421  421  0  0  0  
0  422  0  405  405  405  0  406  406  0  0  0  424  424  0  0  407  407  0  378  378  0  0  0  0  409  409  0  0  399  0  0  0  0  0  0  368  368  0  0  0  0  428  0  429  0  413  413  0  0  0  0  0  0  0  0  334  334  0  0  431  0  0  0  0  417  417  0  0  0  0  0  0  0  0  0  0  0  433  433  
0  0  0  405  0  405  405  0  406  0  0  0  0  0  0  434  0  0  435  0  378  0  0  436  0  0  0  0  0  0  437  0  0  438  0  0  0  0  0  0  0  0  0  0  429  429  0  0  0  0  0  439  439  0  0  0  334  0  0  0  0  0  0  0  0  0  417  0  440  440  0  0  441  0  0  0  0  0  433  0  
442  0  0  443  0  444  0  405  405  0  0  0  0  445  445  0  0  446  0  0  0  378  0  447  0  0  0  0  448  0  449  0  450  0  0  0  0  0  0  0  0  451  0  452  0  0  429  0  0  453  0  439  439  0  0  0  0  0  0  0  455  455  0  0  0  0  0  0  0  440  0  0  0  0  0  0  0  0  0  0  
0  0  0  443  0  0  456  0  0  0  0  0  0  0  0  0  457  0  0  0  0  0  0  447  0  0  458  0  0  0  0  459  0  0  0  460  0  461  0  0  0  451  0  452  0  0  0  0  0  453  0  0  0  0  462  462  462  0  0  463  0  0  464  0  465  0  466  0  0  0  0  0  0  0  467  0  0  0  0  0  
0  0  0  468  0  0  0  0  0  0  0  0  0  0  469  0  0  0  0  0  470  0  471  0  0  0  0  0  0  0  0  472  0  0  0  473  0  0  0  0  474  0  0  0  0  0  0  0  0  0  0  0  0  475  475  0  0  0  0  476  0  477  477  0  0  0  466  466  0  0  0  0  0  0  0  0  0  479  0  0  
480  0  0  0  0  0  0  0  0  0  0  481  481  481  0  0  482  0  0  0  0  0  0  483  483  0  0  484  0  0  0  472  0  485  0  473  0  486  486  0  0  0  0  0  0  0  487  0  0  0  488  0  489  0  0  0  0  0  0  0  0  0  477  0  490  490  0  0  0  491  491  0  0  0  0  0  0  0  492  0  
0  0  493  0  0  0  494  0  0  495  495  495  0  0  0  0  496  0  497  497  0  0  483  483  483  0  0  0  0  0  499  0  0  0  0  500  0  0  0  0  0  0  0  501  0  0  0  0  0  0  0  0  0  0  502  0  0  0  0  0  0  0  503  0  0  0  0  0  0  0  0  0  0  0  504  504  0  0  0  492  
0  0  493  493  0  0  0  505  0  0  0  0  0  0  506  0  0  0  0  0  0  0  483  483  0  507  0  508  0  0  0  0  0  0  0  0  0  0  0  0  0  0  0  0  0  0  0  0  0  509  509  0  0  502  502  0  0  0  0  511  511  511  0  0  512  0  513  513  0  514  0  515  0  504  504  0  0  0  0  0  
0  517  0  493  0  0  518  518  0  519  519  0  0  0  0  0  0  0  520  0  521  0  0  483  0  522  0  0  508  0  0  0  523  523  0  0  524  524  0  525  0  526  526  0  527  0  0  0  509  509  509  0  0  529  0  0  0  0  0  0  511  0  0  0  530  0  0  513  0  0  0  0  0  0  504  0  531  0  532  532  
533  0  0  0  0  534  0  0  0  519  0  0  535  535  0  0  0  520  520  520  0  0  0  0  537  0  0  538  0  0  0  0  523  0  539  539  0  0  0  0  0  526  0  0  527  0  0  0  0  0  0  0  0  529  529  0  0  0  0  511  511  511  0  0  0  0  541  0  542  0  543  0  544  0  0  0  531  531  0  532  
0  533  0  545  0  546  0  0  0  0  519  0  0  0  535  0  0  0  0  520  520  520  520  0  0  537  0  0  538  538  538  0  0  0  0  0  539  0  0  0  547  0  0  0  0  0  0  548  0  529  529  0  0  529  529  0  551  0  552  0  0  0  0  0  553  0  0  0  554  0  555  0  0  0  556  0  0  0  0  557  
0  0  0  0  0  546  546  0  558  0  0  0  559  0  0  0  0  0  560  0  520  0  0  0  537  537  0  538  538  0  538  538  0  563  563  0  0  564  0  0  547  0  0  0  0  565  0  0  529  529  529  529  529  529  0  0  0  0  0  0  0  0  567  0  0  0  568  0  554  0  555  0  569  0  556  0  0  570  0  0  
0  571  0  0  0  572  0  546  0  558  0  573  0  559  0  0  574  0  0  0  520  520  0  0  537  537  0  0  538  538  538  0  0  0  0  0  0  0  0  577  0  0  0  0  0  0  565  0  0  0  0  0  529  0  0  578  0  0  579  579  0  0  580  0  581  0  0  0  554  554  554  0  583  0  584  0  0  0  0  0  
0  0  0  0  585  0  586  0  0  558  0  0  0  0  0  0  0  0  587  0  0  520  0  0  537  0  0  0  0  0  0  0  588  0  0  0  0  0  0  0  0  0  0  589  0  590  0  0  591  591  591  0  529  0  0  578  578  0  0  579  0  592  0  0  581  0  0  0  0  554  554  554  0  0  584  0  0  593  593  0  
594  0  595  0  0  0  596  0  0  597  0  0  0  598  0  0  0  0  0  0  0  520  520  0  0  0  600  600  600  0  0  0  0  0  0  601  601  0  0  0  0  0  602  0  0  0  0  0  603  0  0  0  0  529  0  0  578  0  0  604  0  0  0  0  0  581  0  0  605  0  554  0  0  0  606  0  0  0  593  0  
0  0  0  607  607  0  0  0  0  0  0  0  608  0  0  609  0  0  0  520  520  520  520  0  0  0  0  600  0  0  0  601  601  601  601  601  0  612  0  613  0  0  0  0  614  0  615  0  603  0  0  0  0  0  0  0  0  616  0  604  0  617  0  0  0  581  0  0  0  0  0  618  618  0  0  0  0  0  593  593  
0  0  619  0  607  607  607  0  0  0  0  0  0  0  0  0  609  0  0  0  0  0  0  520  0  0  0  620  0  0  0  0  601  601  601  0  601  0  612  612  0  621  0  621  0  614  0  0  0  0  0  623  623  623  0  624  0  0  616  616  0  625  0  626  0  0  581  581  0  0  627  627  0  0  0  0  0  0  0  593  
628  0  0  607  607  607  0  0  630  0  0  631  0  632  632  0  0  633  0  0  0  0  0  0  0  634  0  620  0  635  635  0  0  0  0  0  601  0  612  0  621  621  621  621  0  0  0  0  0  0  637  0  0  0  638  0  0  0  616  616  0  0  639  0  0  0  0  0  0  0  0  0  0  0  0  640  0  0  0  0  
628  628  0  0  0  0  607  0  642  0  0  0  0  0  0  0  633  633  633  0  0  0  0  644  0  634  634  0  620  620  0  0  646  0  0  0  601  601  0  612  0  0  0  621  0  0  0  0  0  0  637  637  637  0  0  0  0  0  0  0  0  649  649  0  0  0  650  0  0  0  651  0  652  0  640  640  640  0  0  0  
0  0  0  0  654  0  0  0  0  0  0  0  0  633  633  633  633  0  0  0  0  656  0  0  634  634  0  0  0  0  0  0  646  0  658  0  601  0  0  0  0  0  0  621  0  659  0  660  660  0  637  637  0  661  661  0  0  0  0  0  0  0  0  0  662  0  0  0  0  651  651  0  652  652  0  640  0  664  664  664  
665  0  0  666  666  0  667  667  0  0  668  0  0  669  0  633  633  0  0  670  0  0  0  0  0  634  0  0  0  0  671  671  0  646  0  0  0  0  0  0  0  0  621  621  621  621  0  0  660  0  0  0  0  0  0  0  0  673  0  0  674  0  0  675  0  662  0  0  0  0  0  0  676  0  0  0  0  0  0  0  
0  0  0  0  0  0  667  667  0  0  0  0  0  669  0  633  633  0  677  0  0  0  678  678  678  0  0  0  0  0  0  0  0  646  0  0  679  0  0  0  0  0  621  0  621  0  680  0  0  0  0  0  681  681  0  682  0  0  0  683  0  684  0  675  0  0  0  0  0  685  685  0  0  0  0  0  0  0  0  0  
0  686  0  687  0  688  0  0  0  0  689  0  0  0  0  0  0  633  0  0  690  0  691  0  678  0  692  0  0  0  0  0  693  0  0  694  0  0  695  695  695  695  695  0  0  0  696  0  697  697  0  698  0  0  0  699  0  700  0  0  0  0  684  0  0  0  701  701  0  0  685  0  702  0  0  0  0  703  0  0  
686  686  0  0  0  0  0  0  705  0  689  689  0  0  0  0  0  633  0  0  0  691  691  691  0  0  0  0  0  707  0  0  0  0  0  0  0  0  0  695  0  695  695  0  0  0  0  0  0  0  0  0  0  0  708  0  700  700  0  0  710  0  0  0  711  0  0  0  712  0  685  0  0  713  0  714  0  0  0  715  
0  686  0  0  0  0  0  0  716  0  717  0  0  0  718  718  0  0  0  0  0  0  0  0  0  0  0  0  0  0  0  719  719  0  0  720  720  0  0  0  0  0  695  0  0  721  0  0  0  0  722  722  0  723  0  708  0  700  0  0  724  0  725  725  0  0  726  0  0  712  712  0  0  0  0  0  714  0  0  727  
728  0  0  0  729  729  0  730  0  717  717  0  0  0  0  0  0  0  0  0  732  0  0  0  0  733  0  0  0  0  0  0  0  734  0  0  0  735  735  735  0  0  0  736  736  0  0  0  722  0  722  0  0  0  738  0  0  0  0  0  724  724  0  725  0  0  0  0  739  0  0  0  740  740  0  714  714  0  0  727  
742  0  0  0  0  0  729  0  730  730  0  0  0  743  0  0  0  0  0  0  732  732  0  0  0  745  0  746  0  747  0  0  0  0  0  0  748  0  735  0  0  749  0  0  736  0  750  0  722  722  722  722  722  0  0  0  0  752  0  0  0  0  0  0  0  0  0  0  0  739  739  739  0  0  740  0  0  0  0  0  
742  0  0  753  0  754  0  0  730  730  0  755  0  0  756  756  0  757  757  0  0  0  0  758  0  0  0  746  0  747  0  0  0  0  748  748  748  0  0  0  0  0  0  0  0  760  0  0  0  0  0  722  722  0  0  761  0  752  0  0  0  762  0  0  0  763  0  0  764  0  0  0  765  0  740  0  766  766  0  767  
768  0  753  753  753  0  0  0  0  0  730  0  0  756  756  756  0  0  757  757  0  0  0  0  0  0  0  746  746  0  0  0  772  0  773  0  0  748  0  774  0  775  0  776  776  0  760  0  0  0  0  777  0  0  0  0  761  761  0  0  0  0  0  0  778  0  0  779  779  0  0  0  0  765  0  0  766  766  0  0  
768  0  0  0  0  781  0  0  0  0  0  782  0  0  0  0  0  0  757  0  0  783  783  0  784  784  784  0  0  0  785  785  0  786  0  0  0  748  0  0  0  0  0  0  0  0  760  0  787  0  0  0  788  0  0  0  761  0  0  0  0  0  0  0  778  0  0  0  0  0  789  0  0  0  0  0  0  766  766  0  
0  768  768  0  781  781  781  0  0  791  791  791  0  792  792  0  0  0  793  0  0  794  0  0  0  784  784  0  0  785  785  785  0  785  0  0  797  0  0  0  798  0  0  0  799  0  800  0  0  0  0  788  788  788  0  0  802  0  0  0  0  803  0  0  0  0  804  0  0  805  0  789  0  0  0  0  0  0  766  0  
806  0  0  807  0  0  781  781  0  0  0  791  791  0  792  0  808  808  0  0  809  0  0  0  0  784  0  0  0  0  0  785  785  785  785  0  797  0  0  0  0  0  0  810  0  0  800  800  800  0  0  788  788  0  0  0  0  0  811  811  811  0  812  0  813  0  0  814  0  0  0  0  0  0  815  0  816  816  0  817  
0  0  0  0  0  0  818  0  0  0  819  0  791  0  820  0  821  0  0  0  0  0  822  0  0  0  0  0  0  823  823  0  0  785  0  0  0  0  824  0  825  0  0  810  810  0  0  0  0  800  0  827  0  788  788  0  0  828  0  0  811  0  0  0  0  813  813  813  0  0  829  829  829  0  830  0  831  0  0  0  
832  0  0  0  0  833  0  834  0  819  819  0  0  836  0  0  821  0  0  0  0  822  822  822  0  0  838  838  838  0  823  0  839  0  0  0  0  0  0  0  825  825  825  0  0  840  840  0  800  800  0  827  0  0  0  0  842  0  0  0  0  0  0  0  0  813  0  813  0  0  0  0  0  0  830  0  0  0  0  0  
0  832  0  843  0  0  0  0  834  0  0  0  0  836  836  0  0  0  0  0  845  0  822  822  0  0  0  0  0  0  0  0  0  0  0  846  846  0  0  847  0  825  0  825  825  825  0  0  0  800  0  0  0  0  0  0  0  0  0  0  0  0  0  0  0  848  0  813  813  813  0  0  0  0  850  0  0  851  0  0  
832  832  832  0  0  853  0  0  0  0  0  0  0  0  0  0  0  0  0  0  0  854  0  822  822  822  0  0  0  0  855  0  0  856  0  0  846  846  0  847  0  0  857  0  825  0  0  800  800  800  800  0  0  859  0  0  0  860  860  860  0  861  0  0  0  0  0  0  0  0  862  0  0  0  0  0  0  0  0  0  
0  0  832  832  832  0  853  0  0  0  0  0  0  863  863  0  0  0  0  864  0  865  0  0  822  0  0  0  0  855  855  855  0  856  856  856  0  0  846  0  0  856  0  857  0  825  0  0  0  0  0  800  0  0  859  0  0  869  0  0  860  0  0  0  0  0  870  870  0  0  0  0  871  0  0  872  0  873  0  0  
0  874  0  0  832  0  0  875  875  0  0  0  0  863  0  0  876  0  877  0  0  865  0  0  0  0  0  878  0  855  0  0  879  0  0  856  856  856  0  856  856  856  0  857  0  0  0  881  0  882  0  0  883  0  0  884  0  0  0  0  0  885  0  0  0  0  0  0  0  0  886  886  0  0  0  0  873  873  0  0  
0  888  0  0  0  0  0  875  875  0  0  0  0  863  863  0  0  876  876  0  0  0  0  0  891  0  892  0  0  893  0  894  0  879  0  895  0  0  856  856  856  0  0  896  0  0  0  897  0  0  0  0  0  883  0  0  0  0  0  898  0  0  0  899  0  0  0  0  0  0  900  0  0  0  0  901  0  873  0  0  
902  0  0  0  0  875  875  875  875  875  0  0  904  0  863  863  0  876  0  0  0  905  0  0  891  891  0  0  0  893  0  0  0  0  0  895  0  0  856  0  856  0  906  0  0  0  0  897  0  0  0  0  907  0  908  0  0  0  0  0  0  0  909  0  910  0  0  911  0  900  900  0  0  913  0  0  0  0  0  0  
0  0  0  875  875  875  875  875  875  875  0  0  0  0  0  0  0  0  0  0  0  0  0  0  915  0  0  0  916  0  893  0  917  0  0  0  895  0  0  856  0  856  856  0  918  0  0  0  897  897  0  919  919  0  0  0  0  920  920  0  0  0  0  909  0  0  0  0  911  0  0  900  0  0  0  0  0  921  0  0  
0  0  0  0  875  875  0  0  0  0  0  0  922  0  923  923  0  0  0  0  0  0  0  0  0  0  0  0  0  924  0  925  0  0  926  0  0  0  0  856  0  856  0  0  0  0  0  0  897  897  0  0  0  0  927  0  920  920  920  0  0  0  0  0  0  0  0  929  0  0  0  900  0  0  0  0  930  0  931  0  
0  0  0  932  0  875  0  0  933  0  0  0  0  922  0  923  0  934  0  0  0  0  0  0  935  0  0  0  0  0  0  936  0  0  0  926  0  0  0  0  0  937  0  0  0  0  0  0  0  0  0  0  0  0  0  0  0  920  920  0  0  0  0  938  0  0  0  939  0  940  0  900  900  0  0  0  0  0  0  0  
0  0  0  0  0  0  0  942  0  943  0  0  0  0  944  0  945  0  946  946  0  0  0  0  0  0  947  0  0  948  0  0  0  0  0  0  0  949  0  0  0  0  950  950  0  0  0  951  951  0  952  0  953  0  0  0  0  0  0  954  0  0  0  0  0  0  0  0  0  940  0  0  0  955  955  0  0  956  0  0  
957  0  0  0  0  0  0  0  0  0  943  0  0  0  944  944  0  0  959  0  0  0  0  0  0  0  0  0  960  0  0  0  0  961  0  0  0  0  949  949  0  0  0  0  0  0  0  0  0  0  962  0  0  0  0  0  963  963  963  963  0  0  964  0  0  965  0  0  966  0  940  0  0  0  0  0  0  967  0  968  
