2  0  0  2  0  0  2  2  2  0  2  0  2  0  0  2  2  2  2  2  0  0  2  0  2  0  0  2  2  2  
0  0  0  0  0  4  3  3  0  0  0  0  3  0  0  0  0  0  0  0  0  4  3  0  0  3  0  0  3  0  
0  1  1  0  0  4  4  4  5  6  7  0  0  0  0  0  0  17  18  19  0  4  0  0  0  4  5  4  4  5  
0  0  0  0  1  0  0  0  0  0  7  8  9  10  11  0  0  15  16  17  18  0  5  6  0  0  0  0  5  0  
0  1  1  0  0  0  1  1  0  0  8  0  0  0  12  13  14  0  17  18  19  0  0  0  0  0  0  0  6  0  
0  1  0  0  1  0  0  1  0  0  0  9  0  0  13  0  14  0  18  18  0  0  0  0  0  0  1  1  0  0  
0  1  0  1  0  1  0  1  1  0  10  0  1  0  0  15  0  0  0  19  20  0  0  0  0  0  0  0  1  1  
0  0  0  0  0  0  1  1  0  1  0  0  0  0  0  16  16  0  21  20  20  0  1  0  1  0  0  0  1  0  
0  1  0  0  1  1  0  1  0  0  0  0  0  0  0  0  0  0  0  0  0  0  1  1  1  1  0  0  1  0  
0  1  0  1  0  0  0  0  0  0  0  1  0  1  1  1  0  1  1  0  1  1  0  0  1  1  1  0  0  0  
0  1  0  1  0  0  1  1  0  0  0  0  0  0  1  1  0  0  1  1  1  1  0  1  0  0  0  0  1  0  
1  1  1  0  0  0  1  0  0  1  1  0  1  0  0  0  1  0  1  0  1  1  1  1  0  0  1  1  0  1  
0  0  1  1  1  1  0  0  0  0  0  0  1  0  0  0  0  0  0  0  0  0  0  0  0  1  0  0  0  1  
0  1  0  0  1  0  0  0  1  0  0  0  1  1  0  1  0  0  0  0  0  0  1  0  0  1  0  1  1  1  
1  1  0  1  1  0  0  0  0  0  1  1  1  1  0  1  0  0  1  0  0  1  0  0  0  0  1  0  0  0  
1  1  0  1  0  1  0  0  1  0  0  0  0  1  0  0  0  1  1  1  1  0  0  1  1  0  1  0  0  1  
0  0  0  1  0  1  0  0  0  0  0  0  0  0  1  1  0  1  0  0  0  1  0  0  0  1  1  0  1  0  
1  1  1  0  0  0  1  0  0  0  0  0  0  0  0  1  0  0  0  0  0  1  0  1  0  1  0  1  1  0  
1  1  0  1  0  0  0  0  0  1  1  1  0  0  1  0  0  0  1  1  0  0  0  1  1  1  1  1  1  0  
1  1  1  0  1  0  0  0  0  0  1  0  1  1  0  0  0  1  0  0  0  0  0  1  0  0  1  1  1  0  
1  0  0  1  0  1  1  1  0  1  0  0  0  1  0  0  1  0  0  0  0  0  1  1  0  1  0  0  1  0  
1  0  0  1  1  0  0  0  0  0  0  1  0  0  0  1  0  0  1  1  0  0  0  0  0  0  0  0  1  0  
1  0  0  1  0  0  1  0  1  0  0  0  1  0  0  0  1  0  0  0  0  1  0  1  0  1  0  1  1  0  
0  1  1  1  0  1  1  0  0  1  0  1  1  0  1  1  0  0  0  1  0  1  1  1  0  1  1  0  0  0  
0  1  0  0  0  1  1  1  1  0  1  0  0  1  1  0  1  0  0  0  1  1  0  1  0  0  0  1  1  1  
1  0  1  0  0  0  1  1  1  0  0  1  1  1  1  0  1  1  1  1  0  0  0  1  0  0  0  0  1  1  
1  0  0  1  0  1  0  1  1  1  1  0  1  0  0  0  1  0  0  1  1  0  0  1  1  0  0  1  0  0  
0  0  0  0  1  1  0  1  0  0  1  1  0  0  0  1  1  0  0  1  1  0  1  0  0  0  1  0  1  0  
0  0  1  0  1  1  1  0  0  0  0  0  0  1  1  0  1  1  1  1  0  0  1  1  1  0  0  1  0  0  
0  1  0  0  0  0  0  0  0  1  0  0  0  0  0  0  1  0  0  1  1  1  1  1  0  0  1  0  1  0  
