2  2  0  0  2  2  2  2  2  2  2  2  0  2  2  2  2  2  2  0  0  2  2  2  2  2  2  2  2  0  
3  0  0  0  3  3  3  3  3  3  3  0  3  0  3  3  3  3  0  3  4  0  3  0  3  3  0  3  3  3  
4  5  5  4  4  0  4  4  4  4  0  4  0  4  0  4  4  0  4  0  5  0  0  4  0  0  0  4  4  0  
0  0  6  5  0  5  0  5  5  0  5  5  5  5  5  0  5  5  0  0  0  6  0  5  0  7  6  5  5  5  
8  7  6  6  0  6  6  6  6  0  0  6  0  6  0  6  6  6  0  8  7  7  6  6  7  7  0  0  6  0  
9  8  7  7  0  7  7  0  7  0  8  7  7  7  7  0  0  7  7  8  8  8  7  7  7  8  8  0  0  7  
9  0  8  0  8  0  8  0  8  9  8  8  8  8  8  9  8  8  8  0  9  8  0  0  0  9  0  0  8  8  
10  10  9  0  0  9  0  0  9  0  0  9  9  0  0  9  0  0  0  9  10  0  0  0  0  10  10  11  0  9  
11  0  10  0  10  10  0  0  10  11  0  10  0  1  0  0  0  11  10  0  11  12  13  12  11  11  0  0  10  10  
0  12  11  0  0  11  11  12  11  11  0  0  0  19  0  14  13  12  11  11  12  12  13  0  0  12  12  12  11  11  
13  12  0  0  12  12  12  12  12  0  16  0  18  19  0  14  0  0  0  0  13  13  14  14  13  13  13  0  0  12  
0  13  13  0  0  0  0  0  0  13  14  15  16  17  0  15  0  17  16  15  14  14  14  15  14  14  0  0  29  0  
14  14  14  15  16  17  16  15  14  0  0  16  17  0  0  0  18  17  16  15  15  15  15  15  15  0  29  0  28  0  
15  0  15  15  16  17  17  16  0  0  18  17  17  18  19  20  19  18  17  0  16  16  16  16  16  16  0  28  27  27  
0  0  16  0  17  0  17  17  18  19  0  18  18  0  0  20  19  18  0  17  17  17  0  17  17  17  0  27  26  27  
19  18  17  17  0  18  18  18  18  19  20  19  19  19  20  21  0  19  0  18  18  0  18  0  0  18  18  0  0  25  
19  18  0  18  19  19  19  19  0  20  20  20  20  20  0  22  0  0  19  19  19  19  19  20  0  19  0  23  24  25  
20  19  19  19  0  20  0  20  0  21  21  21  21  0  21  22  22  21  20  0  20  20  0  0  21  20  20  21  22  23  
20  20  20  0  0  21  21  21  22  22  22  22  22  22  22  23  22  21  21  0  21  0  27  0  21  0  0  22  23  24  
0  0  21  21  22  22  22  22  22  0  0  23  23  23  23  23  23  22  22  22  22  0  25  26  0  0  24  23  23  24  
23  22  22  22  23  23  0  0  23  24  24  24  0  0  24  24  23  23  23  23  23  24  0  27  26  25  0  24  24  25  
24  0  23  0  23  24  24  25  24  24  25  25  25  0  25  25  0  0  24  24  24  24  0  0  0  0  26  0  0  25  
0  24  0  24  24  25  0  0  25  25  0  26  26  26  26  26  26  25  25  0  25  25  26  27  28  0  27  28  0  26  
26  25  25  25  0  0  26  0  26  26  26  27  27  0  0  27  27  26  0  0  26  0  26  27  0  0  28  28  29  0  
26  26  0  26  27  0  27  27  27  0  27  28  28  29  0  28  27  0  28  27  0  27  27  28  0  29  0  29  0  0  
27  27  0  27  27  28  0  28  28  28  28  28  29  29  30  29  0  28  29  28  28  28  0  0  29  30  30  30  30  0  
28  0  28  28  28  29  29  0  0  0  0  29  0  0  30  30  29  29  29  29  0  29  0  30  30  31  31  31  31  1  
29  0  0  29  29  0  0  30  0  1  0  30  0  1  31  31  30  30  0  30  30  30  30  31  31  31  1  1  1  1  
0  31  30  30  30  31  0  31  1  0  31  0  1  1  1  31  31  31  31  31  31  31  31  1  1  1  1  1  1  1  
1  32  31  0  31  31  1  0  0  1  1  1  0  0  1  1  0  1  0  1  1  1  1  0  1  0  1  0  1  0  
