2  0  0  2  0  0  0  0  2  0  0  0  0  0  0  0  0  0  2  0  0  2  0  0  0  2  0  2  0  2  
0  3  0  0  0  1  0  1  0  3  4  5  6  0  8  0  0  4  3  0  1  0  3  4  0  0  0  0  0  3  
0  4  0  0  0  1  0  0  0  0  0  0  7  8  7  6  5  4  0  0  0  0  0  0  0  0  0  1  0  0  
0  0  0  0  0  0  0  0  0  1  0  0  0  0  8  0  0  0  0  1  0  0  0  0  0  0  0  1  0  0  
0  0  1  0  1  0  1  0  0  0  0  0  1  0  9  0  0  0  1  0  0  1  0  0  0  1  0  0  1  0  
0  0  0  0  0  0  0  0  0  0  0  1  1  0  0  0  0  1  0  0  1  1  1  0  0  0  0  0  0  1  
0  0  1  0  1  0  1  0  0  0  0  0  0  0  0  1  0  1  1  1  0  0  0  0  0  0  0  1  0  1  
0  0  0  0  1  0  0  0  0  0  0  0  0  0  0  0  0  1  1  1  0  0  0  1  0  0  0  0  0  0  
1  0  0  0  1  1  0  0  1  1  1  1  0  1  0  0  0  0  1  0  0  0  0  0  0  0  0  1  1  0  
1  0  0  0  1  1  1  1  1  1  0  1  1  0  0  0  0  0  0  0  0  0  0  0  1  0  0  1  0  1  
0  1  0  0  0  0  0  0  0  0  0  0  1  0  0  1  0  1  0  0  0  0  1  0  0  1  0  0  0  1  
0  1  0  0  0  1  0  0  0  0  0  0  0  0  1  0  0  1  1  0  0  0  1  0  0  0  0  0  1  1  
1  1  1  1  0  0  0  1  0  0  0  0  0  0  0  0  1  0  1  0  0  0  0  0  0  0  0  0  1  0  
1  0  0  1  0  0  1  0  0  1  0  1  0  0  0  0  0  1  0  1  1  0  1  0  0  1  1  1  0  0  
0  0  0  0  0  1  0  1  1  0  0  0  0  1  1  0  0  0  1  0  0  0  0  0  1  1  0  0  0  0  
1  0  1  0  1  1  0  0  0  0  0  0  1  0  1  1  1  0  0  1  0  0  0  1  1  0  0  1  0  1  
1  1  1  0  1  0  0  1  0  0  0  1  1  1  0  0  0  1  1  0  0  0  1  0  0  1  1  0  0  0  
0  0  0  1  1  1  1  0  0  0  0  0  0  1  1  0  0  0  0  0  0  0  1  1  0  0  0  1  0  1  
0  0  0  0  0  1  1  0  1  0  1  0  0  0  0  1  0  0  0  0  1  1  0  1  1  1  0  0  1  1  
0  0  0  1  0  1  0  0  0  1  0  1  1  1  0  0  0  1  0  0  0  0  0  0  0  0  0  1  1  1  
0  1  0  1  1  0  0  0  1  1  0  1  0  0  0  0  0  1  0  1  0  0  1  1  0  1  0  0  0  0  
0  1  0  0  0  0  1  0  0  1  0  0  0  0  1  0  1  0  1  0  0  0  1  0  0  0  0  0  0  0  
1  0  0  0  0  0  0  0  1  0  0  0  0  0  1  0  1  0  1  1  0  0  0  1  0  0  0  0  0  1  
1  0  0  0  0  1  1  0  0  0  1  0  0  0  0  0  1  0  1  0  1  1  1  0  1  0  0  0  0  0  
0  0  0  0  1  0  1  0  0  1  0  0  1  0  0  0  0  0  0  0  0  1  0  0  0  0  0  0  0  0  
0  0  0  1  0  1  0  0  0  0  1  0  0  0  0  1  0  1  0  0  0  0  0  1  0  0  0  0  1  0  
0  0  1  0  1  0  1  0  1  1  0  0  0  0  0  0  0  0  0  0  1  0  0  0  0  1  0  1  1  0  
0  0  0  0  1  0  0  1  1  0  1  1  0  0  1  1  0  0  0  0  0  0  0  0  0  1  0  0  0  0  
0  0  0  0  0  0  0  1  0  0  0  0  0  0  0  1  0  0  1  0  0  0  1  0  1  0  0  0  0  0  
0  1  1  0  0  0  0  0  0  0  1  1  0  0  1  0  0  0  0  0  0  0  0  0  0  0  0  1  0  0  
