0  2  0  2  0  2  2  0  2  0  2  2  0  2  2  0  2  2  2  2  0  2  2  2  2  2  0  0  2  2  
4  3  0  0  3  0  0  0  3  3  3  3  0  0  0  3  3  0  3  0  3  0  3  0  3  3  3  4  3  0  
0  4  0  0  4  0  0  4  4  4  4  4  5  5  4  4  0  0  4  0  4  4  0  0  0  4  4  4  4  5  
0  0  5  0  0  5  0  0  5  0  0  0  5  6  5  0  0  1  0  0  5  5  0  0  6  5  5  0  0  0  
13  0  6  0  0  6  7  6  6  0  12  0  6  6  6  0  1  0  0  6  6  6  0  7  0  6  6  0  0  1  
0  12  0  0  8  7  7  0  7  0  10  11  0  0  7  0  1  0  8  7  7  7  7  8  8  0  7  7  8  9  
0  11  10  9  0  8  8  8  8  9  10  10  9  8  0  1  0  9  8  0  0  8  0  9  9  8  0  0  9  10  
20  0  0  0  10  9  0  9  9  0  10  0  0  0  9  0  0  10  0  9  10  0  0  10  10  0  9  10  10  10  
19  18  0  11  0  10  0  10  10  0  0  0  11  10  0  12  11  0  0  10  0  0  11  11  0  10  0  0  11  0  
19  0  17  0  0  11  0  11  11  0  14  13  12  0  11  0  0  12  0  11  11  0  12  0  0  0  0  0  12  12  
18  17  16  15  0  12  12  12  0  15  14  13  13  12  12  0  0  13  0  12  12  0  13  0  1  0  14  13  0  13  
0  18  17  0  14  13  13  13  13  0  0  0  14  0  0  13  0  14  14  13  13  13  14  0  0  0  15  14  0  14  
19  0  18  0  0  14  14  0  14  15  16  15  15  16  0  14  0  0  14  14  14  0  15  16  0  16  0  0  0  15  
0  19  18  17  16  15  15  15  15  15  0  16  0  0  0  15  15  0  15  15  15  15  0  0  17  0  17  18  17  16  
0  19  18  0  0  0  16  16  0  0  17  0  0  20  0  0  16  16  16  16  16  16  0  0  18  18  18  18  0  17  
21  20  0  0  0  0  17  17  17  18  18  0  0  20  19  18  17  17  0  17  17  0  17  18  19  0  0  0  19  18  
0  21  22  0  19  18  18  18  18  19  19  0  0  20  19  18  0  0  0  0  18  18  0  19  20  0  21  20  19  19  
23  22  22  0  20  19  19  19  0  19  0  20  21  21  0  19  19  0  21  20  19  0  0  20  20  21  0  0  20  20  
23  23  23  0  0  0  20  20  20  20  21  0  22  22  0  20  0  22  0  20  0  0  21  21  0  22  0  21  0  21  
24  24  0  24  0  1  0  21  0  21  21  22  0  23  0  21  21  22  0  21  21  0  22  0  0  0  23  22  22  0  
25  0  25  0  1  0  22  22  22  0  22  23  0  24  0  22  22  0  0  22  22  23  23  0  1  0  23  23  23  0  
0  0  0  26  0  1  0  0  23  0  0  0  24  0  0  23  23  23  0  23  23  23  24  0  1  1  0  0  0  24  
0  1  0  0  0  1  0  24  24  25  0  25  25  0  24  24  0  24  0  0  24  24  25  0  0  0  1  1  0  25  
1  0  1  0  0  0  1  0  25  25  26  0  26  26  0  25  25  0  25  0  0  25  25  26  0  0  0  31  1  0  
1  0  0  0  1  1  0  26  26  0  27  27  27  0  26  0  26  26  26  0  0  26  26  27  28  29  30  31  1  1  
1  0  0  1  1  1  1  0  0  27  28  0  28  0  27  0  0  0  27  0  30  0  27  27  28  0  0  31  0  1  
1  0  1  0  1  0  1  0  0  28  0  29  29  28  28  29  29  28  28  29  0  0  28  28  29  0  0  1  0  0  
0  1  1  1  0  0  1  0  0  0  29  30  0  29  0  29  0  29  29  0  30  0  0  0  29  30  31  0  1  1  
1  1  0  0  1  1  1  0  31  30  30  31  0  30  0  0  30  30  30  31  31  0  0  30  30  31  1  0  1  1  
0  0  1  1  1  1  0  1  0  31  31  31  0  31  31  1  0  31  0  31  1  0  1  0  0  31  1  1  0  0  
