0  0  0  0  0  2  0  0  0  0  0  2  2  2  2  0  0  0  0  0  0  2  0  2  0  2  0  0  0  0  
12  0  0  5  4  3  0  1  0  0  0  3  3  0  0  0  0  0  0  5  4  3  3  3  3  3  3  0  0  1  
11  12  0  0  4  0  0  0  1  1  0  4  4  5  0  0  0  0  0  0  0  4  0  0  4  4  0  0  1  0  
11  10  0  6  5  0  1  0  1  0  0  5  5  0  6  0  1  0  0  1  0  5  0  0  0  0  0  1  0  0  
10  9  0  6  6  0  0  1  0  1  0  6  6  0  7  0  0  0  0  1  0  6  0  0  11  0  1  0  1  0  
0  0  8  7  0  7  8  0  0  0  0  0  0  7  8  0  0  0  0  0  0  0  7  8  9  10  0  0  1  0  
0  0  0  0  8  0  9  10  0  1  1  0  8  0  0  0  0  0  0  0  0  0  8  9  0  0  0  0  1  1  
0  12  11  10  9  0  0  0  0  0  0  0  0  9  0  1  0  1  0  0  0  0  9  0  0  13  0  1  1  0  
13  12  0  10  0  0  1  1  1  1  1  1  0  0  1  1  1  1  0  16  0  0  10  11  12  0  1  1  0  1  
0  13  0  11  11  0  1  0  1  1  0  1  1  1  1  1  1  0  1  0  15  14  0  11  0  0  0  0  0  1  
14  14  0  12  12  0  1  0  1  1  1  1  1  0  0  1  0  1  1  0  0  13  12  0  0  0  0  0  0  1  
0  0  0  0  13  0  1  1  0  1  1  1  1  1  0  1  1  1  1  0  0  0  13  13  14  15  0  0  0  1  
0  0  15  14  0  0  0  0  0  0  0  1  0  1  0  0  0  0  0  0  0  14  14  14  15  16  17  0  0  1  
1  1  0  0  0  1  0  1  1  1  0  1  1  1  0  33  0  0  0  1  0  0  0  15  0  0  0  0  1  0  
1  0  0  0  0  0  0  1  0  0  1  1  0  33  32  0  0  0  0  0  0  17  16  0  0  0  1  1  1  1  
1  0  1  1  0  1  0  1  1  0  1  1  0  0  0  31  30  30  31  32  0  0  0  17  0  1  0  0  0  1  
0  0  1  0  0  0  0  1  0  1  0  0  33  32  31  30  29  0  0  0  24  23  0  18  0  1  1  1  1  0  
0  1  0  0  1  1  1  1  1  0  1  0  0  0  0  0  29  28  27  0  24  23  22  0  19  0  1  1  1  1  
0  1  1  1  1  1  1  0  0  0  0  1  0  0  31  30  0  27  26  25  24  0  21  20  20  0  1  0  1  1  
0  1  0  1  1  0  1  1  1  1  1  1  0  0  32  31  0  28  0  26  25  24  0  21  0  21  0  1  0  1  
1  1  0  1  1  1  0  1  1  0  0  0  1  0  0  0  29  28  27  0  24  23  22  0  0  0  0  0  1  1  
1  0  1  1  1  0  0  0  0  0  1  0  0  1  0  0  0  29  28  0  0  24  0  23  24  0  0  0  0  1  
1  0  0  0  0  1  0  1  1  0  0  1  1  0  33  0  30  29  29  30  0  25  0  0  25  26  27  0  0  1  
1  0  0  1  1  0  1  1  1  1  0  0  1  1  0  32  31  0  0  0  31  0  0  0  0  26  27  0  30  31  
1  0  1  0  0  0  0  1  0  1  0  1  0  0  0  32  32  33  33  32  0  30  29  28  27  27  28  29  0  32  
1  0  1  0  1  1  0  0  0  0  0  0  1  0  0  33  33  0  1  33  33  0  30  0  28  28  28  29  0  1  
1  0  1  1  1  0  0  0  1  0  0  0  0  0  1  1  0  1  0  33  32  31  0  0  29  0  0  0  0  0  
1  1  0  1  1  1  0  1  0  1  1  1  0  0  0  1  0  1  0  0  0  32  32  0  30  30  31  0  1  1  
1  0  0  1  1  0  0  0  1  1  1  1  1  0  0  0  0  1  0  1  33  33  32  31  0  31  0  0  1  0  
1  0  0  1  0  0  0  1  0  0  0  0  1  0  1  1  1  1  0  1  1  1  0  32  32  32  32  1  0  1  
