2  0  0  2  2  0  0  2  0  0  0  0  0  2  0  0  0  0  0  2  2  0  2  2  2  2  0  0  2  0  0  2  0  2  2  2  2  0  0  0  0  0  0  2  2  2  0  0  0  0  
3  0  0  3  0  0  1  0  1  1  0  0  4  3  4  0  0  0  0  0  3  4  3  0  0  0  0  4  3  0  0  3  4  0  3  3  0  0  0  0  0  1  1  0  0  3  0  1  0  0  
0  0  0  4  0  0  0  0  1  0  0  0  0  0  5  0  1  0  1  0  4  0  0  1  0  0  0  0  0  0  0  0  5  0  4  4  0  0  0  1  1  1  0  0  5  4  0  0  1  0  
0  0  6  5  6  0  0  1  1  0  0  1  0  7  6  0  1  1  1  0  0  0  0  0  0  1  0  1  0  0  0  0  0  0  0  5  6  0  0  0  0  0  1  0  0  5  0  0  1  0  
0  1  0  0  0  0  0  1  0  0  0  1  0  0  0  0  1  0  0  0  1  0  0  0  0  0  0  1  0  1  0  1  1  0  7  6  7  0  0  0  1  0  0  0  7  6  0  0  0  1  
1  0  0  0  1  0  0  1  1  1  0  0  0  0  1  0  1  1  0  0  1  0  0  0  1  0  0  0  1  0  0  1  0  9  8  0  0  0  0  0  0  0  0  0  0  7  8  9  0  0  
0  0  0  0  0  1  1  1  0  0  0  1  0  0  0  0  0  0  0  1  1  0  1  0  1  1  0  0  0  0  0  0  0  0  9  0  19  18  0  0  1  0  0  0  9  8  0  10  0  0  
0  0  0  0  0  0  1  1  1  0  1  0  1  0  0  0  0  0  0  0  1  1  1  1  1  1  0  1  0  0  1  0  1  0  10  11  0  17  18  0  1  1  0  1  0  9  0  11  0  15  
0  0  1  1  1  0  1  0  0  0  0  0  0  0  1  0  1  1  0  0  1  1  0  1  1  0  0  0  1  0  1  0  0  0  0  12  0  16  0  0  0  0  0  0  0  10  11  12  13  14  
0  0  1  0  1  0  0  0  0  0  0  0  1  1  1  1  1  0  0  1  0  0  1  1  1  0  1  0  1  1  1  0  0  0  0  13  14  15  0  1  0  1  0  1  0  11  0  0  0  0  
0  0  0  0  0  0  0  1  0  0  0  0  1  1  0  1  1  1  0  1  0  0  1  0  0  1  1  0  0  0  0  1  0  0  0  0  0  0  0  1  0  1  1  0  13  12  13  14  0  0  
1  1  0  0  1  0  0  1  0  0  0  0  0  1  0  0  0  1  0  0  0  0  1  1  0  1  0  1  0  0  1  0  1  0  1  1  0  1  0  1  0  0  0  0  0  0  0  15  0  0  
0  1  0  1  1  0  1  0  1  0  0  0  0  0  0  0  1  0  0  0  0  0  1  1  0  1  0  0  0  0  0  0  0  1  1  0  0  1  0  0  1  0  1  1  1  0  0  0  0  1  
1  1  0  1  0  0  1  0  1  0  0  1  0  0  1  0  1  1  0  1  0  0  0  0  0  0  1  0  0  1  0  1  1  0  0  0  0  1  0  0  0  0  1  0  0  0  0  0  1  0  
0  1  1  0  1  0  1  1  0  0  0  0  1  1  1  0  1  0  0  1  0  1  0  0  1  0  0  1  0  1  1  0  1  0  0  0  0  0  0  1  0  0  1  0  1  1  0  0  0  0  
0  1  0  0  0  1  0  1  0  1  1  1  1  0  1  1  1  1  0  1  1  0  0  0  0  1  1  1  0  0  1  0  0  0  0  0  0  0  1  1  1  0  0  0  1  0  0  0  0  0  
1  0  0  0  1  0  0  0  0  0  1  0  1  1  0  0  0  0  0  1  0  1  0  1  0  1  0  0  0  1  0  0  0  0  0  1  0  0  0  0  1  0  1  1  1  1  0  1  0  1  
0  1  0  1  1  0  0  0  0  1  1  0  1  0  1  0  0  1  0  0  1  1  1  0  0  0  0  0  1  0  0  0  0  0  1  0  0  1  1  0  0  1  1  0  0  0  1  1  0  1  
1  0  1  0  1  0  0  0  0  0  0  0  0  1  0  1  0  1  0  0  1  0  0  0  0  0  0  0  0  0  0  1  0  0  1  0  1  0  0  1  1  0  1  0  0  1  0  1  1  1  
1  1  1  0  1  1  0  0  1  0  0  0  0  1  1  0  1  1  1  1  1  1  1  0  1  1  1  0  1  0  0  0  0  0  0  0  0  0  1  1  0  0  1  0  1  1  1  0  0  0  
0  0  0  0  0  0  1  0  1  0  1  1  0  1  1  1  0  1  1  0  0  0  1  1  1  0  0  0  0  1  0  1  1  1  0  1  0  0  0  0  0  1  1  1  1  0  0  1  0  0  
0  1  0  1  1  0  0  0  0  1  0  1  0  1  0  0  1  1  1  0  0  0  0  0  1  0  0  1  0  1  1  0  1  1  1  0  0  0  0  0  0  1  1  0  1  1  0  0  0  0  
1  0  1  1  0  0  1  0  1  1  1  0  0  1  0  0  0  1  1  1  0  0  1  1  0  0  1  1  1  1  0  1  1  0  1  0  0  1  0  1  0  1  0  0  0  1  0  0  0  0  
0  0  0  0  0  1  0  0  0  0  0  0  0  0  0  1  1  1  1  0  1  0  1  0  1  1  1  0  1  0  0  0  1  0  0  0  1  0  0  0  1  0  1  0  0  0  0  1  1  0  
0  0  0  1  0  1  0  0  0  0  1  1  0  1  0  1  0  0  0  0  0  0  0  1  1  0  1  1  0  1  0  0  0  1  1  0  0  0  1  1  1  1  1  0  0  1  0  0  1  1  
0  1  0  0  1  1  0  1  0  0  0  0  1  0  0  1  0  0  0  0  0  1  1  0  0  1  0  0  1  1  1  1  0  0  0  0  0  0  0  0  1  1  0  0  1  1  0  1  0  1  
0  1  1  0  0  1  1  0  1  0  1  1  0  0  0  0  1  0  1  0  0  1  0  0  0  0  1  1  1  0  1  0  1  0  1  0  0  1  1  0  0  0  0  0  1  0  0  1  0  1  
0  0  1  0  1  0  0  1  1  0  0  0  0  0  0  0  1  0  0  0  0  0  0  0  0  1  1  0  1  0  0  1  0  1  0  0  0  0  0  0  0  1  1  1  1  0  0  0  0  1  
0  0  1  0  1  0  1  0  0  0  0  0  0  0  1  0  0  1  0  0  1  1  0  0  0  0  0  1  1  0  1  0  0  1  1  1  0  0  0  1  0  1  0  0  1  1  1  0  0  0  
0  1  0  0  1  0  1  0  1  1  1  1  1  0  0  0  1  0  1  0  0  0  0  0  0  0  0  0  0  0  0  0  0  0  0  1  0  0  0  1  0  0  0  1  0  1  0  1  0  0  
1  0  0  1  0  1  0  1  0  0  1  0  0  1  1  1  0  0  0  1  1  0  1  0  1  0  0  0  0  0  0  0  0  1  0  0  1  0  0  0  0  1  0  0  1  0  1  1  0  1  
1  1  1  1  1  1  0  1  1  1  1  1  0  0  0  0  0  0  0  1  0  0  0  0  0  0  0  0  0  1  1  1  1  1  1  0  0  0  0  1  0  0  0  0  0  1  0  0  1  1  
1  1  1  0  0  1  0  0  0  1  0  1  0  0  0  0  1  0  1  0  1  0  0  0  1  1  1  0  1  0  0  1  0  0  0  1  0  0  0  0  0  1  1  0  1  0  0  0  0  1  
1  0  0  0  0  1  0  0  0  1  1  1  1  0  1  0  1  0  0  1  0  1  0  0  1  1  0  0  1  1  0  1  1  1  0  0  1  1  0  0  0  0  0  1  0  0  0  0  0  1  
1  0  0  0  0  0  1  0  0  1  0  0  1  1  1  0  1  0  1  0  0  1  0  1  0  1  1  1  0  0  1  0  1  0  0  0  0  0  1  0  1  0  1  0  0  0  0  1  1  0  
1  1  0  0  1  0  1  0  1  1  0  0  1  0  0  0  1  1  0  1  1  0  1  0  0  1  1  0  1  0  1  0  0  0  1  0  0  0  0  1  0  1  0  1  0  1  1  0  1  0  
1  1  0  1  0  0  1  1  0  0  1  1  0  0  0  1  0  1  0  1  1  1  1  1  1  0  1  1  0  0  1  0  0  1  0  0  1  0  1  1  0  0  1  0  1  0  1  0  1  1  
1  0  1  0  1  0  1  1  0  1  1  1  0  0  0  1  0  0  0  1  0  0  0  1  0  0  1  1  1  1  0  1  0  1  0  1  0  0  1  0  0  0  1  0  1  0  0  0  1  1  
1  0  0  0  0  0  1  1  0  0  0  0  1  0  0  0  1  0  0  1  1  1  0  0  1  1  0  1  0  0  1  0  0  1  0  0  1  1  0  1  0  0  1  0  1  0  0  1  0  0  
0  0  0  0  0  0  0  0  0  0  1  1  0  1  1  0  0  0  0  0  1  1  1  1  0  0  0  1  1  1  1  1  0  0  0  0  0  0  1  0  0  0  0  0  0  0  1  1  1  0  
1  0  0  0  1  0  0  0  0  0  1  0  1  1  0  0  1  0  0  0  0  0  0  0  0  0  1  0  1  0  1  1  0  1  1  0  1  1  0  1  0  0  0  0  1  0  0  0  0  0  
0  0  1  0  1  1  0  1  1  0  1  1  0  1  0  0  1  1  0  0  0  0  0  1  0  1  0  1  0  1  1  0  1  0  0  0  0  1  1  1  1  0  0  0  0  0  0  0  0  0  
1  0  0  0  0  0  0  0  0  0  0  1  1  1  0  0  0  0  1  1  0  0  0  1  0  0  1  0  0  0  0  1  0  1  0  0  1  0  0  0  0  0  1  0  0  0  0  0  1  0  
0  1  0  0  1  1  0  0  1  0  0  1  0  0  0  0  0  1  0  1  1  0  1  0  1  0  0  1  1  1  0  1  1  0  0  0  1  1  0  0  0  0  1  1  0  1  0  0  1  1  
1  1  1  0  0  0  0  0  0  1  0  1  0  0  1  0  0  0  1  0  1  1  1  0  0  1  0  1  1  1  0  0  0  0  1  0  0  0  0  0  0  0  1  0  0  1  1  1  0  0  
1  1  1  0  0  1  1  1  0  0  0  1  0  1  1  1  0  0  0  0  1  1  0  0  0  0  0  1  1  1  0  0  0  1  1  1  0  0  1  0  0  0  1  0  1  1  0  1  1  1  
0  1  0  1  1  0  1  1  1  0  1  0  0  1  1  0  1  0  0  0  0  0  1  1  0  0  1  1  1  1  0  1  1  0  1  0  0  1  0  1  0  0  1  1  0  0  0  0  0  0  
1  0  1  1  0  1  1  0  1  1  0  0  1  1  0  1  0  0  0  0  0  1  0  1  1  1  1  0  1  0  1  1  1  1  0  0  0  0  0  0  0  0  0  0  0  0  1  0  0  1  
0  1  0  1  0  0  0  1  0  1  1  1  0  1  1  0  0  0  1  1  0  1  0  0  0  0  1  0  0  0  0  0  0  1  0  1  0  0  1  0  0  0  0  0  0  0  0  0  0  1  
0  0  0  0  0  0  1  0  1  1  1  0  1  1  0  0  0  0  1  0  1  1  0  0  1  0  1  0  1  0  1  0  1  1  0  0  0  0  0  1  1  1  0  1  0  1  0  1  1  1  
