0  2  0  2  0  2  2  0  2  2  0  2  0  0  0  2  2  2  0  2  2  0  2  0  2  2  2  0  2  2  2  2  2  2  2  0  0  2  2  0  2  0  0  2  2  2  2  0  2  2  
0  0  4  3  4  3  0  4  3  3  4  3  4  0  4  3  3  3  0  3  0  1  0  4  3  3  0  4  3  0  0  3  3  3  3  4  4  3  3  4  3  4  5  0  0  3  0  4  3  0  
17  18  0  4  0  4  0  5  0  4  5  4  5  0  0  4  0  4  0  4  5  0  6  5  4  0  6  5  0  9  8  0  4  4  4  5  5  4  4  5  0  0  6  6  5  4  0  5  4  5  
16  0  6  5  6  5  0  6  0  0  6  0  0  15  16  0  0  0  6  5  6  7  0  0  5  6  7  0  9  8  7  6  5  0  5  6  6  5  5  6  0  0  0  7  0  5  6  6  5  6  
15  0  0  0  7  6  7  7  8  8  7  0  13  14  0  16  0  8  7  6  0  0  10  0  6  7  8  9  10  9  8  0  6  7  6  0  7  6  6  7  8  9  10  0  7  6  0  7  6  0  
14  0  0  0  0  7  8  0  9  0  8  0  12  13  14  15  0  0  8  0  11  10  9  8  7  8  9  10  0  0  9  8  7  0  0  9  8  0  7  8  9  0  0  9  8  7  8  0  7  8  
13  12  11  10  9  8  9  10  10  0  9  10  11  12  13  14  0  10  9  0  12  11  10  0  8  9  10  11  12  11  10  0  8  0  1  0  9  9  8  9  0  0  11  10  9  8  9  9  8  9  
0  13  12  11  0  9  10  11  11  11  10  11  12  13  14  13  12  11  10  11  12  0  11  10  9  10  11  0  13  12  11  10  9  0  0  16  0  10  9  0  16  15  0  11  10  9  10  10  0  10  
15  14  13  12  11  10  11  12  12  12  11  0  13  0  15  14  13  12  0  12  13  0  0  11  0  11  12  13  0  13  12  11  10  11  0  15  0  11  10  0  15  14  13  12  11  10  11  0  12  11  
16  15  0  13  12  11  12  0  13  0  0  15  14  0  16  15  0  13  14  13  14  14  13  12  13  12  0  14  15  14  13  12  0  12  13  14  13  12  0  1  0  15  0  0  12  11  12  0  0  0  
17  16  17  0  13  12  13  14  0  18  17  16  0  18  17  16  15  14  15  14  15  0  14  0  14  13  14  15  16  15  14  13  0  13  0  0  0  13  14  0  1  0  1  0  13  12  13  0  58  0  
0  17  18  19  0  0  14  0  0  0  18  0  0  19  18  17  0  0  16  15  16  16  15  0  15  14  15  0  0  16  0  0  23  0  25  26  27  0  0  0  1  0  0  38  0  13  14  0  57  56  
19  18  0  20  19  0  15  16  0  20  0  22  21  20  19  0  19  18  17  0  0  17  16  17  16  15  0  25  0  17  0  21  22  0  24  0  26  27  0  1  1  0  36  37  0  14  0  53  0  55  
20  19  20  19  18  17  16  17  18  19  20  21  22  21  20  21  20  19  0  0  19  18  0  0  17  16  0  24  0  18  19  20  21  22  23  24  25  0  31  0  0  34  35  0  49  0  51  52  0  54  
21  20  0  20  19  18  17  0  19  20  0  22  23  22  0  0  21  0  22  21  20  19  20  19  18  0  0  23  24  0  20  0  22  0  24  25  0  29  30  31  32  33  0  0  48  49  50  51  52  53  
22  21  22  0  20  19  0  21  20  21  22  23  0  0  24  23  22  23  23  22  21  0  21  20  19  20  21  22  23  22  21  22  23  0  25  26  27  28  29  30  31  0  49  48  47  0  51  50  0  0  
23  0  23  24  0  20  21  22  21  22  0  0  27  26  25  0  23  24  24  23  22  23  22  0  0  21  22  0  24  0  0  0  24  0  0  27  0  29  30  31  32  0  50  0  46  0  50  49  50  51  
24  0  24  0  22  21  0  23  22  23  0  0  28  27  0  0  24  25  25  24  23  0  0  32  33  0  0  0  25  26  27  26  25  26  27  0  31  30  0  0  33  34  0  0  45  46  0  48  0  0  
25  26  0  0  23  22  23  24  23  24  25  26  27  28  0  0  25  26  26  25  24  25  0  31  32  31  0  27  26  27  28  27  0  27  28  29  30  0  34  0  34  0  0  0  44  0  46  47  48  0  
26  0  26  25  24  0  24  0  0  25  26  27  28  0  28  27  26  27  0  26  25  0  29  30  31  30  29  28  27  28  29  28  0  28  29  0  31  32  33  34  0  40  41  42  43  44  45  46  0  0  
0  0  0  26  25  26  25  26  27  26  0  28  29  30  0  28  27  28  28  27  26  27  28  29  0  31  0  0  28  29  30  0  30  29  30  0  32  33  34  35  0  39  40  41  0  43  44  0  46  0  
32  31  0  0  26  0  0  0  28  27  28  29  0  31  30  29  28  29  29  28  27  0  29  30  31  32  33  34  0  0  31  32  31  30  31  32  33  34  35  36  37  38  39  40  41  42  43  44  45  46  
31  30  29  28  27  0  0  30  29  28  0  0  33  32  31  30  29  0  30  29  0  31  30  31  0  33  34  35  34  33  32  0  0  0  0  0  34  0  36  37  38  39  40  41  0  43  44  45  46  47  
32  31  30  0  0  0  1  0  30  29  0  35  34  33  32  0  30  31  31  30  31  32  31  32  0  34  35  36  35  0  33  34  35  36  37  38  0  38  37  38  39  40  0  42  0  0  45  0  47  48  
33  0  31  0  0  0  0  0  31  0  37  36  0  34  33  32  31  0  0  31  32  33  32  33  34  0  0  37  36  35  34  35  36  37  38  0  40  39  0  39  0  41  0  43  44  0  46  0  48  49  
34  0  32  0  36  37  38  0  0  0  0  0  36  35  34  0  32  33  0  0  33  34  33  34  35  36  0  38  37  36  35  0  0  38  39  40  41  40  0  0  0  0  45  44  45  46  47  48  49  50  
35  34  33  34  35  36  37  38  39  40  0  0  37  0  0  34  33  34  35  35  34  35  34  35  36  37  0  0  38  0  36  0  40  39  40  41  0  41  42  43  44  45  0  0  46  47  48  49  50  51  
0  0  34  35  36  0  38  0  0  41  0  39  38  0  0  35  0  0  36  36  35  36  35  0  37  38  39  0  39  38  37  38  39  0  41  0  0  42  0  44  45  46  0  48  47  48  49  50  51  0  
39  0  35  0  37  38  39  40  41  0  43  0  0  0  37  36  0  38  37  37  0  37  36  37  38  0  0  0  40  0  38  39  40  41  0  45  46  0  48  0  0  47  48  49  48  49  50  0  52  0  
38  37  36  37  38  0  40  41  42  0  42  41  40  39  38  0  40  39  0  0  41  0  37  38  39  40  41  0  41  40  39  40  0  42  43  44  45  46  47  0  49  48  49  50  49  0  51  0  53  54  
39  0  0  38  39  40  41  42  0  0  0  42  41  40  0  42  41  40  41  41  40  39  38  39  0  41  42  43  42  41  0  0  44  43  0  45  46  0  0  51  50  49  0  0  0  0  52  0  54  55  
40  0  44  0  40  41  42  0  1  0  44  43  42  41  0  0  42  41  42  42  41  40  0  40  0  42  43  44  0  42  43  0  45  0  47  46  0  50  0  52  51  50  51  0  55  54  53  0  0  0  
0  44  43  42  41  42  43  44  0  48  0  0  43  42  0  44  43  42  0  43  42  0  42  41  42  0  44  45  0  0  44  0  46  47  48  47  48  49  0  53  52  51  0  0  0  0  0  0  1  1  
1  0  44  0  42  0  0  45  46  47  0  0  44  43  44  45  44  0  0  44  43  0  43  42  43  44  45  46  47  48  0  0  47  48  0  48  0  0  55  54  0  0  0  1  65  0  0  0  0  0  
0  0  45  44  43  0  0  46  47  0  51  0  0  44  45  0  0  0  46  45  44  45  0  43  44  45  0  47  48  49  0  0  48  49  50  49  0  0  56  55  0  0  62  0  64  65  1  0  1  0  
48  47  46  0  44  0  48  47  48  49  50  51  52  0  46  0  0  0  47  46  0  46  47  0  45  46  47  0  49  50  51  50  49  50  51  0  57  0  0  56  57  0  61  62  63  0  1  0  0  1  
0  48  0  46  45  46  47  48  49  50  0  52  53  54  0  51  50  49  48  47  48  47  48  47  46  47  48  49  0  0  52  51  50  51  0  0  56  57  58  57  58  59  60  61  0  0  1  1  0  1  
0  49  48  47  46  47  0  49  50  51  52  0  0  55  55  0  0  50  49  48  0  48  49  48  47  0  49  50  0  54  53  52  51  52  53  54  55  56  57  0  59  60  61  62  0  1  1  1  1  1  
55  0  49  0  0  48  0  50  51  52  53  54  0  55  54  53  52  51  50  49  0  49  0  49  0  0  50  51  52  53  54  53  52  53  54  0  0  0  0  61  60  0  62  0  1  1  0  1  0  1  
54  0  50  0  0  0  0  51  0  53  54  55  56  56  0  54  53  0  0  50  0  0  51  50  51  52  0  52  53  0  55  54  0  54  55  56  57  0  0  62  0  1  0  0  1  1  1  1  0  0  
53  52  51  52  53  54  55  0  55  54  55  56  0  0  0  55  0  53  52  51  52  53  52  0  52  53  54  53  54  55  56  55  56  55  56  57  0  0  64  63  64  65  1  1  1  1  0  0  1  1  
0  53  52  53  54  55  56  57  56  55  0  0  0  58  57  56  55  54  0  0  53  0  53  54  0  0  55  54  55  56  57  0  57  56  0  0  0  0  65  64  65  1  0  1  1  1  1  1  1  0  
63  0  0  0  0  56  57  58  57  56  57  58  0  0  0  57  56  55  56  57  0  55  54  0  0  0  0  55  56  57  0  1  0  57  58  59  60  61  0  0  1  1  0  1  1  0  1  1  0  1  
62  61  60  59  58  57  0  59  0  57  58  0  62  63  0  0  57  56  57  58  57  56  0  0  0  0  0  56  57  58  59  0  59  58  0  60  61  0  65  1  1  0  1  0  1  1  0  1  1  0  
63  62  61  60  59  0  65  0  0  58  59  60  61  62  0  1  0  57  58  59  0  0  1  1  0  59  58  57  58  59  0  61  60  59  60  61  62  63  64  65  1  0  1  1  1  1  1  1  1  1  
64  63  0  0  60  0  64  65  66  0  60  61  0  63  64  65  1  0  59  0  63  64  65  0  0  60  59  58  59  60  61  62  0  0  61  62  63  64  65  1  0  1  0  1  1  1  0  0  1  0  
0  64  65  0  61  62  63  64  65  0  61  0  0  64  65  0  1  0  60  61  62  63  0  63  62  61  60  0  60  61  62  63  64  63  62  0  0  65  0  1  1  0  0  1  0  1  0  1  1  1  
66  65  66  1  0  63  64  65  64  63  62  63  64  65  1  1  0  62  61  0  63  0  65  64  0  62  61  0  61  0  63  64  65  0  63  64  65  1  1  1  1  0  1  1  1  0  1  0  1  1  
0  0  1  1  1  0  0  0  65  64  63  64  65  0  1  1  1  0  62  63  0  1  0  65  64  63  0  1  0  1  0  0  0  0  0  65  0  1  1  1  1  0  0  0  0  0  1  1  1  1  
1  0  0  1  1  0  1  1  66  65  0  0  1  1  1  1  1  1  0  0  1  1  1  1  0  0  1  0  1  0  1  1  1  0  0  1  1  1  1  0  1  1  1  1  1  1  1  1  1  0  
