0  0  0  2  2  0  0  2  0  0  0  0  0  2  0  2  2  0  0  0  0  0  0  2  0  0  0  0  0  0  0  2  0  0  0  2  0  0  0  2  0  0  2  0  0  2  0  0  0  2  
1  0  0  0  3  0  1  0  1  0  0  0  1  0  0  0  0  0  0  0  0  0  0  3  4  0  1  0  0  0  0  0  1  1  0  3  0  1  0  3  0  0  3  0  0  0  0  1  0  3  
0  0  6  5  4  5  0  0  1  0  0  1  0  0  0  0  0  0  0  0  1  0  5  4  0  0  1  0  0  0  1  0  0  0  0  0  0  0  0  0  1  0  0  0  0  0  0  0  0  0  
0  0  0  6  0  6  0  0  1  0  0  1  0  0  1  1  0  1  1  1  0  0  0  0  1  1  0  0  0  0  0  0  1  1  1  1  1  1  1  0  0  0  0  0  1  0  1  0  1  0  
1  0  0  0  0  0  0  1  1  0  0  0  0  0  0  0  0  0  0  0  0  0  0  1  0  1  0  0  1  0  0  0  0  0  1  0  0  0  0  0  0  0  0  0  0  1  1  0  1  1  
0  0  1  0  1  0  0  0  0  1  0  0  0  0  0  0  0  1  0  0  1  0  1  0  0  0  1  0  0  0  0  1  0  0  1  0  0  0  1  0  1  0  0  0  1  0  0  0  1  0  
1  0  0  1  0  0  0  1  0  0  1  0  0  1  0  0  0  0  1  0  0  0  0  0  0  0  0  0  0  0  0  0  0  1  0  1  0  0  0  0  1  0  0  1  0  0  1  0  1  0  
1  0  1  0  0  1  0  0  1  0  0  0  1  0  0  1  0  0  0  0  0  1  0  1  1  0  0  1  0  0  1  1  0  0  0  1  0  0  0  1  1  0  1  0  0  1  0  0  0  1  
0  0  0  0  1  1  0  1  1  0  0  1  1  1  0  1  0  1  1  1  1  0  0  1  0  1  0  0  0  0  0  0  0  0  0  0  1  0  1  1  0  1  1  0  0  0  0  0  1  0  
0  1  0  0  0  0  0  0  0  0  0  0  0  0  0  0  0  0  1  1  0  0  0  1  0  0  0  0  0  0  0  1  0  0  0  0  0  0  0  0  0  1  0  0  0  1  0  1  1  1  
1  0  0  0  0  0  0  1  0  0  0  1  0  0  0  1  0  0  0  0  1  0  0  1  0  0  0  0  1  0  0  0  0  1  0  0  1  1  0  1  0  0  0  0  1  1  1  0  0  0  
0  0  0  1  0  0  0  1  0  0  1  1  1  0  1  0  0  0  0  0  0  0  0  0  0  0  0  1  1  0  0  1  0  0  1  0  0  0  1  1  0  0  1  0  1  1  1  0  1  0  
1  1  1  0  0  0  0  1  0  0  0  1  1  0  0  1  0  0  0  1  1  1  0  0  0  0  0  1  0  0  0  0  0  0  0  0  1  1  0  1  1  0  1  0  1  0  0  1  0  1  
0  0  0  0  0  0  0  0  0  0  0  1  0  0  0  0  0  0  1  0  1  1  0  1  1  1  0  0  1  1  0  0  0  0  0  1  0  0  1  0  0  0  0  1  0  0  1  0  1  0  
0  0  0  0  0  1  1  0  0  0  0  0  0  0  0  0  0  0  0  1  0  0  1  0  0  0  1  0  0  0  0  1  0  0  0  0  0  0  0  1  0  0  0  1  0  1  1  0  0  1  
0  1  0  0  1  1  0  0  1  1  0  1  0  0  0  0  0  0  0  0  0  0  0  0  0  1  0  1  0  0  0  1  0  0  0  0  0  0  1  0  0  0  0  0  1  0  0  0  0  1  
1  1  1  0  0  0  0  0  1  0  1  0  1  0  0  1  0  0  0  0  1  1  0  1  0  0  1  0  0  0  0  0  0  0  0  1  1  0  0  0  0  0  0  0  0  0  0  0  1  0  
1  0  1  0  1  1  0  1  0  0  1  0  0  0  0  1  0  1  0  0  0  1  1  0  0  0  0  0  1  0  1  0  0  0  0  0  0  0  1  0  1  0  0  0  0  0  1  1  0  0  
0  0  0  0  0  1  1  0  0  0  0  1  0  1  0  0  0  1  0  0  0  0  0  0  1  1  1  0  0  0  1  0  0  1  0  1  0  0  0  0  0  0  0  0  0  0  0  0  0  0  
0  0  0  1  1  0  0  0  0  0  1  0  0  0  0  0  0  0  0  0  1  0  0  0  1  1  0  0  0  0  0  0  1  1  0  0  0  1  0  0  0  0  1  0  1  0  0  0  1  0  
0  0  0  0  1  1  0  0  1  0  0  0  0  0  0  0  0  0  0  0  0  1  1  0  1  0  0  1  1  1  1  0  0  0  0  0  0  0  0  0  0  0  1  0  0  0  0  0  0  0  
1  0  0  0  0  0  0  0  0  1  1  0  1  0  0  0  0  0  0  1  0  1  0  0  0  0  0  0  0  0  1  1  0  1  1  0  1  0  0  0  0  0  0  0  0  0  1  1  1  0  
0  1  0  1  0  1  0  0  1  0  0  0  0  0  1  0  0  0  0  0  1  1  0  0  0  0  0  1  0  0  0  0  0  0  0  0  1  0  0  1  1  1  0  1  0  0  0  0  0  0  
1  1  0  0  1  0  1  0  1  0  0  1  0  0  1  1  0  0  1  1  0  0  0  0  1  0  1  0  0  0  0  0  1  0  1  1  0  0  1  0  0  0  0  1  0  1  0  0  0  0  
0  0  1  1  1  1  0  0  1  0  0  0  0  0  0  0  0  1  0  0  0  0  1  0  0  0  0  0  0  0  1  0  1  0  0  0  0  0  0  1  1  1  0  0  1  1  1  1  0  0  
0  0  0  0  0  0  1  0  1  0  1  0  0  0  0  0  0  0  0  0  1  0  0  0  0  0  1  0  0  1  0  0  0  0  1  0  0  1  0  1  0  0  0  1  0  0  0  0  0  1  
1  0  0  0  0  1  0  0  0  0  0  0  0  1  1  0  1  1  0  0  0  1  0  0  1  0  0  1  0  1  0  0  1  0  1  1  0  1  0  0  1  0  0  0  0  0  0  0  0  0  
0  0  0  0  0  1  0  0  1  0  1  0  0  0  1  0  0  0  1  0  0  1  1  1  0  0  0  0  0  0  1  0  1  0  0  0  1  1  0  0  1  0  1  0  0  0  0  0  0  1  
0  0  1  1  0  0  0  1  1  0  0  0  0  1  0  1  0  1  0  1  1  0  0  0  1  0  0  0  0  1  0  0  1  0  1  0  0  0  0  1  0  0  0  0  0  0  0  0  1  0  
0  0  0  1  0  1  0  0  0  1  1  1  0  0  0  0  0  0  0  0  1  0  1  1  0  1  1  0  0  0  0  0  0  1  1  1  0  0  0  0  0  0  0  1  0  0  0  1  0  0  
0  0  0  0  0  0  1  1  0  0  0  0  0  1  1  0  1  0  0  0  0  0  0  0  0  0  0  1  0  0  1  0  0  1  0  0  0  1  0  0  1  0  1  0  0  0  0  0  1  0  
0  0  0  0  0  0  0  0  1  0  0  0  1  0  0  0  0  0  0  0  1  0  1  1  0  0  1  1  1  0  0  0  1  0  1  0  0  0  0  1  0  0  1  0  0  1  0  0  1  0  
1  0  0  0  0  0  0  0  0  1  0  1  0  1  0  0  0  1  0  0  1  0  0  1  1  1  0  0  0  0  0  1  0  0  0  0  0  1  1  0  1  0  1  1  0  1  0  0  0  0  
0  0  1  0  0  1  0  1  0  0  0  1  1  1  0  1  1  0  1  1  0  1  0  1  1  0  0  0  0  0  0  0  0  0  0  0  1  0  0  0  0  0  1  0  0  1  1  0  1  0  
0  0  0  0  1  0  0  0  0  0  0  0  0  0  0  0  1  1  0  0  1  1  0  1  0  0  0  1  0  0  0  0  0  1  0  1  0  0  0  1  0  0  0  0  0  0  1  1  0  1  
0  0  1  0  0  0  0  0  0  0  0  1  1  0  0  1  0  0  0  1  1  1  0  0  1  0  1  0  0  0  1  0  0  1  0  0  0  0  1  0  0  0  0  0  1  1  1  0  0  0  
0  1  0  0  0  0  0  0  0  0  0  1  0  0  0  0  0  0  1  0  0  1  0  1  0  1  0  0  1  0  0  0  0  1  0  0  0  1  0  0  1  0  0  0  0  0  0  0  0  1  
0  1  0  0  1  0  0  0  0  1  1  1  0  0  1  0  0  1  0  0  0  0  1  0  0  0  1  1  1  1  0  1  0  0  0  1  1  1  1  0  0  0  0  0  0  0  0  1  0  1  
0  0  0  1  1  0  1  1  0  0  1  1  1  0  0  0  0  0  0  0  1  0  0  1  0  0  0  0  0  0  0  0  1  0  1  0  1  0  0  0  1  1  0  0  1  1  0  0  0  1  
0  0  0  0  0  0  0  0  1  0  0  0  0  0  0  0  0  0  0  1  1  0  0  0  0  1  0  0  0  0  0  0  1  0  1  0  1  1  0  0  0  0  0  1  0  0  0  0  0  1  
0  1  1  0  1  0  0  0  0  0  0  0  0  1  0  0  1  1  0  0  1  0  1  0  0  0  0  1  0  1  0  1  0  0  1  0  0  0  1  0  1  0  0  1  0  1  1  0  0  0  
1  0  1  1  0  0  1  0  0  0  0  0  0  0  1  0  1  0  1  0  0  0  0  0  1  0  0  0  0  0  0  0  0  0  0  0  1  0  0  0  0  0  0  0  1  0  1  1  0  0  
0  0  0  0  1  0  0  0  0  0  0  0  0  1  0  0  0  0  0  0  0  1  0  1  0  0  0  1  0  0  0  0  0  1  0  0  1  0  0  0  0  0  1  0  0  0  0  1  0  1  
1  0  1  0  0  1  1  1  0  0  1  0  0  0  0  0  0  1  1  0  0  0  1  1  0  0  0  0  0  1  1  1  1  1  1  1  0  0  1  1  1  0  0  1  0  1  0  0  0  1  
0  0  0  1  0  1  0  0  0  0  0  0  1  0  0  1  0  1  0  0  1  0  0  0  0  1  0  1  1  0  1  0  0  0  0  0  0  0  1  0  0  0  0  0  0  0  0  0  0  0  
0  0  0  0  0  0  0  0  0  1  0  1  0  1  1  0  1  0  0  0  1  0  0  1  0  1  0  0  1  0  0  1  0  0  0  0  1  1  0  0  0  0  0  1  1  0  0  0  0  1  
1  0  1  1  0  0  0  0  0  0  0  0  0  0  0  0  1  0  1  0  0  0  0  1  0  1  0  0  1  1  0  0  1  0  0  0  0  0  1  0  1  0  0  1  0  0  1  0  0  0  
0  0  0  0  1  0  0  1  0  0  0  0  1  1  0  0  0  1  1  1  0  0  0  1  1  0  0  0  0  1  1  0  0  0  1  0  0  1  0  1  0  1  1  0  1  0  0  1  0  0  
0  1  0  0  0  0  0  1  1  0  1  1  0  1  1  0  1  0  0  0  0  0  0  0  1  0  0  1  0  0  0  1  1  0  1  0  1  0  1  0  0  0  0  0  0  1  1  0  0  0  
1  1  0  0  0  1  0  0  1  0  0  0  1  0  0  0  0  0  0  0  1  0  0  1  1  0  1  1  1  1  1  1  0  0  0  1  0  0  0  1  1  1  0  1  0  0  0  0  1  1  
