2  0  2  2  0  2  0  0  0  2  2  2  2  2  2  0  2  0  2  2  2  0  0  2  0  0  0  2  0  2  2  0  0  2  2  0  2  2  0  0  0  0  2  0  0  0  2  0  0  0  
0  0  0  0  4  3  4  5  6  0  0  0  0  0  0  0  3  4  0  3  0  9  10  0  12  0  0  3  4  0  3  4  0  0  0  1  0  3  0  0  0  4  3  0  0  0  3  0  1  0  
1  0  1  0  0  0  5  6  0  1  0  0  0  0  1  0  0  5  5  4  0  8  0  10  11  12  0  4  0  5  4  0  0  1  1  0  1  0  1  1  1  0  0  0  1  0  0  1  1  0  
1  0  0  0  0  1  0  0  0  1  0  0  1  1  0  1  1  0  6  5  6  7  8  9  10  0  0  5  0  0  0  0  0  0  0  1  1  0  1  0  0  1  1  0  0  1  0  1  1  0  
1  0  0  0  0  1  0  0  1  0  0  0  1  0  1  0  0  8  7  0  0  0  9  10  11  12  0  6  7  8  0  1  1  0  1  0  1  0  0  1  0  0  1  1  0  1  1  1  0  0  
0  1  0  0  1  1  1  1  0  1  0  1  1  1  1  1  0  0  0  0  0  11  10  11  12  13  14  0  8  9  10  0  1  1  0  1  0  0  1  1  0  0  1  0  0  1  1  0  0  0  
0  1  1  1  1  0  0  0  1  0  1  1  1  0  0  0  19  0  15  14  13  12  0  0  13  0  0  0  0  10  0  1  0  1  0  0  0  1  0  1  1  1  0  0  1  1  1  1  0  0  
0  0  1  0  1  0  0  1  1  0  0  0  1  0  1  0  18  17  16  15  0  13  14  0  14  15  0  0  0  0  0  1  0  1  1  0  0  0  1  1  1  0  1  0  1  1  1  0  0  0  
1  1  1  1  0  1  1  1  0  1  1  0  0  1  1  1  0  0  0  0  0  14  15  16  0  16  17  0  0  0  0  0  0  1  0  1  0  0  0  1  1  1  0  0  1  1  0  0  0  1  
1  0  0  1  0  0  1  1  1  0  0  0  1  0  0  0  1  1  1  0  16  15  16  0  18  17  0  25  0  27  28  29  0  1  1  0  1  1  0  0  0  0  0  0  0  0  0  0  1  0  
1  1  0  1  1  0  0  0  0  0  1  0  1  0  1  0  0  1  1  0  0  16  17  0  0  0  23  24  25  26  27  0  1  0  1  0  0  1  1  1  0  1  0  0  0  1  1  1  0  1  
0  1  0  0  0  1  0  0  0  1  1  1  1  1  0  0  0  0  1  1  0  17  18  19  20  21  22  0  0  0  28  29  0  1  1  0  1  0  0  1  1  0  1  1  1  1  1  0  0  1  
0  1  1  1  1  1  1  0  1  0  1  1  0  0  0  1  1  1  1  0  1  0  0  0  21  0  0  0  1  0  0  30  0  1  1  1  1  1  1  0  0  0  0  0  0  0  1  0  1  0  
1  1  1  0  1  1  0  0  1  0  0  1  1  0  1  1  0  0  1  0  0  0  1  1  0  1  1  1  0  0  0  0  1  0  0  0  1  0  1  0  0  1  0  1  0  0  0  1  1  0  
1  1  0  1  0  0  1  0  1  1  0  0  0  1  1  1  0  0  0  1  1  0  1  1  1  0  0  0  1  1  1  1  1  1  1  1  0  0  0  1  0  1  0  1  1  0  0  0  0  0  
0  0  1  1  0  1  0  1  0  0  1  0  1  0  1  0  1  1  0  1  1  0  0  0  0  0  0  0  0  1  0  1  0  0  1  0  0  0  1  0  0  0  0  1  1  1  0  0  0  0  
0  1  0  1  1  1  1  0  0  1  1  1  0  0  0  0  0  0  1  0  0  0  1  0  1  1  1  1  1  1  1  1  0  0  1  0  0  1  0  1  1  0  0  0  1  1  1  0  1  1  
1  0  0  1  1  1  1  0  1  0  0  0  0  1  0  1  1  1  1  0  0  0  1  0  1  0  1  0  0  0  1  0  1  1  0  0  1  0  0  1  0  0  0  1  0  0  0  1  1  0  
0  1  0  0  0  1  1  0  1  0  0  1  0  1  0  1  0  1  0  0  1  1  1  0  0  1  1  1  1  0  0  0  0  1  0  0  1  1  0  1  0  1  1  0  1  1  1  0  0  0  
0  0  0  0  1  1  0  1  1  1  1  1  0  1  1  1  0  1  0  0  0  0  0  1  1  1  1  1  0  1  1  1  1  0  1  1  0  0  1  1  1  1  0  1  0  1  0  0  0  1  
0  1  1  0  0  1  1  0  0  1  1  1  0  1  1  1  0  0  1  0  1  0  1  0  0  1  1  1  0  0  1  1  1  1  1  1  1  0  1  0  1  1  1  1  1  1  0  0  1  0  
0  1  0  1  0  0  1  1  1  0  0  1  0  1  0  1  1  1  0  1  1  0  0  1  0  0  0  0  0  1  1  0  1  1  1  1  1  0  0  0  0  0  0  1  1  1  1  1  1  0  
0  0  1  1  1  1  0  0  0  0  0  0  1  1  0  1  1  1  1  1  0  0  1  0  0  1  0  0  0  1  0  1  0  1  1  1  1  0  0  1  0  1  0  0  1  1  0  0  1  1  
0  1  1  1  1  1  1  0  1  1  0  1  1  1  1  0  0  0  1  0  0  0  1  1  1  1  1  0  0  0  0  0  0  1  0  0  1  0  0  0  0  0  1  1  1  0  1  1  0  1  
0  1  0  1  1  0  0  1  1  1  1  1  1  0  1  0  1  0  1  1  0  0  1  0  1  0  0  1  1  1  0  1  1  0  1  1  0  0  0  0  1  1  1  1  0  0  1  1  0  0  
1  0  1  1  0  1  1  0  0  0  1  0  0  0  1  1  1  1  0  0  1  0  1  0  0  0  0  0  0  0  1  0  1  1  0  1  0  1  1  0  1  0  1  0  1  0  1  0  0  0  
0  1  1  0  0  1  1  0  0  0  0  0  0  1  1  0  1  1  0  1  1  1  0  1  1  0  1  1  1  0  0  1  0  1  0  0  0  1  0  0  0  0  1  1  0  1  0  0  0  1  
1  0  0  0  0  1  1  0  0  0  0  1  1  1  1  1  0  0  0  0  0  0  1  0  1  0  1  1  1  0  0  0  1  1  0  1  1  0  1  0  1  0  1  1  1  0  1  1  1  0  
0  1  1  1  0  1  1  1  0  1  1  0  1  1  1  0  1  0  0  0  0  0  1  1  1  1  1  0  1  1  0  0  0  0  0  0  0  0  0  1  1  0  1  1  1  0  0  0  0  1  
0  0  0  1  0  0  0  0  0  1  0  0  1  1  0  1  0  0  0  1  0  1  1  1  1  0  0  0  1  0  1  0  0  1  1  1  0  0  0  0  1  1  0  0  0  0  1  1  0  0  
1  0  0  0  1  1  0  1  0  1  0  1  1  0  0  1  0  1  0  0  0  0  0  0  1  1  0  1  0  0  0  1  0  1  0  1  0  1  0  0  1  0  0  0  0  1  0  0  1  0  
0  1  0  0  1  0  0  0  0  1  0  0  1  0  0  0  1  0  0  0  0  1  1  0  1  1  1  1  1  1  0  1  0  0  1  0  1  1  0  1  0  1  0  1  1  0  1  0  0  1  
1  0  1  0  1  1  0  1  0  0  1  1  0  0  1  0  1  0  0  0  0  0  1  1  0  1  1  1  1  0  0  0  1  0  0  0  0  0  0  0  1  0  0  1  1  0  0  0  1  0  
0  1  0  0  1  1  0  0  0  1  0  1  0  0  1  1  0  0  0  0  1  0  1  1  1  0  0  1  0  1  1  0  0  1  0  0  0  1  1  0  0  0  0  0  0  1  0  1  1  0  
1  0  0  0  1  1  0  0  0  0  0  0  1  0  1  1  0  1  1  0  1  0  1  0  1  1  0  0  1  0  0  0  1  1  0  1  1  0  0  1  0  0  0  0  0  0  1  0  1  0  
1  1  1  0  1  1  0  0  0  1  1  0  1  1  0  0  0  0  0  1  0  1  1  0  1  0  1  1  0  0  1  1  0  0  1  1  1  0  0  1  0  0  0  1  1  0  0  1  0  1  
1  0  0  1  0  1  1  1  1  0  1  0  1  1  0  0  1  1  0  0  1  0  1  1  0  1  1  0  0  0  1  0  1  1  1  0  0  1  1  1  0  0  0  0  0  0  1  0  0  1  
0  0  1  1  0  0  0  1  0  1  1  0  0  1  1  1  0  1  1  1  1  1  1  1  1  0  0  1  1  0  0  0  0  0  1  0  1  0  1  1  1  1  0  1  0  1  1  0  0  1  
0  1  0  1  0  1  1  1  0  0  1  1  1  0  0  0  0  0  0  1  0  0  1  0  0  1  1  0  0  0  1  0  1  1  0  0  1  1  1  0  1  1  1  1  1  1  1  1  0  0  
0  1  0  1  1  0  1  1  1  0  0  1  1  0  0  0  0  0  1  0  1  0  1  1  1  1  0  1  0  1  1  0  0  1  1  1  1  1  0  1  1  1  0  0  0  1  1  0  0  1  
0  0  0  1  0  1  1  0  0  1  0  0  1  0  1  0  0  1  0  1  1  0  1  1  1  0  0  0  1  0  0  1  0  1  1  0  1  0  0  0  0  1  1  0  0  1  0  1  1  1  
1  0  1  0  0  0  0  0  0  1  0  0  0  0  1  0  0  0  0  1  0  0  1  1  0  1  0  1  1  1  0  0  0  1  1  1  0  1  0  0  1  1  0  0  0  0  1  0  1  1  
0  0  0  1  0  1  1  0  0  1  1  0  0  0  1  1  0  0  0  1  0  1  1  0  1  0  0  1  1  0  0  1  0  1  1  1  0  1  0  0  1  1  0  1  0  0  1  0  1  1  
1  1  1  0  1  1  1  0  1  0  0  1  0  1  0  0  0  1  1  0  0  0  0  0  0  1  0  0  1  0  1  0  1  1  0  0  1  0  1  1  1  0  1  0  1  0  0  1  1  0  
1  0  1  1  1  0  1  0  1  0  0  1  1  0  1  0  1  1  1  1  0  1  0  0  0  1  0  1  1  0  1  1  1  1  1  1  0  1  1  1  1  1  0  1  0  0  0  1  0  1  
1  0  0  0  1  1  0  1  1  0  1  1  0  1  0  1  1  0  1  0  0  0  0  0  0  1  0  1  1  1  0  0  1  1  0  1  0  1  0  0  0  1  0  1  1  1  0  0  0  0  
0  0  0  1  0  1  1  0  1  0  1  0  0  0  0  0  1  0  0  0  1  0  1  0  0  0  1  0  1  0  0  0  1  0  0  0  1  1  1  0  1  0  1  0  0  0  1  1  1  0  
0  1  0  1  1  1  0  0  1  0  0  0  1  0  0  1  0  0  0  0  0  1  0  1  0  0  1  1  1  0  0  0  1  1  1  0  0  1  1  0  0  0  1  0  1  0  1  1  0  1  
1  0  1  1  1  0  0  1  0  1  1  1  1  1  0  1  1  0  1  1  1  1  0  0  1  0  0  0  1  1  1  0  1  1  1  0  0  1  1  0  0  1  0  1  1  0  1  1  0  0  
1  1  0  1  1  0  0  0  1  1  1  0  1  1  0  1  1  1  1  1  1  0  0  1  1  0  1  0  0  0  1  0  1  1  0  0  0  1  1  0  1  1  1  0  0  0  0  1  1  0  
