2  2  2  0  2  2  0  2  2  0  2  2  2  2  2  2  2  2  2  2  2  2  2  2  2  2  0  2  0  0  2  0  0  2  0  0  2  0  2  0  2  2  2  0  2  0  2  0  0  0  
3  3  0  0  0  3  0  0  3  4  3  3  3  3  3  3  3  0  0  3  3  0  3  3  0  3  4  0  0  4  3  4  5  0  0  4  3  4  3  4  3  3  3  4  3  4  3  0  7  8  
4  0  1  1  0  0  0  0  4  5  4  0  0  0  0  0  4  5  0  4  4  5  4  0  0  4  5  6  0  5  0  5  0  7  6  5  0  5  4  5  4  4  0  5  4  5  4  5  6  0  
0  1  1  0  13  12  11  10  0  6  0  16  15  0  17  18  0  6  0  0  5  6  0  0  6  5  6  7  0  6  0  6  7  8  0  6  7  6  5  6  5  5  6  6  0  0  5  6  0  1  
0  1  1  1  0  0  10  9  8  7  0  15  14  15  16  17  0  7  8  0  6  0  10  11  0  6  0  8  0  0  0  0  8  0  0  7  8  0  0  0  6  6  0  7  8  0  0  0  1  0  
1  1  0  1  0  0  11  10  9  8  9  0  13  14  15  16  17  0  9  8  7  8  9  0  15  0  10  9  0  1  0  1  0  0  0  8  9  0  1  0  7  7  0  8  0  12  13  14  0  0  
1  0  0  1  1  0  12  11  10  0  10  11  12  13  14  0  0  0  10  9  8  9  10  0  14  0  11  10  0  1  0  0  1  0  10  9  10  11  0  0  0  8  9  9  10  11  12  13  0  17  
0  1  1  1  0  0  13  0  11  12  0  0  0  14  0  30  29  28  0  0  0  10  11  12  13  14  0  0  0  0  1  0  0  0  0  10  0  0  0  11  10  9  0  0  11  0  13  14  15  16  
1  0  1  1  0  0  0  13  12  0  0  0  16  15  16  0  28  27  28  29  30  0  0  0  0  0  34  35  36  0  0  17  16  0  0  11  12  0  13  12  11  10  11  12  12  0  14  15  16  0  
1  1  1  0  1  0  15  14  0  20  19  18  17  16  17  0  0  26  0  30  0  1  0  30  0  32  33  0  0  24  0  0  15  14  13  12  13  14  0  13  12  11  12  13  0  16  15  0  17  0  
0  1  0  0  1  0  16  0  20  21  0  0  0  17  0  23  0  25  26  0  1  0  0  29  30  31  32  0  24  23  0  17  16  0  14  13  14  0  15  14  13  12  13  0  21  0  0  0  18  0  
0  0  0  1  0  18  17  18  19  20  21  0  19  18  0  22  23  24  25  0  1  0  29  28  0  0  0  0  23  22  0  18  17  0  15  0  0  17  16  15  14  13  0  21  20  21  0  23  0  25  
1  1  1  1  1  0  0  0  20  21  0  21  20  19  20  21  0  0  26  0  0  0  0  27  26  25  24  23  22  21  20  19  18  19  0  20  19  18  17  16  15  14  15  0  19  20  21  22  23  24  
0  0  1  1  1  1  1  0  21  22  23  22  21  20  0  22  0  28  27  28  29  0  0  28  27  26  0  24  23  22  0  0  19  0  0  21  20  19  0  0  16  15  16  17  18  19  20  21  0  25  
1  0  1  1  1  0  1  1  0  0  24  0  22  21  0  23  0  29  0  29  0  31  30  29  28  27  0  0  24  0  22  21  20  0  23  22  21  0  1  0  0  0  17  0  19  20  0  22  0  26  
1  1  1  1  0  0  0  0  27  26  25  24  23  0  1  0  1  0  0  0  33  32  31  0  29  0  37  36  0  1  0  0  21  22  0  0  0  0  1  1  0  0  18  19  20  21  0  0  1  0  
1  1  1  1  1  0  1  0  0  0  26  25  0  29  0  0  1  0  0  0  0  33  32  31  30  31  0  35  0  0  1  0  22  23  24  0  1  0  1  0  21  20  19  20  21  22  0  57  0  1  
1  0  0  1  1  1  0  1  1  0  0  26  27  28  0  0  1  0  1  0  1  0  33  0  0  32  33  34  0  0  1  0  0  24  25  26  0  30  0  0  22  21  20  21  22  23  0  56  55  0  
1  1  1  0  0  0  0  1  0  29  28  27  0  29  30  0  1  1  0  1  1  0  0  0  34  33  0  35  36  0  1  0  0  0  0  27  28  29  30  31  0  22  21  0  23  0  1  0  54  0  
1  1  0  1  0  1  1  1  1  0  29  28  29  30  0  0  0  1  1  1  0  0  45  44  0  0  37  36  0  0  0  0  1  1  0  28  29  30  0  32  33  0  22  0  24  25  0  0  53  0  
0  1  1  1  0  0  0  0  1  1  0  29  0  31  0  1  1  1  1  1  0  0  0  43  0  0  38  37  0  1  1  1  1  1  0  29  0  31  32  33  34  35  0  0  0  0  0  0  52  53  
1  1  0  1  1  1  1  1  0  0  0  0  0  32  33  0  0  0  1  0  45  44  43  42  41  40  39  0  1  1  1  1  1  1  0  30  31  0  33  34  35  0  47  46  0  48  49  50  51  0  
0  1  1  1  1  1  1  1  1  0  1  0  34  33  34  35  36  0  1  1  0  0  44  0  0  0  0  1  0  1  0  0  1  0  0  31  32  0  34  35  36  0  0  45  46  47  0  51  52  0  
1  0  0  0  0  1  1  0  1  1  1  1  0  34  0  0  0  42  0  0  0  46  45  46  47  48  0  0  55  0  61  60  0  0  1  0  0  36  35  36  0  44  43  44  0  48  49  50  0  0  
0  1  1  0  1  0  1  1  0  0  0  0  36  35  36  0  40  41  0  0  48  47  46  47  48  49  0  53  54  0  0  59  0  61  0  41  0  37  0  37  0  0  42  43  44  0  50  0  1  1  
1  0  0  1  1  1  1  0  1  0  1  0  0  0  37  38  39  0  0  1  0  0  47  0  49  50  51  52  0  56  57  58  59  60  0  40  39  38  39  38  39  40  41  0  0  52  51  0  0  1  
1  0  1  0  1  1  1  1  1  1  1  0  40  39  38  39  40  0  1  0  50  49  48  0  50  51  0  53  54  55  56  57  0  61  0  41  0  39  40  39  40  41  42  43  44  0  52  53  0  0  
0  1  0  0  1  1  0  0  1  0  0  0  0  40  0  0  41  0  0  0  0  50  49  0  51  52  53  0  55  0  0  0  1  0  1  0  41  40  0  0  41  0  43  44  45  0  0  0  1  1  
1  1  1  0  1  0  0  1  1  1  0  0  1  0  0  0  0  1  0  1  1  0  0  0  0  53  54  0  56  57  58  59  0  0  0  45  0  41  42  0  0  45  44  0  0  0  0  1  1  0  
0  0  0  0  1  0  0  0  1  1  1  0  1  0  1  1  0  0  0  0  1  1  0  56  55  54  55  56  57  58  0  0  63  64  0  44  43  42  43  44  0  46  45  46  0  1  1  1  1  1  
1  0  1  1  1  0  0  0  1  1  0  1  1  1  0  0  1  0  1  1  1  0  1  0  56  55  56  0  0  59  60  61  62  63  64  0  44  0  0  45  46  0  46  0  50  0  0  1  0  1  
0  0  1  1  0  0  0  1  1  1  1  0  1  0  1  1  1  0  1  0  0  1  0  0  57  0  57  0  61  0  61  62  63  64  0  0  45  0  1  0  0  48  47  48  49  50  0  94  93  94  
0  1  1  0  0  1  0  0  1  0  1  0  0  1  0  1  0  1  1  0  0  0  60  59  58  0  58  59  60  61  0  63  64  0  0  0  0  0  1  0  0  49  48  0  0  51  52  0  92  0  
1  0  1  1  1  1  0  1  1  1  1  0  1  0  0  0  1  1  1  1  0  0  61  60  0  60  59  60  61  0  65  64  65  0  0  70  71  72  0  1  1  0  49  0  1  0  0  90  91  0  
1  1  0  1  1  1  0  1  1  1  0  1  0  0  0  0  0  0  0  0  64  63  62  61  0  61  0  0  0  0  0  65  66  67  68  69  70  0  0  0  0  0  0  85  0  89  88  89  0  1  
0  1  1  1  0  0  1  0  1  1  1  0  0  1  1  1  0  1  1  0  65  64  63  62  63  62  63  0  0  80  0  66  67  0  69  70  71  72  0  80  81  0  83  84  0  0  87  88  89  0  
1  0  0  1  0  0  1  1  1  1  1  0  0  1  0  1  0  1  1  1  0  65  0  63  64  0  0  81  80  79  0  67  0  0  70  71  0  73  0  79  80  81  82  83  84  85  86  87  0  91  
1  0  0  1  1  1  1  0  0  1  1  1  1  1  0  1  1  1  0  1  1  0  0  0  65  66  0  80  79  78  77  0  73  72  71  0  75  0  77  78  79  80  0  0  85  86  87  88  89  90  
1  0  1  0  0  1  1  0  0  1  0  0  1  0  1  0  0  0  0  1  1  0  68  67  66  0  80  79  78  77  76  75  74  73  72  73  74  75  76  0  0  81  82  83  0  87  88  0  90  0  
0  1  0  0  0  1  1  1  0  0  0  1  1  1  1  0  1  0  0  0  0  1  0  68  67  68  0  0  0  78  77  76  0  0  0  74  75  76  77  0  83  82  83  84  85  86  0  0  91  92  
0  1  0  0  0  0  0  0  1  0  0  0  1  0  1  0  1  1  1  0  1  1  1  0  68  69  70  0  0  79  78  77  78  79  0  0  0  77  0  1  0  83  0  85  86  87  0  91  0  0  
1  1  1  0  0  1  1  1  1  1  1  1  1  1  1  0  1  0  1  1  1  1  1  1  0  0  71  0  0  0  0  0  79  80  81  80  79  78  0  0  0  0  87  86  87  88  89  90  0  1  
0  1  0  1  1  1  1  0  1  0  1  0  0  1  1  1  1  1  0  1  1  1  1  1  1  1  0  0  0  0  0  0  80  81  0  81  0  79  0  0  90  89  88  87  0  0  0  91  92  0  
1  1  1  1  1  1  0  0  0  1  1  1  1  1  0  0  1  1  0  1  0  1  1  1  0  1  0  0  1  0  83  82  81  82  83  0  0  0  91  0  0  0  0  88  89  90  91  92  93  0  
1  0  0  1  1  1  0  1  1  1  1  1  1  1  1  1  1  1  1  1  1  0  0  1  0  1  1  0  1  0  84  83  82  83  0  0  88  89  90  91  92  0  90  89  90  91  92  93  0  0  
0  0  1  1  1  1  1  1  0  0  0  1  1  1  0  1  1  0  1  1  1  0  1  1  0  1  1  0  0  0  85  84  0  84  85  86  87  0  91  0  93  94  0  90  0  0  93  94  0  0  
1  1  0  0  0  0  1  1  1  0  1  0  1  0  1  0  1  0  1  1  0  1  1  0  1  1  0  0  1  1  0  85  86  0  86  0  88  89  90  91  92  0  1  0  0  1  0  1  1  1  
1  1  1  0  0  0  1  1  1  1  0  0  1  0  1  1  1  0  1  1  1  1  1  0  1  1  1  0  1  0  1  0  87  0  87  88  0  0  91  92  0  1  1  0  0  0  1  0  0  1  
1  0  0  0  0  1  0  1  1  1  1  0  1  1  1  0  0  1  1  1  1  1  1  1  0  0  1  0  1  0  0  89  88  89  88  0  1  0  92  93  0  1  1  1  1  1  0  1  1  0  
0  1  1  1  1  1  1  0  0  1  0  0  1  1  0  0  0  0  0  1  1  1  1  0  1  1  1  1  1  1  1  0  0  0  0  1  0  1  0  94  1  0  1  0  0  1  1  0  1  0  
